# Rotation matrices: 86 entries, row-major flattening of 3x3 -> 1x9
# https://github.com/Neurophysics-CFIN/GFO
# Col:  1    2    3    4    5    6    7    8    9
#       R11  R12  R13  R21  R22  R23  R31  R32  R33
# where Rij = R(i,j), i = row index, j = column index

   -0.98273024    0.18501088    0.00350072    0.17778969    0.94928031   -0.25934095   -0.05130406   -0.25423980   -0.96577949
   -0.94709287   -0.32011283   -0.02329952   -0.25103715    0.78404261   -0.56767731    0.19998861   -0.53179409   -0.82292138
   -0.96048477   -0.27568162    0.03832308    0.05417201   -0.32021423   -0.94579503    0.27300990   -0.90634568    0.32249511
   -0.84395998   -0.01403055   -0.53622262   -0.01274427   -0.99885120    0.04619367   -0.53625474    0.04581937    0.84281163
   -0.84877135   -0.03591878   -0.52753865   -0.52872427    0.04604647    0.84754373   -0.00615144    0.99829333   -0.05807405
   -0.90552123    0.36375657   -0.21843181   -0.10787564    0.30051598    0.94765658    0.41035855    0.88168662   -0.23288313
   -0.74611454    0.52263933   -0.41250603    0.61951095    0.77194852   -0.14248390    0.24396573   -0.36186131   -0.89974280
   -0.71626152    0.56214843   -0.41347137    0.49373416   -0.01047970   -0.86954974   -0.49314908   -0.82696996   -0.27004568
   -0.76211860    0.63286743   -0.13657985   -0.36503496   -0.59425160   -0.71666904   -0.53471929   -0.49633038    0.68390894
   -0.68420443    0.72233811    0.10045871   -0.63725316   -0.65914333    0.39929748    0.35464447    0.20918348    0.91130103
   -0.65121586    0.64663382    0.39721859    0.21319993   -0.34645192    0.91351894    0.72832938    0.67958500    0.08775270
   -0.64334911    0.56915975    0.51201476    0.76278223    0.41949670    0.49212376    0.06530853    0.70716314   -0.70402777
   -0.83071779    0.22389507    0.50968515   -0.10354672    0.83743590   -0.53663692   -0.54697901   -0.49857006   -0.67248930
   -0.65634187    0.12375378    0.74424482   -0.64993274    0.40822100   -0.64104840   -0.38314852   -0.90445598   -0.18750090
   -0.78965003    0.36479299    0.49333448   -0.45843305   -0.88518953   -0.07923779    0.40778913   -0.28873096    0.86622310
   -0.70681348   -0.17511910    0.68538165    0.25014873   -0.96814936    0.01060293    0.66169503    0.17894165    0.72810684
   -0.88660730    0.26706149    0.37763165    0.42779636    0.16310376    0.88903736    0.17583450    0.94977646   -0.25885692
   -0.38002443    0.01488239    0.92485672    0.12714686    0.99121965    0.03629448   -0.91619600    0.13138542   -0.37857993
   -0.61669142   -0.64736731    0.44789202   -0.74287516    0.66682076   -0.05904722   -0.26043846   -0.36914177   -0.89213573
   -0.67751202   -0.29283485    0.67470380   -0.65482767   -0.17757003   -0.73462208    0.33493012   -0.93953001   -0.07145053
   -0.38967384   -0.65147523    0.65094878    0.44217741   -0.75237036   -0.48828064    0.80785731    0.09756466    0.58124668
   -0.65579203   -0.75300842   -0.05399190    0.70101991   -0.63393629    0.32664333   -0.28019260    0.17636070    0.94360427
   -0.62614808   -0.66440099    0.40805625    0.17855014    0.38725849    0.90451684   -0.75898513    0.63921998   -0.12385226
   -0.25378118   -0.96700741   -0.02217629   -0.85731843    0.21426002    0.46807879   -0.44788417    0.13780173   -0.88340843
   -0.35665885   -0.92596893   -0.12400003   -0.40439666    0.27266864   -0.87299207    0.84217445   -0.26121515   -0.47170842
   -0.36348118   -0.92366529    0.12134193    0.41105902   -0.27590161   -0.86885487    0.83600952   -0.26593370    0.47996599
    0.05727883   -0.80102451   -0.59588494    0.95736882   -0.12519946    0.26032677   -0.28313260   -0.58539288    0.75970462
   -0.53409445   -0.63152730   -0.56206440    0.23408564   -0.74930546    0.61947175   -0.81237124    0.19928522    0.54803136
   -0.20857655   -0.40536774   -0.89004091   -0.97049988   -0.02674667    0.23961343   -0.12093718    0.91376234   -0.38783061
   -0.61706434   -0.19560928   -0.76221297   -0.43208910    0.89375240    0.12043945    0.65767060    0.40366280   -0.63602337
   -0.55540085   -0.37711043   -0.74115964    0.63039282    0.39033423   -0.67100230    0.54234194   -0.83989696    0.02093575
   -0.32501875    0.12809387   -0.93699241    0.93734070   -0.08786913   -0.33715193   -0.12551981   -0.98786182   -0.09150848
   -0.28544250   -0.04721128   -0.95723230   -0.06957588   -0.99512979    0.06982764   -0.95586703    0.08653205    0.28076756
   -0.64123058    0.44784641   -0.62310268   -0.76731573   -0.38170115    0.51529681   -0.00706519    0.80854055    0.58839804
   -0.40471277    0.33881643   -0.84935917   -0.65719492    0.53807979    0.52779256    0.63584779    0.77179892    0.00490068
   -0.17083065    0.61798241   -0.76740773    0.97153133    0.23540122   -0.02670486    0.16414558   -0.75012266   -0.64060301
   -0.23690372    0.93031545   -0.27998175    0.86352749    0.06957621   -0.49947916   -0.44519311   -0.36010041   -0.81983583
    0.02537045    0.94650870   -0.32167937   -0.31990537   -0.29717495   -0.89963749   -0.94710976    0.12573116    0.29525375
    0.20638478    0.94931097   -0.23709494   -0.97644403    0.18423093   -0.11232102   -0.06294736    0.25469129    0.96497149
   -0.21625157    0.97442394    0.06110023   -0.36103896   -0.13795575    0.92229013    0.90713071    0.17738712    0.38163815
   -0.06194427    0.99547567    0.07204921    0.84636263    0.01413084    0.53241959    0.52899263    0.09396010   -0.84340873
    0.12474628    0.86993008    0.47713732    0.66319420    0.28457520   -0.69223580   -0.73797819    0.40278855   -0.54143289
   -0.08840553    0.83258101    0.54680282   -0.15816809    0.53025370   -0.83295490   -0.98344665   -0.16012458    0.08481039
   -0.13633896    0.75764307    0.63827006   -0.94909236   -0.28457295    0.13506268    0.28396369   -0.58736293    0.75787163
    0.14166099    0.57902431    0.80290910   -0.29189078   -0.75059431    0.59279673    0.94590271   -0.31833793    0.06268192
    0.06640996    0.18875729    0.97977569    0.80383918   -0.59185951    0.05953900    0.59112798    0.78362811   -0.19103587
    0.04494632    0.16077327    0.98596744    0.69316834    0.70569501   -0.14667042   -0.71937298    0.69003370   -0.07972455
    0.07921774   -0.28566838    0.95504876   -0.32369784    0.89877156    0.29568461   -0.94283840   -0.33257069   -0.02127158
   -0.13259279   -0.16191260    0.97785657   -0.94049087   -0.29087817   -0.17568952    0.31288348   -0.94296034   -0.11370897
   -0.06378246   -0.71144152    0.69984481    0.02084700   -0.70206955   -0.71180317    0.99774606   -0.03081089    0.05961115
   -0.07047852   -0.60873234    0.79023902    0.93378866   -0.31887394   -0.16235195    0.35081552    0.72647391    0.59090112
    0.40687953   -0.57914607    0.70642684    0.32588760    0.81447629    0.48002671   -0.85337350    0.03490270    0.52013025
    0.15687448   -0.79928989    0.58010867   -0.59585004    0.39183853    0.70101733   -0.78762499   -0.45562950   -0.41478745
    0.31851308   -0.86037435    0.39787610   -0.82484827   -0.45839046   -0.33091315    0.46709179   -0.22278724   -0.85568166
    0.47709536   -0.85959991    0.18294263    0.04590655   -0.18350182   -0.98194688    0.87765176    0.47688057   -0.04808659
    0.27155421   -0.95532861   -0.11664287    0.95974862    0.27783249   -0.04113027    0.07170010   -0.10077874    0.99232189
    0.39047624   -0.91132338   -0.13045306    0.48611848    0.08376904    0.86986871   -0.78180376   -0.40307870    0.47572096
    0.33616340   -0.55543075   -0.76058586   -0.65925362   -0.71551335    0.23113915   -0.67259113    0.42371846   -0.60669913
    0.27653503   -0.63165559   -0.72425106   -0.66821462    0.41524903   -0.61729853    0.69066461    0.65465981   -0.30725059
    0.44360022   -0.66729893   -0.59827334    0.24618363    0.73259689   -0.63458286    0.86174965    0.13421599    0.48925822
    0.40962613   -0.27371654   -0.87022163    0.90893531    0.04117101    0.41489944   -0.07773694   -0.96092882    0.26565535
    0.12881859   -0.30919172   -0.94223471    0.32038502   -0.88622105    0.33461276   -0.93848772   -0.34498223   -0.01510135
    0.58558532    0.01260981   -0.81051269   -0.57383630   -0.69977257   -0.42547651   -0.57253973    0.71425440   -0.40254057
    0.43022880    0.17893050   -0.88480905   -0.69498521    0.69118023   -0.19815511    0.57610653    0.70018124    0.42171969
    0.21817056    0.44448818   -0.86881060    0.53409273    0.69072009    0.48749431    0.81679040   -0.57038234   -0.08670312
    0.58863924    0.50497273   -0.63127362    0.80642206   -0.31226603    0.50216868    0.05645619   -0.80466917   -0.59103319
    0.77011442    0.37993321   -0.51242028    0.02831312   -0.82285169   -0.56755041   -0.63727714    0.42257053   -0.64444704
    0.27821299    0.78849636   -0.54851711   -0.76526335   -0.16316254   -0.62269575   -0.58049078    0.59300209    0.55801343
    0.76767396    0.63584515   -0.07986011   -0.51799461    0.68904807    0.50684745    0.37730395   -0.34772648    0.85832862
    0.78586190    0.59172369   -0.17967789    0.42676744   -0.30866422    0.85005644    0.44753840   -0.74470765   -0.49509585
    0.52037583    0.74403124    0.41907816    0.84474413   -0.52033756   -0.12512469    0.12496543    0.41912568   -0.89928711
    0.49936383    0.82871277    0.25272696    0.16596354    0.19480198   -0.96669969   -0.85034809    0.52467832   -0.04025904
    0.94905609    0.28132374   -0.14194891   -0.28298070    0.95908525    0.00879823    0.13861626    0.03181879    0.98983488
    0.88276899    0.43177108    0.18518275   -0.09702895   -0.21811244    0.97108823    0.45967847   -0.87521466   -0.15064860
    0.34355420    0.73072094    0.58993002    0.67140389   -0.63032429    0.38975391    0.65664856    0.26217971   -0.70715943
    0.63949517    0.64245609    0.42225123    0.68188999   -0.22033096   -0.69748141   -0.35506616    0.73396487   -0.57898496
    0.67565914    0.14616944    0.72257817    0.32833304    0.81790734   -0.47246692   -0.66006222    0.55647289    0.50463432
    0.65076037    0.27322119    0.70842157   -0.71334073    0.53962353    0.44715930   -0.26010756   -0.79633952    0.54606541
    0.37235839   -0.33860815    0.86411443   -0.64375716   -0.76490402   -0.02232848    0.66852521   -0.54796565   -0.50279985
    0.68366876   -0.36781819    0.63032278    0.12371609   -0.79278793   -0.59680954    0.71922970    0.48600111   -0.49649931
    0.93854374   -0.08475711    0.33459210    0.31826898    0.58763817   -0.74389935   -0.13356833    0.80467236    0.57849969
    0.95895821    0.12056914    0.25663637   -0.23998444    0.82717356    0.50812535   -0.15101858   -0.54885971    0.82215960
    0.78834174   -0.61052426   -0.07600943   -0.31235303   -0.50360934    0.80548942   -0.53004989   -0.61125916   -0.58771537
    0.81562024   -0.57703393    0.04237300   -0.54367406   -0.78940050   -0.28507082    0.19794480    0.20947243   -0.95756940
    0.96732876   -0.09377990   -0.23554278   -0.18856120    0.35490722   -0.91568856    0.16946901    0.93018611    0.32562871
    0.96362652   -0.09551336   -0.24960195    0.23911772    0.72525450    0.64562266    0.11935935   -0.68182337    0.72171341
