# Rotation matrices: 19 entries, row-major flattening of 3x3 -> 1x9
# https://github.com/Neurophysics-CFIN/GFO
# Col:  1    2    3    4    5    6    7    8    9
#       R11  R12  R13  R21  R22  R23  R31  R32  R33
# where Rij = R(i,j), i = row index, j = column index

   -0.73878249   -0.35905222    0.57033493   -0.37963521    0.92094004    0.08801446   -0.55684606   -0.15149567   -0.81668325
   -0.97223210   -0.23220664   -0.02906574   -0.16694541    0.77524313   -0.60920220    0.16399381   -0.58743355   -0.79248209
   -0.95086614    0.11307550   -0.28821435    0.17008936   -0.58705903   -0.79147413   -0.25869517   -0.80160815    0.53898162
   -0.49308527    0.20566880   -0.84532081   -0.66873961   -0.71110329    0.21707012   -0.55646586    0.67233359    0.48817343
   -0.23628176    0.61840536   -0.74949699   -0.80458665    0.30795731    0.50774267    0.54480387    0.72300560    0.42479600
    0.25312020    0.50900956   -0.82270252    0.19663594    0.80557550    0.55891181    0.94724045   -0.30324476    0.10381786
    0.36907353    0.92747021   -0.05986433    0.92329776   -0.35851967    0.13778566    0.10632956   -0.10612564   -0.98865129
    0.17826271    0.96664476   -0.18390301    0.48501969   -0.24893454   -0.83832422   -0.85614152    0.06024536   -0.51321749
    0.28144707    0.92677099   -0.24876310   -0.50148578   -0.07896379   -0.86155484   -0.81810731    0.36723324    0.44253834
   -0.24251495    0.92078328    0.30552357   -0.83341064   -0.35893758    0.42022676    0.49660166   -0.15271532    0.85443831
    0.05265412    0.80742030    0.58762233    0.53683521   -0.51906505    0.66511610    0.84204246    0.28043525   -0.46078256
   -0.49432603    0.77276935    0.39808205    0.80321849    0.23094506    0.54909420    0.33238809    0.59117841   -0.73486478
   -0.19159325    0.57412955    0.79603221    0.21807394    0.81568591   -0.53581738   -0.95694085    0.07093489   -0.28148260
   -0.47670645    0.25364726    0.84167335   -0.69525939    0.47711522   -0.53756437   -0.53792690   -0.84144170   -0.05109327
   -0.08013819    0.10499404    0.99123868   -0.95980013   -0.27649577   -0.04830950    0.26900109   -0.95526245    0.12293116
    0.58204111    0.07128679    0.81002861    0.21548657   -0.97405788   -0.06911432    0.78408781    0.21477766   -0.58230307
    0.82017852   -0.05413239    0.56954094    0.57208779    0.06930016   -0.81725948    0.00477093    0.99612608    0.08780698
    0.93011993   -0.35818410    0.08112378    0.34303132    0.92620435    0.15644492   -0.13117328   -0.11768454    0.98434949
    0.89832437    0.25234641   -0.35963121    0.35234951    0.07512398    0.93284844    0.26241788   -0.96471637   -0.02142843
