# Rotation matrices: 42 entries, row-major flattening of 3x3 -> 1x9
# https://github.com/Neurophysics-CFIN/GFO
# Col:  1    2    3    4    5    6    7    8    9
#       R11  R12  R13  R21  R22  R23  R31  R32  R33
# where Rij = R(i,j), i = row index, j = column index

   -0.98293078   -0.11664418    0.14227163   -0.10547239    0.99089250    0.08371159   -0.15074036    0.06727697   -0.98628148
   -0.98292917   -0.11664861    0.14227911   -0.15074709    0.06726616   -0.98628119    0.10547776   -0.99089271   -0.08370231
   -0.42338868   -0.09862182   -0.90056414    0.74692965   -0.60053852   -0.28539373   -0.51267741   -0.79349053    0.32792477
   -0.83421136    0.29546387   -0.46560983   -0.11979895   -0.92128199   -0.36998338   -0.53827467   -0.25286477    0.80394017
   -0.83420138    0.29546349   -0.46562794   -0.53829118   -0.25285858    0.80393106    0.11979426    0.92128381    0.36998037
   -0.82159745    0.34247560   -0.45572810   -0.24931381    0.50305729    0.82751192    0.51265998    0.79350099   -0.32792669
   -0.82159933    0.34248642   -0.45571658    0.51266638    0.79349313   -0.32793570    0.24929445   -0.50306232   -0.82751470
   -0.39501628    0.81832862   -0.41749301    0.59207204   -0.12070677   -0.79679394   -0.70243352   -0.56193251   -0.43682835
   -0.39499927    0.81833331   -0.41749990   -0.70243430   -0.56192381   -0.43683828   -0.59208245    0.12071545    0.79678489
   -0.74693878    0.60053501    0.28537721   -0.51267786   -0.79349222    0.32791997    0.42337202    0.09862957    0.90057112
   -0.74693784    0.60052916    0.28539201    0.42338175    0.09862153    0.90056743    0.51267120    0.79349765   -0.32791724
   -0.70123670    0.65150695    0.28949229    0.70242769    0.56194677    0.43681939    0.12191161    0.50966119   -0.85169421
   -0.24931498    0.50305563    0.82751259    0.51266783    0.79349858   -0.32792027   -0.82159220    0.34248365   -0.45573151
   -0.24931486    0.50306485    0.82750702   -0.82158931    0.34248313   -0.45573710   -0.51267251   -0.79349295    0.32792657
    0.42338626    0.09862117    0.90056535   -0.51267474   -0.79349362    0.32792147    0.74693285   -0.60053455   -0.28539371
   -0.59207248    0.12070250    0.79679425    0.39501540   -0.81833137    0.41748844    0.70243363    0.56192942    0.43683214
    0.15074177   -0.06727954    0.98628109    0.98292992    0.11665068   -0.14227221   -0.10547835    0.99089156    0.08371521
    0.15073903   -0.06730011    0.98628010   -0.10547910    0.99088975    0.08373565   -0.98293026   -0.11665417    0.14226700
   -0.12192530   -0.50966758    0.85168843   -0.70123288    0.65151156    0.28949118   -0.70242912   -0.56193563   -0.43683141
   -0.12191979   -0.50966192    0.85169260   -0.70242041   -0.56194925   -0.43682789    0.70124256   -0.65150424   -0.28948420
    0.18178700   -0.73502369    0.65321792   -0.02836329   -0.66792928   -0.74368407    0.98292879    0.11666468   -0.14226855
    0.18178334   -0.73502179    0.65322108    0.98292942    0.11666039   -0.14226772    0.02836485    0.66793212    0.74368146
    0.10547942   -0.99089094   -0.08372119    0.15075530   -0.06728374    0.98627873   -0.98292773   -0.11665352    0.14228502
    0.10546039   -0.99089277   -0.08372347   -0.98293004   -0.11663494    0.14228435   -0.15075361    0.06728896   -0.98627863
   -0.51265364   -0.79350567    0.32792528   -0.82159594    0.34246128   -0.45574158    0.24933182   -0.50305966   -0.82750506
   -0.11980440   -0.92128621   -0.36997113    0.53828041    0.25284939   -0.80394116    0.83420687   -0.29546390    0.46561785
   -0.11980403   -0.92128316   -0.36997883    0.83419988   -0.29547079    0.46562600   -0.53829133   -0.25285242    0.80393289
   -0.02836770   -0.66792941   -0.74368379    0.18179044   -0.73502363    0.65321703   -0.98292803   -0.11666434    0.14227411
   -0.02837286   -0.66793087   -0.74368228   -0.98292770   -0.11666138    0.14227879   -0.18179140    0.73502277   -0.65321774
    0.70123019   -0.65151322   -0.28949396    0.12191659    0.50966205   -0.85169298    0.70243332    0.56193872    0.43682068
    0.59207460   -0.12070627   -0.79679211    0.70242991    0.56193679    0.43682864    0.39501885   -0.81832575    0.41749619
    0.98292909    0.11665785   -0.14227207    0.18178432   -0.73502281    0.65321967   -0.02837002   -0.66793145   -0.74368187
    0.53828326    0.25286718   -0.80393365   -0.11979380   -0.92128131   -0.36998675   -0.83420655    0.29546394   -0.46561839
    0.53828745    0.25285364   -0.80393511   -0.83420325    0.29546284   -0.46562501    0.11979797    0.92128538    0.36997526
    0.51267160    0.79349572   -0.32792127   -0.24933117    0.50306560    0.82750164    0.82158493   -0.34247560    0.45575066
    0.51267463    0.79349089   -0.32792824    0.42337691    0.09863642    0.90056807    0.74693823   -0.60053564   -0.28537733
    0.51269501    0.79347457   -0.32793587    0.74692263   -0.60055762   -0.28537192   -0.42337974   -0.09863396   -0.90056701
    0.70243796    0.56192349    0.43683281    0.34568793    0.26714469   -0.89951852   -0.62215816    0.78286378   -0.00659760
    0.70243736    0.56192838    0.43682747   -0.62216505    0.78285837   -0.00658923   -0.34567672   -0.26715026    0.89952117
    0.70242702    0.56193956    0.43682973   -0.68815047    0.37943311    0.61844922    0.18178342   -0.73502003    0.65322304
    0.70243216    0.56193837    0.43682299    0.18179498   -0.73502394    0.65321542    0.68814217   -0.37942729   -0.61846204
    0.98293000    0.11665119   -0.14227128   -0.02837314   -0.66793450   -0.74367900   -0.18177894    0.73502109   -0.65322310
