# Rotation matrices: 29 entries, row-major flattening of 3x3 -> 1x9
# https://github.com/Neurophysics-CFIN/GFO
# Col:  1    2    3    4    5    6    7    8    9
#       R11  R12  R13  R21  R22  R23  R31  R32  R33
# where Rij = R(i,j), i = row index, j = column index

   -0.88152768   -0.46536476   -0.07965296   -0.47210525    0.87064932    0.13815349    0.00505803    0.15939071   -0.98720262
   -0.72323444   -0.68406587   -0.09479361   -0.00718108    0.14470396   -0.98944894    0.69056525   -0.71492283   -0.10956722
   -0.84165122   -0.37141068   -0.39201701    0.51313340   -0.32383200   -0.79487543    0.16827756   -0.87016489    0.46313682
   -0.85922914    0.11073114   -0.49946361   -0.28122349   -0.91778882    0.28031596   -0.42736241    0.38131654    0.81973109
   -0.77506542    0.29236360   -0.56017597   -0.63175944   -0.37593197    0.67790498   -0.01239331    0.87931716    0.47607534
   -0.68091904    0.32534289   -0.65612595   -0.02552761    0.88481964    0.46523387    0.73191365    0.33353593   -0.59418531
   -0.70549791   -0.10118181    0.70145202    0.54725553    0.55111436    0.62990821   -0.45031553    0.82827242   -0.33343773
   -0.55931835    0.82587084   -0.07141663    0.51236082    0.27669329   -0.81297430   -0.65165126   -0.49130253   -0.57790350
    0.35720419    0.93261002   -0.05141715   -0.73655548    0.24740605   -0.62950478   -0.57436155    0.26273332    0.77529350
    0.25750618    0.92483704    0.27994109   -0.81208564    0.05013283    0.58138078    0.52364824   -0.37704528    0.76395640
    0.52232777    0.60455289    0.60140628    0.28287571   -0.78816379    0.54660696    0.80445947   -0.11538477   -0.58269316
   -0.08342277    0.83095836    0.55004441    0.97161412   -0.05479398    0.23013825    0.22137442    0.55362969   -0.80279981
   -0.03482193    0.85612804    0.51558920    0.22446266    0.50942126   -0.83072648   -0.97386033    0.08680302   -0.20990781
    0.43649638    0.27491875    0.85667414   -0.71081700    0.68909147    0.14103949   -0.55155244   -0.67050177    0.49620286
    0.11914616    0.34242357    0.93196046   -0.86151366   -0.43094469    0.26847884    0.49355689   -0.83488489    0.24365718
   -0.39710156    0.10500049    0.91174846    0.47239239   -0.82834754    0.30114079    0.78686452    0.55028651    0.27933667
    0.06038039   -0.32131069    0.94504690    0.97905268   -0.16537098   -0.11877829    0.19444807    0.93242259    0.30459493
   -0.00917239   -0.13256493    0.99113188    0.18985481    0.97291389    0.13188526   -0.98176933    0.18938086    0.01624414
   -0.29046075   -0.84767265    0.44394102   -0.89749582    0.40224171    0.18083931   -0.33186414   -0.34590849   -0.87761809
   -0.10542218   -0.56313130    0.81961534   -0.73925324   -0.50689300   -0.44335554    0.66512466   -0.65264280   -0.36285887
    0.10261417   -0.80532250    0.58388869    0.34367570   -0.52213723   -0.78055092    0.93346524    0.28076393    0.22319110
   -0.51710353    0.24795586    0.81922025    0.81421211   -0.15264036    0.56014244    0.26393668    0.95667069   -0.12295780
    0.31697720   -0.94319448    0.09954708    0.33538556    0.20964852    0.91845742   -0.88715387   -0.25774341    0.38278761
    0.42940826   -0.84321603    0.32341192   -0.88109518   -0.46974479   -0.05487362    0.19819138   -0.26139350   -0.94466588
    0.91349683   -0.37718127   -0.15250517   -0.14438423    0.04989816   -0.98826280    0.38036395    0.92479428   -0.00887722
    0.78863517   -0.43007133   -0.43942373    0.36790974    0.90268102   -0.22318019    0.49264287    0.01433948    0.87011343
    0.90454600   -0.41168085   -0.11097481    0.39435464    0.70881932    0.58485861   -0.16211400   -0.57279495    0.80350793
    0.93037475    0.23726568   -0.27947777    0.36552893   -0.54185380    0.75682433    0.02813235   -0.80628745   -0.59085456
    0.67898800    0.41677660   -0.60437783    0.10836300   -0.87111375   -0.47897629   -0.72610795    0.25972696   -0.63663895
