# Rotation matrices: 60 entries, row-major flattening of 3x3 -> 1x9
# https://github.com/Neurophysics-CFIN/GFO
# Col:  1    2    3    4    5    6    7    8    9
#       R11  R12  R13  R21  R22  R23  R31  R32  R33
# where Rij = R(i,j), i = row index, j = column index

   -0.92699712   -0.29511165   -0.23148530   -0.36524100    0.85062504    0.37820109    0.08529564    0.43513924   -0.89631384
   -0.86943342   -0.44931809   -0.20542343    0.03483926    0.35900032   -0.93268698    0.49282021   -0.81806602   -0.29647297
   -0.93246826    0.02504610   -0.36038263    0.35292500   -0.14979608   -0.92358274   -0.07711605   -0.98839963    0.13084070
   -0.89194480    0.21033211   -0.40024353   -0.27188148   -0.95679364    0.10308434   -0.36126851    0.20076435    0.91059252
   -0.96628807    0.23931272   -0.09495682   -0.21166523   -0.52842520    0.82217069    0.14657833    0.81455278    0.56126514
   -0.90046856    0.40984017   -0.14555893    0.21022551    0.70313887    0.67926502    0.38073823    0.58105660   -0.71931330
   -0.65885180    0.63763593   -0.39916754    0.72969693    0.41267519   -0.54519866   -0.18291171   -0.65047645   -0.73717277
   -0.55421465    0.79374038    0.25064382    0.43731006    0.53387059   -0.72370029   -0.70824151   -0.29147624   -0.64298956
   -0.50962984    0.83042407    0.22510727   -0.60445125   -0.15936603   -0.78053902   -0.61230394   -0.53385235    0.58316855
   -0.35281188    0.89638837    0.26834990   -0.83199089   -0.43176132    0.34838675    0.42815293   -0.10034969    0.89811748
   -0.47800887    0.73816489    0.47604634    0.18412498   -0.44572357    0.87602996    0.85883963    0.50640211    0.07714522
   -0.45028864    0.71433234    0.53569529    0.89158257    0.39208864    0.22659880   -0.04817319    0.57965145   -0.81343933
   -0.61401995    0.32037199    0.72134686    0.28197933    0.94264423   -0.17863233   -0.73720225    0.09372109   -0.66914065
   -0.58791437    0.26211005    0.76528100   -0.66982024    0.37268140   -0.64222225   -0.45353890   -0.89017240   -0.04353813
   -0.43512402    0.22591788    0.87156652   -0.76022586   -0.61084046   -0.22120257    0.48241448   -0.75883795    0.43753998
   -0.37993185    0.22918305    0.89617349    0.32474271   -0.87410876    0.36121467    0.86613738    0.42826277    0.25767624
   -0.69064092   -0.08505694    0.71817855    0.71160055    0.09720460    0.69582751   -0.12899521    0.99162321   -0.00660691
   -0.58154608   -0.52101793    0.62477554   -0.03198783    0.78204772    0.62239710   -0.81288433    0.34196738   -0.47146301
   -0.53867561   -0.46409327    0.70316857   -0.74083569    0.65838845   -0.13299295   -0.40123693   -0.59257243   -0.69847465
   -0.69096856   -0.53229599    0.48910472   -0.33319848   -0.36592292   -0.86895293    0.64151478   -0.76338810    0.07548102
   -0.70484907   -0.59630530    0.38419758    0.51600771   -0.80265905   -0.29912289    0.48674823   -0.01258758    0.87345161
   -0.46060400   -0.71666382    0.52367636    0.79562360   -0.07181296    0.60151973   -0.39348067    0.69371166    0.60327199
    0.11114533   -0.94548651    0.30610778   -0.25737394    0.27012283    0.92778894   -0.95989862   -0.18190358   -0.21332070
   -0.18508613   -0.98246471    0.02249909   -0.73536239    0.15364965    0.66002572   -0.65190895    0.10561662   -0.75090602
   -0.08687941   -0.99166619   -0.09513220   -0.43141982    0.12352625   -0.89365441    0.89795819   -0.03659825   -0.43855634
   -0.10031905   -0.75999388   -0.64214126    0.52102630    0.50970037   -0.68464379    0.84762473   -0.40325530    0.34484414
   -0.01978124   -0.91728647   -0.39773638    0.86624086   -0.21436575    0.45130266   -0.49923488   -0.33560818    0.79883145
   -0.21679744   -0.70727162   -0.67287869    0.06769612   -0.69850474    0.71239622   -0.97386657    0.10889440    0.19931358
   -0.20746520   -0.65796938   -0.72390227   -0.93108894   -0.09416272    0.35242981   -0.30005263    0.74713431   -0.59309252
   -0.21466073   -0.42070870   -0.88143347   -0.50357500    0.82094157   -0.26919726    0.83685900    0.38608178   -0.38808230
   -0.22547758   -0.14962834   -0.96268958    0.58071521    0.77276852   -0.25612236    0.78225936   -0.61679833   -0.08735052
    0.09386968   -0.06696483   -0.99332985    0.96487191   -0.23978969    0.10734571   -0.24537865   -0.96851258    0.04210351
    0.23216137    0.02200698   -0.97242830   -0.23364169   -0.96921204   -0.07771473   -0.94419948    0.24524215   -0.21987185
    0.07805421    0.28361833   -0.95575530   -0.88052255   -0.42997457   -0.19950416   -0.46753351    0.85713623    0.21617101
    0.10821881    0.38936360   -0.91470470   -0.47551136    0.82829952    0.29632559    0.87302786    0.40288447    0.27478440
   -0.24717185    0.75815551   -0.60341222    0.87082451    0.44690261    0.20479925    0.42493617   -0.47484554   -0.77068214
    0.02286344    0.87105371   -0.49065538    0.88566321   -0.24531524   -0.39423483   -0.46376495   -0.42554186   -0.77706898
    0.07861408    0.87125997   -0.48448518   -0.34557389   -0.43203917   -0.83301911   -0.93509278    0.23291246    0.26712034
    0.25858066    0.96512311   -0.04090739   -0.96453682    0.25563845   -0.06570929   -0.05296005    0.05644784    0.99699994
    0.46634243    0.87717859    0.11437861   -0.10422627   -0.07391418    0.99180320    0.87844273   -0.47444117    0.05695574
    0.75425707    0.62505654    0.20099897    0.61535089   -0.77972688    0.11562560    0.22899684    0.03647347   -0.97274361
    0.69424176    0.70221737    0.15785802    0.48149822   -0.29011146   -0.82703979   -0.53496528    0.65017391   -0.53952390
    0.72890414    0.64465130    0.23048526   -0.36789758    0.65275426   -0.66224108   -0.57736480    0.39791530    0.71296094
    0.71586532    0.35733785    0.59987208   -0.69701136    0.41662503    0.58360839   -0.04137635   -0.83590266    0.54731595
    0.64219104    0.17401847    0.74653081    0.02753679   -0.97849945    0.20440294    0.76604987   -0.11070867   -0.63317548
    0.20370945    0.56583878    0.79895490    0.89596727   -0.43670122    0.08083746    0.39464555    0.69937009   -0.59593319
    0.70421509    0.09462234    0.70365313    0.55374409    0.54707693   -0.62775339   -0.44435189    0.83171717    0.33286327
    0.62615043   -0.08292973    0.77527949   -0.38441519    0.83224367    0.39949397   -0.67835138   -0.54817254    0.48923029
    0.48314643   -0.08702004    0.87120436   -0.87355232    0.01909298    0.48635564   -0.05895657   -0.99602358   -0.06679186
    0.15606623   -0.45197612    0.87827155   -0.18895901   -0.88640644   -0.42258504    0.96950391   -0.10000607   -0.22374307
    0.10722393   -0.54263759    0.83309512    0.97322689   -0.11405677   -0.19955068    0.20330384    0.83218718    0.51587988
    0.53857106   -0.69504276    0.47629484    0.40123998    0.70863298    0.58038417   -0.74091004   -0.12146959    0.66052816
    0.48917792   -0.55169461    0.67552796   -0.49949829    0.45772109    0.73552217   -0.71498701   -0.69722626   -0.05166346
    0.59599315   -0.79015582    0.14298934   -0.78517592   -0.61075739   -0.10234350    0.16819911   -0.05127576   -0.98441854
    0.68482795   -0.72267931    0.09351633    0.12951585   -0.00557805   -0.99156166    0.71710273    0.69116098    0.08977842
    0.93626194   -0.23033220   -0.26525582    0.27860037    0.94677514    0.16124103    0.21399861   -0.22486421    0.95060017
    0.94927060   -0.22107020   -0.22363653    0.24199276    0.05941173    0.96845741   -0.20081044   -0.97344656    0.10989519
    0.95570428   -0.09545348   -0.27842047    0.01430597   -0.92976811    0.36786765   -0.29398072   -0.35555576   -0.88721781
    0.95794412    0.01128554   -0.28673280   -0.21377173   -0.63851938   -0.73932040   -0.19142809    0.76952299   -0.60925336
    0.88870401    0.30791934   -0.33969231   -0.45803916    0.62881798   -0.62832164    0.02013225    0.71398434    0.69987217
