# Rotation matrices: 48 entries, row-major flattening of 3x3 -> 1x9
# https://github.com/Neurophysics-CFIN/GFO
# Col:  1    2    3    4    5    6    7    8    9
#       R11  R12  R13  R21  R22  R23  R31  R32  R33
# where Rij = R(i,j), i = row index, j = column index

   -0.98458612   -0.14506665   -0.09770280   -0.13179441    0.98260798   -0.13081202    0.11498002   -0.11591902   -0.98658116
   -0.98459026   -0.14504852   -0.09768803    0.11496217   -0.11591436   -0.98658378    0.13177907   -0.98261121    0.13080324
   -0.77042845    0.48081817   -0.41863337    0.26412317   -0.35692174   -0.89601664   -0.58024043   -0.80088748    0.14798744
   -0.46642352    0.01960185   -0.88434431   -0.43702587   -0.87432126    0.21111781   -0.76906273    0.48495165    0.41637052
   -0.69882915    0.34348655   -0.62741916   -0.69372025   -0.53924050    0.47746402   -0.17432735    0.76891916    0.61512056
   -0.68489764    0.12239933   -0.71828519   -0.05597684    0.97403781    0.21935575    0.72648593    0.19044357   -0.66026467
   -0.76410978    0.60370854   -0.22731531    0.62781901    0.77694093   -0.04696901    0.14825497   -0.17860235   -0.97268786
   -0.62384944    0.71511099   -0.31532230    0.64461239    0.24267800   -0.72497052   -0.44191260   -0.65553311   -0.61236393
   -0.62581613    0.67306666   -0.39412618   -0.36080592   -0.69781022   -0.61877297   -0.69150073   -0.24503504    0.67954732
   -0.77535987    0.47193636    0.41963454   -0.41199129   -0.88161453    0.23025854    0.47862328    0.00564746    0.87800220
   -0.70740347    0.59164432    0.38670057    0.32876125   -0.20889618    0.92102032    0.62569671    0.77866513   -0.04673584
   -0.80044981    0.45973022    0.38461440    0.59680322    0.67093448    0.44008276   -0.05573172    0.58180327   -0.81141785
   -0.81138304    0.45013523    0.37287510   -0.01407799    0.62268799   -0.78234358   -0.58434526   -0.64002964   -0.49890147
   -0.78995416    0.46129019    0.40396014   -0.55138735   -0.24622141   -0.79708658   -0.26822458   -0.85240036    0.44885320
   -0.65328716   -0.18270433    0.73473465   -0.47196600   -0.66053612   -0.58390078    0.59199998   -0.72822466    0.34528953
   -0.11166412    0.09143799    0.98953030    0.13461876   -0.98518701    0.10622778    0.98458566    0.14507117    0.09770078
   -0.11495331    0.11578550    0.98659995    0.98458707    0.14506609    0.09769410   -0.13181064    0.98262381   -0.13067674
    0.01413053   -0.62268831    0.78234238    0.58408103    0.64019455    0.49899929   -0.81157235    0.44990022    0.37274672
    0.01410115   -0.62265252    0.78237139   -0.81157491    0.44992980    0.37270543   -0.58407818   -0.64020857   -0.49898464
    0.01410935   -0.62266237    0.78236341   -0.98458780   -0.14506116   -0.09769403    0.17432094   -0.76892707   -0.61511249
    0.01410695   -0.62266175    0.78236394    0.17432874   -0.76892668   -0.61511076    0.98458645    0.14506585    0.09770063
    0.13182150   -0.98262225    0.13067746    0.98458588    0.14507662    0.09769041   -0.11495101    0.11578549    0.98660022
    0.13181247   -0.98262204    0.13068819   -0.11494609    0.11579789    0.98659933   -0.98458766   -0.14506819   -0.09768496
    0.16965502   -0.98546864   -0.00828998   -0.74489561   -0.13373733    0.65363970   -0.64525011   -0.10471809   -0.75676048
    0.27468460   -0.96077955   -0.03809243   -0.63459685   -0.15138206   -0.75787222    0.72238162    0.23234916   -0.65129000
    0.17431703   -0.76892609   -0.61511482    0.63654958    0.56459936   -0.52538766    0.75127771   -0.29996707    0.58787886
   -0.17084444   -0.85886629   -0.48286735    0.75155458   -0.43050879    0.49982787   -0.63716394   -0.27750835    0.71903493
    0.17431324   -0.76893014   -0.61511083    0.01411558   -0.62265899    0.78236599   -0.98458907   -0.14505940   -0.09768382
    0.17430911   -0.76892566   -0.61511760   -0.98458979   -0.14505595   -0.09768170   -0.01411650    0.62266532   -0.78236093
   -0.47331659   -0.43991652   -0.76318076   -0.44011307    0.86858693   -0.22772183    0.76306742    0.22810130   -0.60472961
    0.14954909   -0.17700343   -0.97278202    0.62579734    0.77865889   -0.04547563    0.76551471   -0.60196356    0.22721600
    0.20452150   -0.24812596   -0.94689200    0.76195502   -0.56689964    0.31312832   -0.61448800   -0.78553059    0.07311766
    0.73501521    0.13182211   -0.66511320    0.19627244   -0.98028865    0.02261196   -0.64902217   -0.14716353   -0.74640011
    0.65651126    0.26251366   -0.70716303   -0.65609183    0.66131306   -0.36360493    0.37220488    0.70267462    0.60639254
    0.67948764    0.54604423   -0.49003290   -0.17432119    0.76893244    0.61510570    0.71267711   -0.33253361    0.61766717
    0.75392009    0.23565264   -0.61324736    0.63436190   -0.01837319    0.77281783    0.17084925   -0.97166366   -0.16334097
    0.41602122    0.88168451   -0.22261799    0.78823603   -0.47170956   -0.39518862   -0.45344272   -0.01106867   -0.89121669
    0.41520042    0.88891616   -0.19348557   -0.42756876    0.00294744   -0.90397802   -0.80299039    0.45806044    0.38129656
    0.66697111    0.74506982   -0.00452727   -0.73430418    0.65627983   -0.17347667   -0.12628108    0.11902832    0.98482757
    0.62581648    0.77865406   -0.04529441   -0.14791037    0.17549520    0.97330569    0.76581738   -0.60241123    0.22499879
    0.56135876    0.75508020   -0.33871852    0.75081845   -0.29254132    0.59219189    0.34806320   -0.58674822   -0.73114877
    0.47064613    0.66218340    0.58309979    0.66869406    0.16344897   -0.72535005   -0.57562182    0.73129856   -0.36587148
    0.58435344    0.64004926    0.49886672   -0.01411065    0.62266823   -0.78235872   -0.81137657    0.45013468    0.37288984
    0.46428654    0.00388485    0.88567653   -0.77538735    0.48505753    0.40434348   -0.42803326   -0.87447361    0.22821795
    0.61174976    0.09753216    0.78501574   -0.76287781   -0.18974653    0.61807257    0.20923597   -0.97697683   -0.04167227
    0.59907335    0.63172258    0.49197328    0.80056995   -0.46175478   -0.38192968   -0.01410259    0.62266291   -0.78236310
    0.98458755    0.14506495    0.09769090   -0.01411362    0.62265960   -0.78236553   -0.17432199    0.76892859    0.61511028
    0.98458812    0.14506013    0.09769230   -0.17431895    0.76892273    0.61511848    0.01411134   -0.62266796    0.78235892
