# Rotation matrices: 63 entries, row-major flattening of 3x3 -> 1x9
# https://github.com/Neurophysics-CFIN/GFO
# Col:  1    2    3    4    5    6    7    8    9
#       R11  R12  R13  R21  R22  R23  R31  R32  R33
# where Rij = R(i,j), i = row index, j = column index

   -0.91161748   -0.41069084    0.01692922   -0.40683907    0.90740885    0.10531455   -0.05861344    0.08911911   -0.99429485
   -0.92269610   -0.37123444    0.10400429   -0.20619093    0.24724083   -0.94676147    0.32575636   -0.89501785   -0.30467332
   -0.95784087   -0.08161417   -0.27546325    0.28707379   -0.23390363   -0.92891212    0.01138053   -0.96882827    0.24747174
   -0.92780618    0.17270573   -0.33067874   -0.23775787   -0.95679398    0.16738124   -0.28748373    0.23391882    0.92878151
   -0.87934801    0.08799404   -0.46797877   -0.45533261   -0.44299032    0.77228997   -0.13935315    0.89219764    0.42960921
   -0.74746573    0.53460684   -0.39432284    0.05191899    0.63878902    0.76762817    0.66226837    0.55330290   -0.50522915
   -0.46490589    0.55746591   -0.68781849    0.88242226    0.35499188   -0.30872598    0.07206577   -0.75047487   -0.65695814
   -0.70820965    0.67513488   -0.20647516    0.58937577    0.40435990   -0.69937778   -0.38868405   -0.61699755   -0.68427972
   -0.42799335    0.89690165    0.11130647   -0.66825096   -0.23112882   -0.70712101   -0.60849187   -0.37702374    0.69827698
   -0.24494033    0.96650650    0.07661217   -0.78878120   -0.24459925    0.56391083    0.56376276    0.07769426    0.82227438
   -0.74811359    0.51517434    0.41823612    0.00185311   -0.62865673    0.77768070    0.66356810    0.58256854    0.46935197
   -0.25911384    0.84108810    0.47479556    0.95882030    0.28319096    0.02159889   -0.11629124    0.46084019   -0.87983104
   -0.48149317    0.34151160    0.80717666    0.38403866    0.91005120   -0.15595229   -0.78783160    0.23489708   -0.56933709
   -0.27186504    0.23124876    0.93413779   -0.77740182    0.51937248   -0.35482198   -0.56721760   -0.82266411    0.03857399
   -0.81156367    0.34359365    0.47255456   -0.57341840   -0.62352001   -0.53142651    0.11205245   -0.70225793    0.70304911
   -0.28690208   -0.13554712    0.94832177    0.24099681   -0.96831350   -0.06549425    0.92715033    0.20975209    0.31047758
   -0.49287875    0.10587412    0.86363256    0.87003464    0.04799114    0.49064913    0.01050033    0.99322078   -0.11576796
   -0.54527307   -0.30984635    0.77889186    0.29808957    0.79677153    0.52564032   -0.78346658    0.51879705   -0.34209609
   -0.46957769   -0.49449212    0.73141940   -0.70852294    0.70534520    0.02198612   -0.52677513   -0.50790323   -0.68157338
   -0.57094282   -0.55241377    0.60734119   -0.59569720   -0.23031340   -0.76948072    0.56495056   -0.80112094   -0.19757555
   -0.68024777   -0.45681451    0.57322201    0.33660076   -0.88939034   -0.30932952    0.65112433   -0.01747375    0.75876991
   -0.68978980   -0.66865774    0.27764519    0.70567489   -0.53516626    0.46434904   -0.16190424    0.51623047    0.84100720
   -0.56977821   -0.82106658    0.03467661    0.11756260   -0.03967517    0.99227260   -0.81334607    0.56945198    0.11913277
   -0.43423105   -0.89672220    0.08563119   -0.82032171    0.43292066    0.37370041   -0.37217696    0.09202720   -0.92358828
   -0.10756439   -0.99412890   -0.01173199   -0.57422559    0.07175549   -0.81554652    0.81160020   -0.08098695   -0.57857258
    0.01545435   -0.75545651   -0.65501650    0.64650481    0.50728520   -0.56981862    0.76275336   -0.41466515    0.49624603
    0.08299205   -0.76733065   -0.63585847    0.80103657   -0.32820754    0.50061984   -0.59283450   -0.55089335    0.58742129
    0.13924687   -0.90468629   -0.40268230   -0.10621982   -0.41794340    0.90224202   -0.98454439   -0.08286153   -0.15429292
    0.00448115   -0.48395251   -0.87508279   -0.98933026   -0.12957878    0.06659557   -0.14562125    0.86544746   -0.47936953
    0.16834097   -0.52547509   -0.83398876   -0.22568910    0.80304230   -0.55153195    0.95954455    0.28106760    0.01659092
    0.25631959   -0.13421196   -0.95722903    0.76910091    0.62816438    0.11786986    0.58547764   -0.76641807    0.26423337
   -0.57395090   -0.14392571   -0.80614252    0.81144798   -0.23237414   -0.53624102   -0.11014780   -0.96191873    0.25015957
   -0.12539318    0.04309176   -0.99117085   -0.21348863   -0.97682322   -0.01545951   -0.96886488    0.20966519    0.13168657
    0.36206536    0.53815634   -0.76111526   -0.93178458    0.18600193   -0.31173832   -0.02619504    0.82206511    0.56879063
   -0.10608973    0.62824021   -0.77075236   -0.08013038    0.76720435    0.63637772    0.99112264    0.12927382   -0.03105138
   -0.04513365    0.49451699   -0.86799533    0.85131086    0.47368131    0.22560108    0.52271673   -0.72875165   -0.44236665
   -0.04965192    0.85537782   -0.51561951    0.74713274   -0.31079638   -0.58753577   -0.66281774   -0.41440849   -0.62364913
   -0.01806133    0.80215407   -0.59684390   -0.50498673   -0.52252603   -0.68698977   -0.86293812    0.28899030    0.41451468
    0.18448043    0.97959221   -0.07978774   -0.97125177    0.16927680   -0.16737791   -0.15045588    0.10837193    0.98265892
   -0.00157297    0.95805674   -0.28657428   -0.18304255    0.28145709    0.94195400    0.98310373    0.05393695    0.17492242
    0.56225132    0.78179202    0.26958245    0.63178940   -0.61642609    0.46995853    0.53358749   -0.09391547   -0.84051429
    0.47909722    0.86433001    0.15296892    0.50336172   -0.12777005   -0.85457697   -0.71909167    0.48642415   -0.49628491
    0.43943166    0.72286463    0.53326029   -0.09728922    0.62845600   -0.77173691   -0.89299195    0.28724515    0.34649040
    0.56685419    0.65972685    0.49339316   -0.81252079    0.34887569    0.46700719    0.13596430   -0.66561719    0.73380343
    0.64712449    0.18962584    0.73842531   -0.06792545   -0.95038087    0.30358249    0.75935238   -0.24661354   -0.60213432
    0.51393946    0.52096662    0.68151303    0.69335900   -0.72006494    0.02756403    0.50509357    0.45836695   -0.73128669
    0.61913144    0.50764314    0.59914498    0.45091993    0.39482591   -0.80048967   -0.64292105    0.76577473    0.01554272
    0.28986342   -0.03690025    0.95635640   -0.56671800    0.79861848    0.20258142   -0.77123920   -0.60070533    0.21057825
    0.38814688    0.04686225    0.92040531   -0.72571645   -0.60003309    0.33659462    0.56804722   -0.79860142   -0.19889227
    0.80507901   -0.01531691    0.59296979    0.24155449   -0.90455612   -0.35132558    0.54175567    0.42607936   -0.72453928
    0.20484341   -0.33242891    0.92061403    0.91255960   -0.27525116   -0.30244300    0.35394088    0.90206863    0.24697781
    0.59900542   -0.60228422    0.52768003    0.49269865    0.79669460    0.35003678   -0.63122147    0.05031331    0.77396901
    0.68233061   -0.47000372    0.55992985   -0.46885920    0.30630322    0.82846206   -0.56088857   -0.82781329   -0.01136551
    0.38830713   -0.88920438    0.24193625   -0.90679756   -0.41545291   -0.07153369    0.16412120   -0.19161016   -0.96765168
    0.62806569   -0.77750558    0.03191484    0.11072805    0.04869933   -0.99265688    0.77024203    0.62698760    0.11667806
    0.79574195   -0.58434002   -0.15919011    0.60275587    0.78971352    0.11418370    0.05899248   -0.18681353    0.98062255
    0.74566670   -0.59789090   -0.29412183    0.40598590    0.05765906    0.91205859   -0.52835274   -0.79950104    0.28572972
    0.88394912   -0.24314127   -0.39939488   -0.16190160   -0.96048592    0.22639495   -0.43865912   -0.13545894   -0.88838565
    0.92497681   -0.07218692   -0.37310447   -0.37984695   -0.14569341   -0.91350409    0.01158418    0.98669270   -0.16218301
    0.76567576   -0.04853859   -0.64139273   -0.45864161    0.65793368   -0.59730322    0.45098614    0.75150999    0.48150206
    0.80155960    0.52260155   -0.29049929   -0.08345620    0.57888606    0.81112637    0.59206188   -0.62592216    0.50762602
    0.99038516    0.13178676   -0.04206525    0.12659845   -0.74084323    0.65963941    0.05576799   -0.65862247   -0.75040414
    0.99884477    0.04783152    0.00461108    0.04000425   -0.77453581   -0.63126376   -0.02662286    0.63071897   -0.77555451
