# Rotation matrices: 38 entries, row-major flattening of 3x3 -> 1x9
# https://github.com/Neurophysics-CFIN/GFO
# Col:  1    2    3    4    5    6    7    8    9
#       R11  R12  R13  R21  R22  R23  R31  R32  R33
# where Rij = R(i,j), i = row index, j = column index

   -0.97344361    0.11833368   -0.19597110    0.07099787    0.96988591    0.23298203    0.21763923    0.21288133   -0.95253068
   -0.93139331   -0.27462518   -0.23892995   -0.06412337    0.76989128   -0.63494536    0.35832207   -0.57606286   -0.73468148
   -0.88027417   -0.20216154   -0.42924131    0.47281375   -0.44918419   -0.75807699   -0.03955440   -0.87026678    0.49099000
   -0.58974216   -0.16278226   -0.79101588   -0.01023296   -0.97789028    0.20886813   -0.80752676    0.13127278    0.57503738
   -0.75419814    0.41468571   -0.50913744   -0.59298489   -0.09707010    0.79934117    0.28205334    0.90477243    0.31911245
   -0.66004923    0.52001204   -0.54214618   -0.09889352    0.65525673    0.74890499    0.74468455    0.54792891   -0.38107588
   -0.65032451    0.35878269   -0.66959168    0.69822847    0.62954154   -0.34081439    0.29925747   -0.68916793   -0.65991858
   -0.55534222    0.82230374    0.12414336    0.19079710    0.27127997   -0.94340004   -0.80943899   -0.50022368   -0.30754639
   -0.64058354    0.76316766    0.08501681   -0.74309056   -0.58817668   -0.31916236   -0.19356949   -0.26762534    0.94387898
   -0.59817663    0.79344438    0.11238655   -0.70611864   -0.58818525    0.39425192    0.37892108    0.15647405    0.91210454
   -0.54097023    0.82934234    0.13979450    0.40878950    0.11402059    0.90547802    0.73501181    0.54698318   -0.40070818
    0.06453156    0.84923555    0.52405597    0.95587928    0.09821056   -0.27685645   -0.28658417    0.51880022   -0.80542898
   -0.27793830    0.43741637    0.85522934    0.35421589    0.87423787   -0.33202298   -0.89290616    0.21065392   -0.39792402
    0.43953663    0.23935352    0.86574676   -0.66959780    0.72975363    0.13819706   -0.59870388   -0.64044480    0.48102404
    0.77705660    0.46944268    0.41929299   -0.34559789   -0.23854441    0.90755643    0.52606572   -0.85012948   -0.02312411
   -0.11917597   -0.23605540    0.96440393    0.46247390   -0.87271820   -0.15646355    0.87858692    0.42736495    0.21317650
    0.21052759    0.26579856    0.94075994    0.90690925    0.30615782   -0.28945293   -0.36495719    0.91412172   -0.17660050
    0.03047657   -0.39291057    0.91907152    0.23567373    0.89639871    0.37540278   -0.97135425    0.20516003    0.11991786
    0.06255150   -0.40470805    0.91230406   -0.96975377    0.19144334    0.15141686   -0.23593416   -0.89418166   -0.38049209
   -0.24272237   -0.30191360    0.92191867   -0.79375164   -0.48454590   -0.36765963    0.55771335   -0.82101367   -0.12203429
   -0.03805138   -0.87172148    0.48852200    0.45795806   -0.44972696   -0.76682467    0.88815905    0.19454385    0.41632461
    0.12734750   -0.84665095    0.51668635    0.88080819    0.33603975    0.33354792   -0.45602582    0.41262507    0.78853092
   -0.10725097   -0.95732939    0.26836109    0.35635198    0.21497079    0.90928589   -0.92817590    0.19315280    0.31809039
   -0.04368217   -0.94686316    0.31865660   -0.93128324    0.15406055    0.33011646   -0.36166752   -0.28233935   -0.88852749
   -0.31999755   -0.78048307   -0.53707332   -0.26323394    0.61780407   -0.74096290    0.91011508   -0.09573039   -0.40314543
   -0.18153367   -0.91183079   -0.36825283    0.44953019    0.25611322   -0.85576202    0.87462457   -0.32089038    0.36340229
   -0.01022018   -0.91981819   -0.39221174    0.88850299   -0.18830210    0.41845519   -0.45875699   -0.34420462    0.81918570
    0.35319617   -0.48945080   -0.79730194    0.33053961   -0.73197980    0.59577608   -0.87521199   -0.47396570   -0.09674958
    0.41685257   -0.41621154   -0.80808532   -0.84458303    0.15129305   -0.51360482    0.33602595    0.89659264   -0.28845831
    0.93355365   -0.20412928   -0.29463337    0.03523186    0.87027077   -0.49131203    0.35670198    0.44828565    0.81963630
    0.69594343   -0.29408618   -0.65511530    0.65226296    0.64047089    0.40540113    0.30035941   -0.70944370    0.63755303
    0.64954607    0.24619271   -0.71936017    0.67756244   -0.61669228    0.40074902   -0.34496238   -0.74771638   -0.56738098
    0.78682604    0.23578831   -0.57035836    0.11982986   -0.96492217   -0.23359368   -0.60543009    0.11545163   -0.78748037
    0.73932722    0.54735163   -0.39217529   -0.48886765    0.03581683   -0.87162238   -0.46303745    0.83613596    0.29406286
    0.75050345    0.61749728    0.23546058   -0.66024038    0.68508136    0.30780866    0.02876136   -0.38647204    0.92185256
    0.74269117    0.56939007   -0.35242699   -0.01265772    0.53814091    0.84275984    0.66951446   -0.62144936    0.40687968
    0.62777984    0.76815445   -0.12582217    0.74720805   -0.54941148    0.37393469    0.21811145   -0.32876400   -0.91888064
    0.97272600   -0.16478662   -0.16324672   -0.18548472   -0.12999734   -0.97401032    0.13928223    0.97772494   -0.15701719
