# Rotation matrices: 27 entries, row-major flattening of 3x3 -> 1x9
# https://github.com/Neurophysics-CFIN/GFO
# Col:  1    2    3    4    5    6    7    8    9
#       R11  R12  R13  R21  R22  R23  R31  R32  R33
# where Rij = R(i,j), i = row index, j = column index

   -0.73082384   -0.66709157   -0.14451763   -0.63122675    0.74109248   -0.22876785    0.25971003   -0.07596561   -0.96269410
   -0.84527553   -0.20482065   -0.49351573    0.49852941    0.03008902   -0.86635044    0.19229587   -0.97833693    0.07667561
   -0.94432424   -0.10182922   -0.31286185    0.26335326   -0.80393592   -0.53322799   -0.19722268   -0.58593331    0.78599324
   -0.79045621    0.14064191   -0.59615336   -0.38344592   -0.87259687    0.30256228   -0.47764862    0.46775481    0.74367818
   -0.63424114    0.73186597   -0.24921952   -0.59750916   -0.25943822    0.75873224    0.49063324    0.63013015    0.60184302
   -0.61902436    0.60249161   -0.50379828    0.34542436    0.78496382    0.51430907    0.70533032    0.14434564   -0.69402700
    0.23700210    0.20280088    0.95010621    0.23588862   -0.96071599    0.14622360    0.94243650    0.18946395   -0.27553013
    0.08071916    0.92232457   -0.37789127    0.10199283   -0.38478139   -0.91735530   -0.99150486    0.03550595   -0.12512972
   -0.23497840    0.97082437   -0.04780374   -0.96570529   -0.22758570    0.12497214    0.11044655    0.07553008    0.99100795
    0.49455060    0.86864693    0.02953315   -0.66641059    0.35715906    0.65447256    0.55795755   -0.34335100    0.75550874
   -0.13539428    0.93652191    0.32341167    0.71881316   -0.13180252    0.68259486    0.68189151    0.32489200   -0.65533896
    0.19420584    0.62343830    0.75736964    0.97220495   -0.22524919   -0.06387754    0.13077319    0.74872391   -0.64985451
   -0.41225838    0.69922153    0.58406530    0.04113078    0.65470872   -0.75476138   -0.91013806   -0.28713365   -0.29866868
   -0.46330327    0.15110642    0.87322216   -0.79994053    0.35273555   -0.48546142   -0.38137283   -0.92344165   -0.04254738
    0.08464980    0.58719039    0.80501047   -0.67401663   -0.56127654    0.48028141    0.73385012   -0.58324617    0.34826415
   -0.58299137   -0.25288036    0.77212213    0.11461773   -0.96642357   -0.22997449    0.80435306   -0.04557426    0.59240117
    0.15947877   -0.30059233    0.94032482    0.97757372    0.18078963   -0.10800341   -0.13753598    0.93646108    0.32268327
   -0.14219313   -0.26836381    0.95276544    0.53911588    0.78625510    0.30192215   -0.83014166    0.55658223    0.03287912
   -0.40511748   -0.62896761    0.66353566   -0.82777172    0.56046791    0.02587859   -0.38816724   -0.53877219   -0.74769695
   -0.39676694   -0.81331508    0.42555208   -0.73685720    0.00575074   -0.67602397    0.54737324   -0.58179508   -0.60157877
    0.34865676   -0.41133512    0.84216499    0.62793479   -0.56455008   -0.53570618    0.69579908    0.71560228    0.06145743
    0.57346009    0.73623873    0.35929938   -0.03285493    0.45889552   -0.88788257   -0.81857442    0.49736046    0.28734734
    0.83623335   -0.54799750   -0.02031060    0.09133655    0.10266606    0.99051366   -0.54071380   -0.83015566    0.13590498
    0.83743940   -0.43099102   -0.33606843   -0.41953675   -0.90103628    0.11010239   -0.35026299    0.04878898   -0.93537986
    0.73980044   -0.49707331   -0.45344617   -0.67275332   -0.53656353   -0.50941392    0.00991339    0.68192206   -0.73135766
    0.97885915    0.03534627   -0.20145821   -0.16328572    0.72821054   -0.66561790    0.12317688    0.68444142    0.71858709
    0.82521107    0.39077436   -0.40782606    0.23796553    0.41429591    0.87848239    0.51224906   -0.82198193    0.24889074
