# Rotation matrices: 16 entries, row-major flattening of 3x3 -> 1x9
# https://github.com/Neurophysics-CFIN/GFO
# Col:  1    2    3    4    5    6    7    8    9
#       R11  R12  R13  R21  R22  R23  R31  R32  R33
# where Rij = R(i,j), i = row index, j = column index

   -0.97967224    0.17702213   -0.09436876    0.16251361    0.42455808   -0.89069622   -0.11760792   -0.88792657   -0.44469627
   -0.97967109    0.17702614   -0.09437320    0.18124225    0.98270081   -0.03808354    0.08599884   -0.05441375   -0.99480819
   -0.97967013    0.17703513   -0.09436627   -0.01409930   -0.52998030   -0.84789274   -0.20011906   -0.82932469    0.52170194
   -0.53017150    0.34235713   -0.77569954   -0.83093888   -0.39181151    0.39499914   -0.16869724    0.85397619    0.49220514
    0.18487145    0.61407712   -0.76728862   -0.97967160    0.17702837   -0.09436376    0.07788523    0.76913604    0.63432141
    0.19148012    0.68499250   -0.70293715    0.05979852    0.70671685    0.70496484    0.97967316   -0.17702135    0.09436069
    0.81328791    0.51089372   -0.27847869    0.58080134   -0.68391537    0.44150828    0.03510795   -0.52081414   -0.85294786
   -0.18337792    0.97941250    0.08440193    0.31432167    0.13976810   -0.93897112   -0.93143675   -0.14565721   -0.33348096
   -0.22814198    0.97336038   -0.02282117   -0.91526260   -0.22240023   -0.33590551   -0.33203255   -0.05574679    0.94161918
   -0.04462956    0.75460103    0.65466441   -0.83093815   -0.39182285    0.39498942    0.55457190   -0.52635743    0.64451367
   -0.16868405    0.85395691    0.49224311    0.53016794   -0.34239899    0.77568350    0.83094383    0.39181695   -0.39498333
    0.00229877    0.48029065    0.87710638    0.97967257   -0.17702140    0.09436676    0.20059007    0.85906013   -0.47093451
   -0.01113116    0.42173130    0.90665253    0.20029671    0.88927259   -0.41118790   -0.97967205    0.17702252   -0.09437003
    0.41727453    0.03075301    0.90826000   -0.36801364    0.91953185    0.13793885   -0.83093196   -0.39181044    0.39501475
    0.83092031    0.39184187   -0.39500809   -0.16870028    0.85395527    0.49224041    0.53019964   -0.34237458    0.77567260
    0.83093627    0.39182035   -0.39499585   -0.38386768   -0.11015346   -0.91679432   -0.40272883    0.91342379    0.05887666
