# Rotation matrices: 21 entries, row-major flattening of 3x3 -> 1x9
# https://github.com/Neurophysics-CFIN/GFO
# Col:  1    2    3    4    5    6    7    8    9
#       R11  R12  R13  R21  R22  R23  R31  R32  R33
# where Rij = R(i,j), i = row index, j = column index

   -0.76357588   -0.64464219    0.03726020   -0.64309910    0.76440358    0.04594258   -0.05809835    0.01111865   -0.99824895
   -0.98224506   -0.18402239   -0.03647479   -0.10753002    0.71157842   -0.69432950    0.15372685   -0.67807958   -0.71873231
   -0.97359997    0.03873109   -0.22495111    0.13948635   -0.67913814   -0.72063510   -0.18068386   -0.73298792    0.65580642
    0.15246112    0.66961668   -0.72689003   -0.65585722   -0.48164950   -0.58126161   -0.73932869    0.56535587    0.36574011
   -0.00388341    0.92093862   -0.38968831   -0.76924944    0.24623878    0.58959458    0.63893679    0.30205714    0.70747527
   -0.37499104    0.62127389   -0.68804104   -0.13229688    0.69873902    0.70303721    0.91753978    0.35465833   -0.17982828
   -0.62670072    0.53213128   -0.56928245    0.77223459    0.52197105   -0.36221536    0.10440283   -0.66662022   -0.73804981
    0.69024716    0.57401007   -0.44053524    0.10355073   -0.68092887   -0.72499181   -0.71612576    0.45480579   -0.52944838
    0.11662434    0.99166862    0.05470014   -0.88416303    0.12875270   -0.44908627   -0.45238756    0.00401054    0.89181243
    0.20602634    0.86496045    0.45759871   -0.90282387   -0.01235380    0.42983305    0.37744167   -0.50168796    0.77836173
    0.17806932    0.98401337    0.00300187    0.13268666   -0.02703382    0.99078929    0.97503106   -0.17603087   -0.13537934
   -0.48320680    0.42082234    0.76773677    0.82434935    0.51404802    0.23707126   -0.29488868    0.74743775   -0.59529612
   -0.15263170    0.69533279    0.70229330    0.20101848    0.71760721   -0.66680692   -0.96762345    0.03939806   -0.24930435
   -0.14673800    0.66804408    0.72951016   -0.70943251    0.44286388   -0.54824912   -0.68932828   -0.59798720    0.40894723
    0.37440083    0.24147505    0.89527304   -0.68460147   -0.57921630    0.44252605    0.62541574   -0.77858736   -0.05154489
   -0.48631282    0.00832134    0.87374515    0.48300211   -0.83073594    0.27674312    0.72815438    0.55660448    0.39997832
    0.12128443   -0.04815222    0.99144917    0.97461492   -0.18359054   -0.12814162    0.18819099    0.98182273    0.02466320
    0.71385750   -0.11017518    0.69156988    0.16235491    0.98667764   -0.01039791   -0.68121094    0.11970239    0.72223472
    0.75776855   -0.50610072    0.41188455   -0.46275341    0.02822601    0.88603757   -0.46005011   -0.86201239   -0.21281105
    0.95798090   -0.19076641   -0.21419796   -0.19765859   -0.98020889   -0.01102822   -0.20785493    0.05290289   -0.97672801
    0.89499775    0.03879005   -0.44438088   -0.44119513   -0.06990989   -0.89468400   -0.06577146    0.99679885   -0.04545522
