# Rotation matrices: 10 entries, row-major flattening of 3x3 -> 1x9
# https://github.com/Neurophysics-CFIN/GFO
# Col:  1    2    3    4    5    6    7    8    9
#       R11  R12  R13  R21  R22  R23  R31  R32  R33
# where Rij = R(i,j), i = row index, j = column index

   -0.99060089    0.04394701    0.12953201   -0.01814540    0.89639175   -0.44289116   -0.13557517   -0.44107879   -0.88716902
   -0.90759699   -0.02867424   -0.41886213    0.38675977   -0.44527813   -0.80755450   -0.16335413   -0.89493306    0.41522313
   -0.15426788   -0.41762855   -0.89542605    0.94938384   -0.31364265   -0.01728038   -0.27362702   -0.85276883    0.44487478
    0.09578954    0.69959071   -0.70809406   -0.69945405   -0.45883000   -0.54794075   -0.70822905    0.54776625    0.44538044
    0.38528185    0.65394461   -0.65108704   -0.65789456    0.68941176    0.30312732    0.64709554    0.31155717    0.69584445
    0.13885978    0.94046687   -0.31022576   -0.02198482    0.31611092    0.94846748    0.99006799   -0.12488373    0.06457109
   -0.01030155    0.94862483   -0.31623537    0.99970421    0.01673819    0.01764434    0.02203107   -0.31596006   -0.94851667
   -0.28000567    0.77150361    0.57129591    0.29655799    0.63550850   -0.71286907   -0.91304446   -0.03018501   -0.40674154
    0.64100275    0.32489781    0.69538255    0.07554582    0.87488471   -0.47840315   -0.76381169    0.35919098    0.53625883
    0.76396305   -0.35911722   -0.53609260    0.64082219    0.32498466    0.69550837   -0.07554716   -0.87488273    0.47840656
