# Rotation matrices: 89 entries, row-major flattening of 3x3 -> 1x9
# https://github.com/Neurophysics-CFIN/GFO
# Col:  1    2    3    4    5    6    7    8    9
#       R11  R12  R13  R21  R22  R23  R31  R32  R33
# where Rij = R(i,j), i = row index, j = column index

   -0.97818473   -0.19785880    0.06329722   -0.20773657    0.93225740   -0.29621218   -0.00040112   -0.30289937   -0.95302246
   -0.86523360   -0.42643237   -0.26367831   -0.12537009    0.69322811   -0.70973032    0.48544120   -0.58102515   -0.65326612
   -0.98802081   -0.14257384   -0.05905572    0.14365525   -0.70993059   -0.68946482    0.05637419   -0.68968925    0.72190767
   -0.85973465    0.05627469   -0.50763125   -0.16985973   -0.96883880    0.18027493   -0.48166794    0.24121471    0.84250309
   -0.82272505    0.00762428   -0.56838839   -0.56740356    0.04932564    0.82196118    0.03430298    0.99875365   -0.03625539
   -0.93965795    0.27543195   -0.20292898   -0.09674928    0.35500917    0.92984303    0.32815013    0.89336763   -0.30693935
   -0.80084738    0.54514092   -0.24792106    0.59066529    0.78729936   -0.17684523    0.09878252   -0.28806440   -0.95250245
   -0.75362327    0.60700431   -0.25218591    0.34879111    0.04410210   -0.93616225   -0.55713259   -0.79347386   -0.24495408
   -0.76730047    0.60285865    0.21865827   -0.45107801   -0.26501253   -0.85223060   -0.45582740   -0.75254888    0.47528051
   -0.84404720    0.44259278    0.30281339   -0.35086098   -0.88280401    0.31233579    0.40556244    0.15738075    0.90041679
   -0.71096824    0.61120185    0.34778795    0.23684136   -0.25755327    0.93678839    0.66214072    0.74839736    0.03835431
   -0.82164636    0.37393920    0.43019383    0.56741026    0.60841263    0.55486905   -0.05424807    0.70000253   -0.71207697
   -0.62439135    0.19209650    0.75712243    0.06779147    0.97895776   -0.19247343   -0.77816435   -0.06885231   -0.62427526
   -0.70943581    0.14916289    0.68880422   -0.54452864    0.50445977   -0.67008126   -0.44742528   -0.85045327   -0.27665837
   -0.54881730    0.50818822    0.66373511   -0.68978433   -0.72383469   -0.01615300    0.47222573   -0.46669913    0.74779328
   -0.78425396   -0.20974204    0.58391266    0.39668129   -0.89314926    0.21196308    0.47706360    0.39786012    0.78365659
   -0.86873900    0.13173433    0.47742918    0.49251415    0.12823139    0.86080574    0.05217626    0.98295614   -0.17628064
   -0.57387677   -0.10091064    0.81270075    0.32872119    0.88053983    0.34145568   -0.75007189    0.46310544   -0.47214989
   -0.54151654   -0.61879359    0.56908201   -0.78664771    0.61174931   -0.08335563   -0.29655560   -0.49280552   -0.81804493
   -0.72222515   -0.51715256    0.45928646   -0.51833741   -0.03497221   -0.85446081    0.45794886   -0.85517844   -0.24280172
   -0.77548614   -0.54055394    0.32622492    0.34654031   -0.79633374   -0.49574428    0.52776043   -0.27139273    0.80486950
   -0.64787814   -0.70799821    0.28105594    0.71796036   -0.44426767    0.53587234   -0.25453259    0.54896700    0.79614596
   -0.70598379   -0.52144053    0.47925636    0.15100924    0.55030660    0.82119356   -0.69194155    0.65212148   -0.30976520
   -0.42616184   -0.82453550   -0.37219254   -0.89895963    0.33991989    0.27627172   -0.10128019    0.45232253   -0.88608501
   -0.39362802   -0.89444654   -0.21218477   -0.58908763    0.42263109   -0.68873706    0.70571436   -0.14611078   -0.69326682
   -0.47366365   -0.86163278    0.18229565    0.34677395   -0.37273144   -0.86070849    0.80956196   -0.34447094    0.47534114
   -0.30567297   -0.69488534   -0.65092119    0.82096676   -0.53862146    0.18947426   -0.48226301   -0.47646750    0.73511979
   -0.30890687   -0.78012066   -0.54404807    0.04160815   -0.58256149    0.81172093   -0.95018172    0.22810934    0.21241663
   -0.29221475   -0.49391436   -0.81893782   -0.87757144   -0.20185896    0.43488083   -0.38010382    0.84575503   -0.37445897
   -0.49401067   -0.10468281   -0.86313091   -0.50639598    0.84161077    0.18776160    0.70676486    0.52984226   -0.46877565
   -0.45499168   -0.23562975   -0.85875561    0.60347100    0.62755859   -0.49192781    0.65483228   -0.74205717   -0.14333821
   -0.27733519    0.19214858   -0.94136290    0.88535541   -0.32941362   -0.32807386   -0.37313669   -0.92442717   -0.07876180
   -0.30283992    0.13510350   -0.94341668   -0.13425548   -0.98607741   -0.09811634   -0.94353773    0.09694531    0.31676199
   -0.57871345    0.36150845   -0.73102831   -0.81488685   -0.29194848    0.50072498   -0.03240630    0.88548164    0.46354299
   -0.04602471    0.66287098   -0.74731773   -0.62425522    0.56495754    0.53956316    0.77986354    0.49135023    0.38779866
   -0.03274736    0.57604497   -0.81676178    0.92533813    0.32631766    0.19304437    0.37772603   -0.74945912   -0.54372242
   -0.26543640    0.94434528   -0.19430778    0.75903753    0.08041705   -0.64606124   -0.59447922   -0.31897507   -0.73813912
    0.10942014    0.90457693   -0.41202890   -0.22447036   -0.38132277   -0.89677534   -0.96831828    0.19061355    0.16132632
   -0.20836620    0.92440822   -0.31945729   -0.97675698   -0.17988202    0.11656872    0.05029246    0.33632112    0.94040352
   -0.00956454    0.98907752    0.14708564   -0.33562177   -0.14173503    0.93127290    0.94194827   -0.04045795    0.33331157
    0.14980822    0.98527828    0.08236635    0.93947637   -0.16781472    0.29870113    0.30812602    0.03263335   -0.95078568
    0.14168759    0.92909065    0.34163605    0.78019695    0.10760529   -0.61620923   -0.60927608    0.35385261   -0.70962736
   -0.06578533    0.80722095    0.58657193   -0.48176015    0.48909797   -0.72711095   -0.87383033   -0.33042022    0.35671142
   -0.14551970    0.73824193    0.65865231   -0.98880181   -0.13079056   -0.07186654    0.03309062   -0.66173460    0.74900756
   -0.10053483    0.28742951    0.95251091   -0.34204830   -0.90899181    0.23819496    0.93428888   -0.30185785    0.18970012
   -0.03779274    0.36086468    0.93185213    0.78351842   -0.56807734    0.25176779    0.62021818    0.73963830   -0.26127493
   -0.10862312    0.19748700    0.97426891    0.79520426    0.60538458   -0.03405427   -0.59653265    0.77104370   -0.22280127
   -0.18768323   -0.16011726    0.96909105   -0.35712755    0.93022281    0.08453063   -0.91500542   -0.33022413   -0.23176951
    0.12823148   -0.06316741    0.98973055   -0.97794011   -0.17398225    0.11559985    0.16489340   -0.98272074   -0.08408395
    0.20740950   -0.57584543    0.79081183    0.07720138   -0.79623458   -0.60004204    0.97520318    0.18550618   -0.12069055
    0.02610252   -0.67490513    0.73744269    0.96984462   -0.16172347   -0.18233740    0.24232224    0.71996429    0.65033172
    0.32698399   -0.64986305    0.68611915    0.49220642    0.73689206    0.46338206   -0.80673063    0.18619373    0.56081867
    0.30508468   -0.87479719    0.37636846   -0.32569506    0.27553409    0.90443557   -0.89490003   -0.39851078   -0.20085589
    0.40789917   -0.89316209    0.18941948   -0.83340233   -0.44895951   -0.32229787    0.37290592   -0.02639760   -0.92749358
    0.23554834   -0.96755011   -0.09145361   -0.14315810    0.05853189   -0.98796750    0.96126101    0.24580643   -0.12472555
    0.39378130   -0.88352598   -0.25361020    0.89963664    0.42706472   -0.09093754    0.18865365   -0.19234753    0.96302244
    0.23203237   -0.97232497    0.02729720    0.61704866    0.16882825    0.76860131   -0.75193878   -0.16149668    0.63914544
    0.30209421   -0.78356627   -0.54292080   -0.52770045   -0.61176550    0.58930061   -0.79389630    0.10847525   -0.59829908
    0.34451508   -0.78056795   -0.52155828   -0.81805979    0.02292328   -0.57467617    0.46052963    0.62465046   -0.63065384
    0.44271200   -0.68102203   -0.58327958    0.00353324    0.65181960   -0.75836582    0.89665690    0.33367679    0.29097458
    0.30821438   -0.29849062   -0.90327584    0.94165379   -0.03926502    0.33428490   -0.13524805   -0.95360453    0.26897278
    0.08595298   -0.36497234   -0.92704222    0.28029984   -0.88404286    0.37403238   -0.95605653   -0.29199898    0.02631557
    0.54467252    0.06976574   -0.83574194   -0.73896341   -0.43129990   -0.51760359   -0.39656641    0.89950716   -0.18336288
    0.33270031    0.14025470   -0.93254444   -0.78079419    0.59551767   -0.18899509    0.52883924    0.79100400    0.30763896
    0.15623947    0.46171733   -0.87315882    0.54197033    0.69897347    0.46658788    0.82574657   -0.54612562   -0.14102984
    0.49098340    0.32218701   -0.80940153    0.87053108   -0.14590179    0.46998756    0.03333076   -0.93536527   -0.35210917
    0.41606636    0.56513523   -0.71239803    0.22025076   -0.82273087   -0.52402626   -0.88225755    0.06112349   -0.46678210
    0.26015466    0.85049983   -0.45713193   -0.79177664   -0.08306060   -0.60513692   -0.55263850    0.51937557    0.65179729
    0.30028149    0.91243835   -0.27800591   -0.81035846    0.39777140    0.43022911    0.50314034    0.09609460    0.85884552
    0.58526230    0.80973813   -0.04233428    0.16070817   -0.06466559    0.98488134    0.79475840   -0.58321738   -0.16797787
    0.68721938    0.72641497    0.00712898    0.72608828   -0.68653455   -0.03828997   -0.02292011    0.03148987   -0.99924124
    0.48242316    0.74179587    0.46583987    0.40240774    0.28469003   -0.87006873   -0.77803336    0.60719888   -0.16116333
    0.90002611    0.32037717    0.29548515   -0.39379152    0.88830009    0.23632857   -0.18676520   -0.32906143    0.92565508
    0.85025522    0.36978828    0.37459670   -0.24897199   -0.34448418    0.90517601    0.46376611   -0.86289471   -0.20083255
    0.69620165    0.47353975    0.53950289    0.36975428   -0.88074823    0.29591271    0.61529265   -0.00653142   -0.78827172
    0.70659039    0.59618956    0.38116667    0.62007355   -0.26213537   -0.73945510   -0.34093814    0.75884324   -0.55490371
    0.44957845    0.32295948    0.83281234    0.12327678    0.90099371   -0.41594851   -0.88469320    0.28966791    0.36525395
    0.54367351    0.32928886    0.77200257   -0.82068656    0.40120083    0.40683100   -0.17576315   -0.85475537    0.48836520
    0.53970213   -0.39430125    0.74380652   -0.67054138   -0.73555411    0.09661478    0.50901461   -0.55089625   -0.66137542
    0.61756998   -0.39163687    0.68207615    0.45834201   -0.52553872   -0.71675076    0.63916346    0.75526791   -0.14505331
    0.91318816   -0.18396962    0.36365170    0.40199941    0.55323979   -0.72960414   -0.06696159    0.81245363    0.57916771
    0.77609714   -0.23967625    0.58329112   -0.05518706    0.89559582    0.44143234   -0.62819394   -0.37478450    0.68184233
    0.71733503   -0.68669899    0.11779199   -0.56967076   -0.48074036    0.66660628   -0.40113050   -0.54528269   -0.73604423
    0.67134137   -0.67370149    0.30891273   -0.28723831   -0.62073418   -0.72950889    0.68322391    0.40101793   -0.61023742
    0.89347118   -0.31380111   -0.32130687   -0.02033818    0.68640985   -0.72693045    0.44865978    0.65602620    0.60690528
    0.88311017   -0.46779005    0.03590117    0.42726866    0.83349809    0.35031762   -0.19379865   -0.29402961    0.93594267
    0.98053857    0.10545011   -0.16560310    0.19408149   -0.39344143    0.89863019    0.02960554   -0.91328206   -0.40625041
    0.95714361   -0.01769591   -0.28907258   -0.09478335   -0.96230363   -0.25492712   -0.27366443    0.27140114   -0.92274005
    0.96084245    0.27692376   -0.00974774    0.06155568   -0.24761475   -0.96690115   -0.27017159    0.92843964   -0.25496500
