# Rotation matrices: 51 entries, row-major flattening of 3x3 -> 1x9
# https://github.com/Neurophysics-CFIN/GFO
# Col:  1    2    3    4    5    6    7    8    9
#       R11  R12  R13  R21  R22  R23  R31  R32  R33
# where Rij = R(i,j), i = row index, j = column index

   -0.98912746   -0.05940970    0.13452644   -0.07031722    0.99448347   -0.07783397   -0.12916022   -0.08644724   -0.98784843
   -0.99609951   -0.08808155   -0.00523516   -0.06635911    0.78690728   -0.61349279    0.05815698   -0.61075246   -0.78968297
   -0.99878739   -0.02317767   -0.04343429    0.04918091   -0.42974402   -0.90161040    0.00223160   -0.90265324    0.43036281
   -0.75483719    0.07748378   -0.65131949   -0.31869509   -0.91123113    0.26094302   -0.57328375    0.40454182    0.71252485
   -0.54590925    0.64627388   -0.53321023   -0.70474946   -0.01002310    0.70938546    0.45311288    0.76303971    0.46093287
   -0.56918441    0.61744078   -0.54295119   -0.15363635    0.56885632    0.80795938    0.80772828    0.54329492   -0.22892281
   -0.72813108    0.59961190   -0.33210044    0.68441157    0.66250989   -0.30440344    0.03749591   -0.44893899   -0.89277536
   -0.77710693    0.61540798    0.13182503    0.21336333    0.45465704   -0.86473295   -0.59209873   -0.64386334   -0.48462263
   -0.48443401    0.78249362   -0.39118719   -0.58663567   -0.62228413   -0.51828664   -0.64898558   -0.02159131    0.76049427
   -0.69860594    0.64286021    0.31413450   -0.62691289   -0.76156587    0.16430964    0.34486224   -0.08214728    0.93505179
   -0.77228258    0.62585837    0.10899963    0.18421883    0.05642095    0.98126454    0.60798276    0.77789330   -0.15886781
   -0.76414377    0.60687350    0.21860662    0.62384745    0.60912868    0.48966990    0.16400812    0.51055538   -0.84405837
   -0.58403710    0.33314520    0.74021277   -0.04640123    0.89670560   -0.44018858   -0.81039965   -0.29143324   -0.50825099
   -0.55356490    0.46817951    0.68874803   -0.75041646    0.07824602   -0.65631752   -0.36116621   -0.88016220    0.30801536
   -0.35402071    0.35612007    0.86478196   -0.55441756   -0.82458592    0.11260214    0.75318691   -0.43958681    0.48935971
   -0.73249447   -0.06198923    0.67794483    0.56665930   -0.60742703    0.55671325    0.37729179    0.79195311    0.48006371
   -0.18526292    0.27236762    0.94418935    0.93561624    0.34270153    0.08472262   -0.30049943    0.89909485   -0.31832146
   -0.77108653   -0.20900230    0.60145125    0.29079645    0.72473538    0.62465675   -0.56644769    0.65656429   -0.49805656
   -0.24733813   -0.49067211    0.83550268   -0.76915432    0.62383698    0.13866887   -0.58925842   -0.60833240   -0.53170124
   -0.09254311   -0.57054356    0.81603666   -0.60769264   -0.61685546   -0.50019895    0.78876196   -0.54218944   -0.28962940
   -0.01854276   -0.56983160    0.82155226    0.02892981   -0.82165527   -0.56925010    0.99940944    0.01321188    0.03172087
    0.07622779   -0.82589844    0.55864219    0.98679274    0.14280227    0.07646959   -0.14293148    0.54543495    0.82587609
    0.11613570   -0.99307366    0.01781034    0.17997261    0.03867510    0.98291103   -0.97679187   -0.11094569    0.18321762
    0.05563882   -0.99682383   -0.05697863   -0.99468223   -0.06029212    0.08349927   -0.08666942    0.05202983   -0.99487753
    0.03477273   -0.98730904   -0.15495715   -0.75144144    0.07639293   -0.65536240    0.65888286    0.13922996   -0.73924854
    0.13711005   -0.95142885   -0.27565192    0.64490577    0.29696329   -0.70420832    0.75186261   -0.08121548    0.65429861
    0.04011200   -0.75976805   -0.64895573    0.99818470    0.00126764    0.06021378   -0.04492587   -0.65019298    0.75843969
    0.06028014   -0.81195837   -0.58059445   -0.04886005   -0.58335512    0.81074626   -0.99698495   -0.02050402   -0.07483706
   -0.34214392   -0.66608969   -0.66276848   -0.71076793   -0.27789250    0.64620794   -0.61461084    0.69217070   -0.37835596
    0.08626825   -0.61550681   -0.78339591   -0.63920658    0.56894955   -0.51740831    0.76418109    0.54538773   -0.34435372
   -0.22491135   -0.02717582   -0.97400018    0.54755417    0.82332314   -0.14941027    0.80597724   -0.56692193   -0.17029449
   -0.16290476   -0.02705166   -0.98627088    0.81603069   -0.56556856   -0.11927324   -0.55457727   -0.82425749    0.11420880
   -0.12661299   -0.02879203   -0.99153425    0.25048724   -0.96811215   -0.00387381   -0.95980482   -0.24885715    0.12978761
    0.77412330    0.14788725   -0.61551806   -0.59154205   -0.17723623   -0.78655281   -0.22541323    0.97299367   -0.04972117
    0.64348097    0.29711779   -0.70544543   -0.14191341    0.95192372    0.27148080    0.75219201   -0.07458056    0.65470980
    0.53235925    0.65283085   -0.53889286    0.75434396   -0.07697266    0.65195122    0.38413385   -0.75358284   -0.53343612
   -0.01120384    0.91079797   -0.41270028    0.72809433   -0.27546353   -0.62769299   -0.68538538   -0.30751731   -0.66006059
    0.57804554    0.80084915   -0.15653751   -0.25355902   -0.00605636   -0.96730096   -0.77561020    0.59883550    0.19956167
    0.63699934    0.75948935   -0.13193850   -0.73000565    0.64931767    0.21325647    0.24763601   -0.03952838    0.96804644
    0.31406183    0.91316794   -0.25978737   -0.26731351    0.34761461    0.89872553    0.91099322   -0.21281071    0.35327460
    0.64860254    0.75515860   -0.09513271    0.71195266   -0.55774258    0.42666922    0.26914337   -0.34446873   -0.89939043
    0.75255476    0.65588726    0.05893408    0.41852862   -0.40727285   -0.81176512   -0.50842415    0.63556331   -0.58100272
    0.54506695    0.62363426    0.56034126   -0.37148320    0.77881103   -0.50542419   -0.75159980    0.06733265    0.65617380
    0.57856075    0.61656924    0.53395677   -0.79353986    0.57686069    0.19371691   -0.18857879   -0.53579298    0.82302122
    0.62534069    0.60375694    0.49439516   -0.16777066   -0.51471949    0.84078348    0.76210368   -0.60872112   -0.22058235
    0.75195454   -0.07414590    0.65503188    0.58172312   -0.39278966   -0.71226013    0.31010092    0.91663442   -0.25222759
    0.63200648   -0.01509073    0.77481616    0.75302783    0.24815241   -0.60940091   -0.18307619    0.96860345    0.16819767
    0.75237533   -0.07607951    0.65432658   -0.11233207    0.96394142    0.24124356   -0.64908618   -0.25500756    0.71669957
   -0.01057015   -0.26964979    0.96290044   -0.99489514   -0.09381051   -0.03719198    0.10035899   -0.95837810   -0.26728167
    0.99724906    0.01678258    0.07219873    0.04883667   -0.88149814   -0.46965521    0.05576102    0.47188916   -0.87989279
    0.99587689    0.08389036    0.03451983    0.01229417    0.25220706   -0.96759519   -0.08987806    0.96403008    0.25013583
