# Rotation matrices: 70 entries, row-major flattening of 3x3 -> 1x9
# https://github.com/Neurophysics-CFIN/GFO
# Col:  1    2    3    4    5    6    7    8    9
#       R11  R12  R13  R21  R22  R23  R31  R32  R33
# where Rij = R(i,j), i = row index, j = column index

   -0.95671607   -0.26964732   -0.10947456   -0.23870303    0.94226866   -0.23484172    0.16647888   -0.19854494   -0.96584921
   -0.99330859    0.02152891   -0.11346606    0.10540921    0.57044924   -0.81454070    0.04719045   -0.82105065   -0.56890148
   -0.92478160   -0.29115218   -0.24496816    0.35584369   -0.43380073   -0.82776337    0.13473774   -0.85267071    0.50477560
   -0.74864359   -0.09712322   -0.65581999    0.15118958   -0.98815623   -0.02624835   -0.64550328   -0.11880381    0.75446084
   -0.82455418    0.26734203   -0.49863678   -0.54357238   -0.12980884    0.82926397    0.15696965    0.95481826    0.25235416
   -0.85271179    0.45135203   -0.26299040    0.14463490    0.68775592    0.71138776    0.50195951    0.56857114   -0.65173883
   -0.80810312    0.29671979   -0.50884841    0.44013519    0.87827824   -0.18683773    0.39147204   -0.37494625   -0.84033621
   -0.83532513    0.54840716    0.03849055    0.19393792    0.35946777   -0.91278202   -0.51441230   -0.75500498   -0.40662940
   -0.79879741    0.59942915    0.05106263   -0.57320404   -0.73257782   -0.36710607   -0.18264673   -0.32251268    0.92877648
   -0.85702677    0.51490853    0.01934725   -0.45448418   -0.77308082    0.44248183    0.24279466    0.37042576    0.89656874
   -0.55131354    0.61869550    0.55970462    0.27072284   -0.50190165    0.82146447    0.78915304    0.60440931    0.10921017
   -0.36414561    0.80860644    0.46211859    0.92552607    0.25881777    0.27643236    0.10392048    0.52836444   -0.84263370
   -0.14848152    0.48071194    0.86421599    0.41625538    0.82309580   -0.38632211   -0.89704220    0.30237286   -0.32231344
   -0.22320365    0.29624418    0.92866545   -0.67804493    0.63726887   -0.36625600   -0.70031079   -0.71142657    0.05862612
   -0.61160080    0.28065205    0.73971541   -0.66640023   -0.68669579   -0.29044728    0.42644484   -0.67058431    0.60701029
   -0.47721614   -0.05865965    0.87682598    0.15190994   -0.98825555    0.01656332    0.86555654    0.14110286    0.48052248
   -0.39917990   -0.39736385    0.82629134    0.91572460   -0.21786824    0.33761202    0.04586783    0.89142324    0.45084448
   -0.66307024   -0.24707380    0.70660625    0.28728032    0.78768132    0.54500289   -0.69123648    0.56436927   -0.45130860
   -0.32308879   -0.58188378    0.74634101   -0.84210630    0.53661854    0.05382864   -0.43182244   -0.61110703   -0.66338343
   -0.64303518   -0.61849406    0.45163132   -0.57933733    0.00716139   -0.81505642    0.50087324   -0.78575684   -0.36292173
   -0.48395563   -0.70937170    0.51242438    0.30673754   -0.68592612   -0.65986168    0.81957247   -0.16216398    0.54954874
   -0.52565000   -0.83487605    0.16332194    0.82944878   -0.46033949    0.31638943   -0.18896241    0.30177729    0.93446438
   -0.54868619   -0.75773378    0.35324636    0.11166683    0.35231946    0.92919402   -0.82853726    0.54928182   -0.10869909
   -0.47091473   -0.87985716    0.06395860   -0.75757024    0.44048249    0.48172867   -0.45202506    0.17840000   -0.87398329
   -0.33030729   -0.94258371    0.04932581   -0.57113691    0.15798956   -0.80550725    0.75146506   -0.29423671   -0.59052945
   -0.62531247   -0.65671424   -0.42155751    0.52119783    0.05059730   -0.85193470    0.58080732   -0.75244025    0.31063891
   -0.27392080   -0.82732746   -0.49040460    0.88622252   -0.41520696    0.20545758   -0.37360011   -0.37832850    0.84693005
   -0.24118985   -0.81057857   -0.53365704   -0.10262283   -0.52550557    0.84457827   -0.96503679    0.25846910    0.04356274
   -0.00428420   -0.46897898   -0.88319893   -0.90681412   -0.37046108    0.20111374   -0.42150895    0.80175888   -0.42368964
    0.02175906   -0.36485384   -0.93081052   -0.18815244    0.91290021   -0.36223179    0.98189877    0.18301609   -0.04878429
    0.02107542    0.02098290   -0.99955767    0.60376919    0.79661489    0.02945300    0.79688054   -0.60412286    0.00412016
    0.01668790   -0.11235674   -0.99352779    0.97731934   -0.20797142    0.03993486   -0.21111234   -0.97166036    0.10633781
   -0.03094169    0.36277966   -0.93136112   -0.06678704   -0.93047519   -0.36021578   -0.99728737    0.05105717    0.05301945
   -0.04637469    0.48524770   -0.87314607   -0.96211981   -0.25677702   -0.09160260   -0.26865380    0.83582309    0.47877438
    0.03783316    0.46122016   -0.88647877   -0.54810879    0.75133780    0.36751636    0.83555096    0.47198250    0.28122430
    0.09064736    0.59736568   -0.79682953    0.66410884    0.55998347    0.49535641    0.74212028   -0.57408428   -0.34595481
   -0.20418102    0.94914898   -0.23963791    0.77143916    0.00530601   -0.63628097   -0.60265391   -0.31478256   -0.73329408
   -0.11158124    0.92024755   -0.37509210   -0.25420960   -0.39132254   -0.88444567   -0.96069095   -0.00333553    0.27760002
   -0.01208082    0.99499182   -0.09922366   -0.99469851   -0.00182393    0.10281807    0.10212216    0.09993975    0.98973891
    0.11750399    0.99177222   -0.05080036   -0.26677151    0.08079849    0.96036689    0.95656979   -0.09929486    0.27407072
   -0.11409392    0.99182144   -0.05720854    0.85362960    0.12733009    0.50507777    0.50823133    0.00879140   -0.86117572
    0.06357630    0.92836399    0.36619443    0.71930980    0.21172456   -0.66163897   -0.69177415    0.30547180   -0.65432065
    0.45124262    0.66237278    0.59803210   -0.43963386    0.74817563   -0.49694597   -0.77659653   -0.03867196    0.62881023
    0.32858711    0.72490951    0.60542276   -0.93697154    0.16956256    0.30550430    0.11880594   -0.66764867    0.73493565
    0.59613527    0.30882619    0.74111344   -0.17426449   -0.85128974    0.49491178    0.78374398   -0.42418412   -0.45366640
    0.34483009    0.39938703    0.84945995    0.79033648   -0.61177313   -0.03319467    0.50641925    0.68280571   -0.52660792
    0.53476212   -0.06512174    0.84248955    0.67427469    0.63380928   -0.37899793   -0.50929669    0.77074312    0.38284713
    0.56220249   -0.16217204    0.81094302   -0.67809024    0.47093953    0.56427793   -0.47341523   -0.86713101    0.15479610
    0.53439318    0.11903398    0.83681231   -0.83494566   -0.07967388    0.54453450    0.13149019   -0.98968833    0.05680972
    0.53644096   -0.21853634    0.81515211    0.29025740   -0.85919067   -0.42135737    0.79245299    0.46263728   -0.39747328
    0.44736583   -0.65837829    0.60531136    0.88363956    0.22094834   -0.41275048    0.13800341    0.71952753    0.68061384
    0.47885808   -0.61883812    0.62268316    0.39900398    0.78521872    0.47352654   -0.78197875    0.02170105    0.62292720
    0.37927911   -0.77139263    0.51098020   -0.49288073    0.29893833    0.81713185   -0.78308106   -0.56177334   -0.26682350
    0.46916446   -0.77634214    0.42092468   -0.82669046   -0.55372699   -0.09984639    0.31059232   -0.30113004   -0.90158367
    0.62328017   -0.76862295    0.14401593   -0.05613125   -0.22766221   -0.97212098    0.77998148    0.59781994   -0.18504111
    0.52501431   -0.75679324   -0.38938922    0.74807374    0.62852562   -0.21293480    0.40588872   -0.17949804    0.89612209
    0.09412294   -0.93906318   -0.33060735    0.43516090   -0.25987173    0.86203345   -0.89541938   -0.22500452    0.38418369
    0.51227627   -0.76706754   -0.38623881   -0.34128687   -0.59452059    0.72805806   -0.78809663   -0.24114863   -0.56634887
    0.56712478   -0.67869829   -0.46662417   -0.65401417   -0.02672025   -0.75601025    0.50063454    0.73393097   -0.45903201
    0.83226478   -0.16856928   -0.52812851    0.17400490    0.98393832   -0.03984564    0.52636263   -0.05873483    0.84822910
    0.53967613   -0.20443779   -0.81667305    0.84170299    0.15050491    0.51854059    0.01690401   -0.96724013    0.25329981
    0.77003038    0.00404331   -0.63799441    0.37610839   -0.81062536    0.44880843   -0.51535978   -0.58555118   -0.62572687
    0.89564386    0.16437253   -0.41328411   -0.33833866   -0.35135675   -0.87296930   -0.28870233    0.92169958   -0.25907693
    0.83377625   -0.02016350   -0.55173417   -0.53003595    0.25047071   -0.81013969    0.15452850    0.96791418    0.19814915
    0.99600065   -0.03721442   -0.08122682    0.06906671    0.89742035    0.43573675    0.05667891   -0.43960415    0.89640152
    0.88447429    0.42203408   -0.19897856    0.44741581   -0.64614864    0.61831304    0.13237945   -0.63590814   -0.76032658
    0.78334961    0.48439607   -0.38951745    0.43548313   -0.87484204   -0.21214583   -0.44352884   -0.00344393   -0.89625348
    0.80416363    0.55073886    0.22362370    0.03869808    0.32690668   -0.94426399   -0.59314695    0.76799657    0.24157392
    0.84712525    0.45570600    0.27333287   -0.52971936    0.76497431    0.36634915   -0.04214512   -0.45513332    0.88942535
    0.97689168   -0.20990993    0.04025512    0.00631610    0.21661059    0.97623765   -0.21364166   -0.95342418    0.21293090
