# Rotation matrices: 82 entries, row-major flattening of 3x3 -> 1x9
# https://github.com/Neurophysics-CFIN/GFO
# Col:  1    2    3    4    5    6    7    8    9
#       R11  R12  R13  R21  R22  R23  R31  R32  R33
# where Rij = R(i,j), i = row index, j = column index

   -0.99643009   -0.06262062    0.05661912   -0.04332870    0.95493815    0.29362521   -0.07245475    0.29012376   -0.95424238
   -0.94748648   -0.17387188    0.26839885   -0.27354141    0.00586298   -0.96184236    0.16566372   -0.98475083   -0.05311625
   -0.59439144    0.73209667    0.33276609    0.13402116    0.49819114   -0.85664691   -0.79292947   -0.46458589   -0.39423699
   -0.76989513    0.07281274   -0.63400299    0.07694560   -0.97563062   -0.20548544   -0.63351469   -0.20698598    0.74553064
   -0.67825863    0.25133530   -0.69050401   -0.73099323   -0.13496233    0.66890512    0.07492744    0.95844443    0.27526377
   -0.85536718    0.33777399   -0.39275401   -0.08768311    0.65283413    0.75240898    0.51054741    0.67802384   -0.52879581
   -0.82449957    0.42377341   -0.37498874    0.42319020    0.90170513    0.08853202    0.37564679   -0.08569695   -0.92279224
   -0.93569942    0.32053838   -0.14738298    0.23592742    0.25791324   -0.93691996   -0.26230678   -0.91144715   -0.31695306
   -0.84018966    0.54203343   -0.01676608   -0.43099472   -0.68619743   -0.58598348   -0.32912748   -0.48511117    0.81014953
   -0.69811309    0.70621749   -0.11787696   -0.63560230   -0.53548516    0.55611631    0.32961770    0.46315494    0.82270266
   -0.82941421    0.54945595    0.10084755    0.18895949    0.10605800    0.97624075    0.52570561    0.82876405   -0.19179093
   -0.55450398    0.73265815    0.39463574    0.82530270    0.42330865    0.37374489    0.10677452    0.53293697   -0.83939108
   -0.97290068    0.14833197    0.17737498    0.10575520    0.96763407   -0.22912909   -0.20562124   -0.20416152   -0.95709873
   -0.75668603    0.21761630    0.61649768   -0.54460525    0.31189568   -0.77854108   -0.36170620   -0.92485903   -0.11749212
   -0.79774593    0.10504580    0.59377336   -0.36774702   -0.86513962   -0.34102137    0.47787400   -0.49040679    0.72879189
   -0.65923943   -0.07867639    0.74780572    0.30655078   -0.93623218    0.17174380    0.68660760    0.34246071    0.64131948
   -0.49809958    0.11116631    0.85996445    0.86687221    0.08753849    0.49078465   -0.02072128    0.98993892   -0.13996987
   -0.38321634    0.06475931    0.92138562    0.25363810    0.96656983    0.03755634   -0.88815142    0.24809070   -0.38683078
   -0.38422830   -0.69624316    0.60631187   -0.82593927    0.55267503    0.11124138   -0.41254448   -0.45803469   -0.78740795
   -0.59611927   -0.66837141    0.44488367   -0.61545742    0.02455555   -0.78778753    0.51561030   -0.74342228   -0.42599217
   -0.54081627   -0.48965404    0.68392740    0.23854715   -0.86899614   -0.43352159    0.80660587   -0.07130660    0.58677282
   -0.27827987   -0.85592295    0.43583968    0.94550824   -0.16425230    0.28113226   -0.16903988    0.49032346    0.85499031
   -0.44397750   -0.85474763    0.26886887   -0.32090389    0.43183814    0.84293328   -0.83660306    0.28796234   -0.46601826
   -0.41588500   -0.88863430   -0.19330998   -0.82023901    0.27473191    0.50172736   -0.39274372    0.36722127   -0.84314940
   -0.42119961   -0.87514149   -0.23815597   -0.53793703    0.45246519   -0.71126577    0.73021548   -0.17147195   -0.66134917
   -0.35924384   -0.84000067   -0.40662358    0.55818166    0.15578526   -0.81496269    0.74791517   -0.51974015    0.41290807
   -0.43641126   -0.73106098   -0.52449504    0.84095339   -0.53868748    0.05111939   -0.31991030   -0.41876681    0.84987750
   -0.47977456   -0.68771951   -0.54484699   -0.10470007   -0.57167218    0.81377442   -0.87112242    0.44747378    0.20226948
   -0.36431026   -0.47750104   -0.79954411   -0.88387766   -0.09312644    0.45835330   -0.29332287    0.87368199   -0.38812559
   -0.34236464   -0.57708435   -0.74145809   -0.48551636    0.78428298   -0.38623059    0.80440059    0.22775834   -0.54869465
   -0.81123188   -0.23240596   -0.53655411    0.38843643    0.47168818   -0.79159800    0.43705832   -0.85058670   -0.29237355
   -0.27545934   -0.03295936   -0.96074754    0.92507276   -0.28091304   -0.25559391   -0.26146230   -0.95916711    0.10786993
   -0.20460815   -0.17690139   -0.96272603    0.03343841   -0.98422285    0.17374478   -0.97827265    0.00335757    0.20729532
   -0.53300072    0.41927966   -0.73492503   -0.76917462   -0.60200124    0.21439431   -0.35253460    0.67955800    0.64336637
    0.02518382    0.65435395   -0.75576894   -0.60106027    0.61400775    0.51158678    0.79880682    0.44137897    0.40876922
    0.08714659    0.58529839   -0.80612113    0.79889674    0.44235023    0.40754174    0.59512139   -0.67952341   -0.42904365
   -0.11756549    0.98432209   -0.13148528    0.77267726    0.00749681   -0.63475479   -0.62381744   -0.17622094   -0.76144466
    0.10549981    0.96790838   -0.22808586   -0.53468424   -0.13817553   -0.83367877   -0.83844055    0.20990687    0.50294786
    0.13087184    0.98797358   -0.08234542   -0.98316347    0.14002013    0.11740506    0.12752312    0.06559400    0.98966423
   -0.00870942    0.99630688    0.08542100   -0.25273985   -0.08484392    0.96380708    0.96749507   -0.01319509    0.25254539
   -0.00308169    0.99565425    0.09307585    0.89653991   -0.03847767    0.44128864    0.44295225    0.08480612   -0.89252519
   -0.20400657    0.85729770    0.47267533    0.80460074    0.42187625   -0.41789722   -0.55767282    0.29506114   -0.77584789
   -0.14299594    0.88822132    0.43659484   -0.35870181    0.36462646   -0.85929073   -0.92243437   -0.27948245    0.26646648
   -0.04164037    0.76784577    0.63928003   -0.99898183   -0.02087882   -0.03999226   -0.01736047   -0.64029442    0.76793337
    0.24667819    0.31423544    0.91673658   -0.53355990   -0.74564369    0.39916076    0.80898931   -0.58759813   -0.01627061
   -0.05484298    0.45560816    0.88848942    0.88378566   -0.39194726    0.25553913    0.46466671    0.79924874   -0.38116440
    0.06836550   -0.30625227    0.94949234    0.49641514    0.83598098    0.23389699   -0.86538903    0.45535189    0.20918052
    0.12207152    0.03520344    0.99189680   -0.58047095    0.81316703    0.04257771   -0.80507889   -0.58096480    0.11969911
    0.12786323    0.01877829    0.99161402   -0.92093866   -0.36886668    0.12573529    0.36813447   -0.92929261   -0.02987083
    0.13027532   -0.41159592    0.90200728    0.07115037   -0.90353383   -0.42256863    0.98892162    0.11922841   -0.08842295
    0.25411026   -0.63837866    0.72656773    0.94192193   -0.00720032   -0.33575473    0.21957017    0.76968880    0.59947318
    0.42692200   -0.70262243    0.56926209    0.38532090    0.71084949    0.58840531   -0.81808644   -0.03185459    0.57421239
    0.52061918   -0.78942959    0.32520240   -0.48067536    0.04378481    0.87580482   -0.70562516   -0.61227757   -0.35666414
    0.36518758   -0.85114061    0.37709110   -0.87093795   -0.45543261   -0.18452162    0.32879342   -0.26103794   -0.90760899
    0.21559596   -0.85578264    0.47027061    0.09756110   -0.46030895   -0.88238172    0.97159673    0.23611805   -0.01574965
    0.59363556   -0.80165001   -0.07038519    0.79502290    0.59777118   -0.10299614    0.12464110    0.00518433    0.99218835
    0.42668840   -0.90396332    0.02805943    0.40132144    0.21705286    0.88984783   -0.81048017   -0.36842689    0.45539380
    0.64289045   -0.49959159   -0.58060322   -0.39582372   -0.86564274    0.30657175   -0.65575563    0.03272448   -0.75426365
    0.40153969   -0.73308185   -0.54895982   -0.73656427    0.09772790   -0.66927000    0.54427838    0.67308265   -0.50072027
    0.12953591   -0.71740442   -0.68450811    0.20999726    0.69451368   -0.68815108    0.96908286   -0.05460455    0.24061743
    0.32972160   -0.44202607   -0.83420419    0.80886619    0.58793596    0.00817262    0.48684613   -0.67745425    0.55139513
    0.35696833   -0.42804427   -0.83027207    0.33184277   -0.77274517    0.54105940   -0.87318611   -0.46866086   -0.13380216
    0.57987859    0.13254454   -0.80384872   -0.63491713   -0.54475136   -0.54783774   -0.51051059    0.82805670   -0.23173485
    0.36600671    0.11095609   -0.92397393   -0.79288370    0.55698383   -0.24719313    0.48721096    0.82307822    0.29183510
    0.40906858    0.63773701   -0.65265182    0.24850270    0.61034157    0.75214997    0.87801441   -0.46986666    0.09119219
    0.25570891    0.44618672   -0.85763067    0.96402218   -0.05104238    0.26087526    0.07262357   -0.89348312   -0.44318589
    0.89544143    0.37560486   -0.23896785    0.04884406   -0.61644088   -0.78588479   -0.44249170    0.69204164   -0.57033277
    0.75127688    0.38916657   -0.53304074   -0.64861179    0.58466628   -0.48730698    0.12200736    0.71183897    0.69166428
    0.76220939    0.61069976   -0.21466871   -0.55451897    0.78707657    0.27022062    0.33398438   -0.08692683    0.93856175
    0.88979496    0.45613459    0.01435857    0.25018562   -0.51387498    0.82057276    0.38167013   -0.72654920   -0.57136168
    0.84278735    0.46484474    0.27134639    0.53291991   -0.64990201   -0.54187060   -0.07553714    0.60128758   -0.79545420
    0.57650908    0.81149561   -0.09545761   -0.11540943   -0.03478396   -0.99270879   -0.80889922    0.58332234    0.07360097
    0.65848632    0.18923562    0.72841311   -0.63263010    0.66343335    0.39954394   -0.40764560   -0.72391027    0.55657793
    0.80837535    0.49737001    0.31488470   -0.40626177    0.08426322    0.90986322    0.42600548   -0.86343661    0.27017873
    0.79645381    0.44400110    0.41051719    0.37224603   -0.89499627    0.24579374    0.47654404   -0.04294996   -0.87810083
    0.93057165   -0.00152301    0.36610666    0.35149779   -0.27597777   -0.89458682    0.10239977    0.96116281   -0.25628175
    0.69258802    0.07604779    0.71731344    0.23175870    0.91824283   -0.32111993   -0.68308838    0.38864744    0.61833925
    0.47736501   -0.41733925    0.77327265   -0.54471326    0.54997988    0.63309525   -0.68949990   -0.72342939    0.03521093
    0.93850058   -0.13944640    0.31586604   -0.30929436   -0.74615507    0.58956731    0.15347201   -0.65100485   -0.74339695
    0.89095962    0.44402979   -0.09501840    0.44840528   -0.82735636    0.33825163    0.07157973   -0.34397530   -0.93624641
    0.89164573   -0.25742776   -0.37242293   -0.09425857    0.69902692   -0.70885590    0.44281284    0.66715239    0.59901960
    0.92835934   -0.15254706   -0.33893706    0.37084507    0.44138937    0.81709813    0.02495730   -0.88425382    0.46633928
