# Rotation matrices: 30 entries, row-major flattening of 3x3 -> 1x9
# https://github.com/Neurophysics-CFIN/GFO
# Col:  1    2    3    4    5    6    7    8    9
#       R11  R12  R13  R21  R22  R23  R31  R32  R33
# where Rij = R(i,j), i = row index, j = column index

   -0.85179293   -0.49281592   -0.17771119   -0.50744223    0.86045211    0.04609286    0.13019668    0.12943974   -0.98300263
   -0.79319455   -0.59417322    0.13341888   -0.13315069   -0.04457070   -0.99009310    0.59423338   -0.80310126   -0.04376134
   -0.89320589   -0.12140792   -0.43294729    0.41342116   -0.60038179   -0.68456165   -0.17682246   -0.79044407    0.58645715
   -0.56942960   -0.04886495   -0.82058646   -0.11162824   -0.98438864    0.13608137   -0.81442560    0.16908938    0.55508532
   -0.98024168    0.16949114   -0.10197553   -0.11581811   -0.07387402    0.99051946    0.16035093    0.98275907    0.09204454
   -0.53616928    0.56197656   -0.62984510   -0.01843241    0.73819159    0.67433924    0.84390921    0.37316955   -0.38543707
   -0.88595744    0.40757339   -0.22127662    0.38705724    0.91265633    0.13132067    0.25547232    0.03069781   -0.96632890
   -0.58848310    0.80630673   -0.05964138    0.24184416    0.10515990   -0.96459981   -0.77149144   -0.58207461   -0.25688539
    0.13521393    0.97669188   -0.16670383   -0.93626125    0.07088872   -0.34407799   -0.32424076    0.20260247    0.92402390
    0.46768904    0.85873711    0.20937414   -0.73820394    0.24920540    0.62685852    0.48612951   -0.44773568    0.75047376
    0.24904650    0.74531332    0.61845282    0.39055267   -0.66163663    0.64008248    0.88625304    0.08212810   -0.45586239
   -0.43341348    0.77060062    0.46725521    0.84553892    0.52710368   -0.08500379   -0.31179592    0.35824068   -0.88002666
   -0.00473322    0.83308047    0.55313156    0.37591398    0.51404900   -0.77100085   -0.92664248    0.20428056   -0.31559970
    0.13092305    0.63464939    0.76162938   -0.91162508    0.37898452   -0.15909255   -0.38961374   -0.67349156    0.62818011
   -0.14982079    0.23340176    0.96076914   -0.91787356   -0.39403113   -0.04740887    0.36750764   -0.88896743    0.27326736
   -0.04611779    0.03622432    0.99827899    0.56749358   -0.82146955    0.05602514    0.82208527    0.56910067    0.01732729
    0.61418282    0.32624267    0.71857162    0.58727212    0.41928863   -0.69232109   -0.52715360    0.84720881    0.06592665
   -0.24166166    0.01134233    0.97029428    0.23216388    0.97156620    0.04646558   -0.94217810    0.23649623   -0.23742358
    0.22129600   -0.37688395    0.89943681   -0.94110079    0.15925008    0.29827625   -0.25565091   -0.91246803   -0.31944438
    0.04745013   -0.52933656    0.84708399   -0.79426515   -0.53424446   -0.28935400    0.60571558   -0.65907941   -0.44578355
   -0.10790273   -0.86688839    0.48668422    0.54150921   -0.46179808   -0.70250289    0.83374143    0.18774201    0.51925732
   -0.52871493   -0.47455052    0.70374877    0.84879406   -0.29263751    0.44035432   -0.00302708    0.83015968    0.55751748
   -0.13846421   -0.97920277    0.14828890    0.26969774    0.10679071    0.95700516   -0.95293798    0.17250414    0.24930208
    0.51955728   -0.79432502    0.31481420   -0.83254744   -0.38777050    0.39559929   -0.19215876   -0.46763425   -0.86278225
    0.54194741   -0.83064252   -0.12777327   -0.61854078   -0.29130823   -0.72975805    0.56894666    0.47452347   -0.67166001
    0.78746401   -0.37729733   -0.48738811    0.12910181    0.87417717   -0.46813140    0.60268828    0.30571394    0.73709282
    0.72857869   -0.21203018   -0.65131889    0.67488005    0.05966484    0.73551141   -0.11708978   -0.97544006    0.18656547
    0.68495218    0.41828305   -0.59655663    0.51727450   -0.85579758   -0.00613072   -0.51309610   -0.30438428   -0.80254757
    0.83688515    0.26559989   -0.47862297   -0.11683827   -0.76756297   -0.63023481   -0.53476356    0.58335563   -0.61132982
    0.96456547    0.25971153    0.04651210   -0.15651128    0.70513737   -0.69158189   -0.21240921    0.65979634    0.72079894
