# Rotation matrices: 15 entries, row-major flattening of 3x3 -> 1x9
# https://github.com/Neurophysics-CFIN/GFO
# Col:  1    2    3    4    5    6    7    8    9
#       R11  R12  R13  R21  R22  R23  R31  R32  R33
# where Rij = R(i,j), i = row index, j = column index

   -0.92872466    0.21920946    0.29902794   -0.05915340    0.70857200   -0.70315475   -0.36602100   -0.67072568   -0.64510131
   -0.09756360    0.47416861   -0.87501170    0.98868394    0.14684658   -0.03066191    0.11395356   -0.86810150   -0.48312977
   -0.63841265    0.36384343   -0.67826783    0.08944119   -0.84017882   -0.53488300   -0.76447993   -0.40214115    0.50383819
   -0.28732759   -0.07509438   -0.95488412   -0.28366647   -0.94552870    0.15971476   -0.91486403    0.31675906    0.25037473
    0.63166228    0.59744818   -0.49402271   -0.75692599    0.61300179   -0.22647704    0.16752851    0.51699563    0.83943416
    0.28577195    0.68638130   -0.66874144    0.24258115    0.62330129    0.74340426    0.92708618   -0.37466815    0.01161886
    0.13514785    0.98932124    0.05457606    0.98838322   -0.13074509   -0.07748766   -0.06952464    0.06441435   -0.99549843
   -0.22048225    0.97267026   -0.07280202   -0.05743621   -0.08745624   -0.99451118   -0.97369844   -0.21509059    0.07514905
   -0.65355080    0.67774601    0.33694465   -0.73471529   -0.46112754   -0.49754882   -0.18183727   -0.57273182    0.79932063
   -0.33199907    0.79885405    0.50160625   -0.60907216   -0.58760353    0.53268489    0.72028308   -0.12866352    0.68164359
    0.04159089    0.65684518    0.75287755    0.42045138   -0.69506763    0.58318233    0.90636132    0.29229333   -0.30507994
    0.38320050    0.39594305    0.83449774    0.90924803   -0.32070425   -0.26536164    0.16255887    0.86045214   -0.48290447
    0.77895305    0.06923346    0.62324865    0.54408426    0.41952802   -0.72661445   -0.31177631    0.90509832    0.28912379
    0.96887823    0.10106905   -0.22596467   -0.01423490    0.93408718    0.35676114    0.24712821   -0.34244152    0.90645543
    0.94472282    0.19449480   -0.26395184    0.24287943    0.12564630    0.96188492    0.22024619   -0.97282310    0.07146214
