# Rotation matrices: 99 entries, row-major flattening of 3x3 -> 1x9
# https://github.com/Neurophysics-CFIN/GFO
# Col:  1    2    3    4    5    6    7    8    9
#       R11  R12  R13  R21  R22  R23  R31  R32  R33
# where Rij = R(i,j), i = row index, j = column index

   -0.95631040   -0.23701083   -0.17116161   -0.20456382    0.96074232   -0.18742421    0.20886377   -0.14422224   -0.96725171
   -0.91882164   -0.37231310    0.13095703   -0.19666193    0.14421790   -0.96980683    0.34218543   -0.91683377   -0.20573034
   -0.92704400   -0.13485351   -0.34986275    0.36723148   -0.51493222   -0.77458753   -0.07569976   -0.84655734    0.52688728
   -0.84455480    0.30840801   -0.43773473   -0.33706609   -0.94139213   -0.01293498   -0.41606928    0.13662123    0.89901112
   -0.96571524    0.11812863   -0.23117030   -0.25949033   -0.41292868    0.87301470    0.00767119    0.90307006    0.42942475
   -0.90343208    0.36932396   -0.21773902   -0.00034732    0.50723770    0.86180612    0.42873109    0.77865893   -0.45812654
   -0.96994011    0.22688220   -0.08798099    0.24049341    0.83855798   -0.48885932   -0.03713631   -0.49532311   -0.86791469
   -0.65353099    0.52028897   -0.54972415    0.53186571   -0.20107641   -0.82260996   -0.53853145   -0.82998052   -0.14531419
   -0.73274475    0.66752339    0.13227872   -0.51490791   -0.41677071   -0.74911416   -0.44492132   -0.61702082    0.64909962
   -0.71429049    0.69308458   -0.09707143   -0.67359423   -0.64321304    0.36407114    0.18989448    0.32543931    0.92629873
   -0.82104171    0.38505942    0.42144959    0.22391580   -0.46187643    0.85821435    0.52512115    0.79899900    0.29299893
   -0.65086249    0.47615247    0.59131789    0.75427021    0.49413694    0.43232526   -0.08633928    0.72739777   -0.68076282
   -0.77183470    0.44175448    0.45730097    0.11084309    0.80169807   -0.58736190   -0.62608706   -0.40265764   -0.66774382
   -0.49662456    0.24591580    0.83239983   -0.54627130    0.65670729   -0.51992615   -0.67450109   -0.71292423   -0.19180022
   -0.61915432    0.10529650    0.77817773   -0.49469030   -0.82191282   -0.28238420    0.60986018   -0.55979637    0.56098003
   -0.51429072    0.06294280    0.85530302    0.16163647   -0.97231612    0.16874539    0.84224622    0.22503235    0.48987931
   -0.64481447   -0.16354151    0.74663812    0.76407578   -0.16356044    0.62404823    0.02006267    0.97288342    0.23042425
   -0.76691849   -0.33128097    0.54962618    0.06133558    0.81469712    0.57663381   -0.63880668    0.47594277   -0.60448698
   -0.52127716   -0.46704273    0.71424170   -0.68103091    0.73202426   -0.01836808   -0.51426357   -0.49599554   -0.69965806
   -0.64496368   -0.51294712    0.56648663   -0.40245643   -0.40216798   -0.82236837    0.64965427   -0.75838392    0.05294488
   -0.82472078   -0.52514292    0.20990605    0.47957083   -0.84611824   -0.23258493    0.29974566   -0.09115281    0.94965452
   -0.73093870   -0.60691038    0.31207115    0.68160014   -0.62651366    0.37802366   -0.03390965    0.48901986    0.87161328
   -0.54887064   -0.81548017    0.18366577   -0.13729285    0.30468219    0.94250700   -0.82455546    0.49209842   -0.27919070
   -0.58208994   -0.77449536   -0.24764540   -0.77587292    0.43790881    0.45415535   -0.24329511    0.45650062   -0.85581229
   -0.72875746   -0.65253217   -0.20763990   -0.39393895    0.64752856   -0.65231807    0.56011129   -0.39358421   -0.72894911
   -0.19923365   -0.97534793   -0.09488079    0.66599113   -0.06374081   -0.74323141    0.71886144   -0.21126647    0.66227238
   -0.74576891   -0.45388786   -0.48766232    0.58251479   -0.79946724   -0.14672643   -0.32327270   -0.39349452    0.86061421
   -0.40476383   -0.68355819   -0.60738327    0.08551379   -0.68961185    0.71911257   -0.91041399    0.23913112    0.33758359
   -0.21411258   -0.65984979   -0.72024583   -0.87490998   -0.19834619    0.44180460   -0.43438269    0.72474619   -0.53484076
   -0.28694521   -0.33045830   -0.89914391   -0.71535725    0.69818527   -0.02830779    0.63712357    0.63508633   -0.43673666
   -0.52618713   -0.23535191   -0.81715151    0.66109892    0.49118863   -0.56717013    0.53486010   -0.83865560   -0.10286625
   -0.38946225    0.12527632   -0.91248287    0.85922051   -0.30742691   -0.40893619   -0.33175181   -0.94328921    0.01209119
   -0.32037130    0.21687749   -0.92213144    0.08642064   -0.96268870   -0.25644089   -0.94334178   -0.16184749    0.28967514
   -0.27190887    0.24921185   -0.92949396   -0.95336581   -0.20123864    0.22493698   -0.13099314    0.94731012    0.29230863
   -0.13175794    0.57737045   -0.80578112   -0.54847391    0.63464428    0.54442906    0.82572163    0.51368277    0.23305321
   -0.23498042    0.80987215   -0.53748610    0.82807311    0.45636362    0.32561814    0.50899817   -0.36856389   -0.77786986
   -0.20912233    0.95407318   -0.21450457    0.83607052    0.06066706   -0.54525737   -0.50720207   -0.29336644   -0.81035930
   -0.33380941    0.92718783   -0.16998238   -0.49764309   -0.32648639   -0.80359069   -0.80057644   -0.18365558    0.57039284
   -0.30399203    0.85008828   -0.43004507   -0.95240389   -0.28194035    0.11591578   -0.02270841    0.44481407    0.89533501
    0.05111695    0.95312529    0.29822682   -0.32961185   -0.26578338    0.90593334    0.94273171   -0.14460765    0.30057536
   -0.28351835    0.91766888    0.27839031    0.90490146    0.15991464    0.39443714    0.31744401    0.36374597   -0.87573864
   -0.40326705    0.82517633    0.39554989    0.66666466    0.56102877   -0.49071880   -0.62684441    0.06580841   -0.77636032
    0.06529944    0.83334265    0.54888616   -0.69754123    0.43146261   -0.57208063   -0.71356304   -0.34551418    0.60946512
   -0.30513642    0.66618164    0.68050995   -0.88386763   -0.46412336    0.05803039    0.35449934   -0.58377352    0.73043733
   -0.04016413    0.22712276    0.97303756   -0.19752029   -0.95641127    0.21508885    0.97947567   -0.18355580    0.08327478
   -0.25466187    0.39600221    0.88222989    0.88528958   -0.27162510    0.37746810    0.38911399    0.87715566   -0.28140407
    0.04194974    0.11230880    0.99278747    0.74860303    0.65454252   -0.10567679   -0.66169005    0.74763682   -0.05661682
   -0.09419679   -0.13083798    0.98691863   -0.54479573    0.83649783    0.05889814   -0.83326141   -0.53212104   -0.15007539
   -0.11921977   -0.44906134    0.88551147   -0.85653116   -0.40454137   -0.32046942    0.50213645   -0.79667445   -0.33640570
   -0.13436840   -0.64241183    0.75448802   -0.00048086   -0.76135039   -0.64834046    0.99093133   -0.08747927    0.10199252
    0.08862613   -0.67979915    0.72802371    0.91164007   -0.23912429   -0.33426331    0.40132006    0.69332005    0.59853948
   -0.07371315   -0.83950920    0.53832209    0.49788728    0.43672825    0.74925075   -0.86410336    0.32325335    0.38578834
    0.20385005   -0.92598579    0.31779786   -0.46490659    0.19411549    0.86381771   -0.86157241   -0.32383561   -0.39092645
   -0.12482325   -0.98624492    0.10835178   -0.82820220    0.04343548   -0.55874365    0.54635178   -0.15948138   -0.82223198
   -0.03010572   -0.97462317    0.22181822   -0.01080268   -0.22158859   -0.97508041    0.99948834   -0.03175173   -0.00385745
    0.08083174   -0.96421473   -0.25249987    0.97601918    0.12794151   -0.17611796    0.20212075   -0.23220879    0.95143380
   -0.04689059   -0.96201025   -0.26895642    0.30614073   -0.27013577    0.91285515   -0.95083076   -0.03953420    0.30717734
   -0.12281520   -0.66517418   -0.73651866   -0.48801081   -0.60573477    0.62843523   -0.86415385    0.43661047   -0.25021875
   -0.09408945   -0.72968962   -0.67727412   -0.97904240    0.19123868   -0.07002676    0.18061881    0.65649130   -0.73239062
    0.29262678   -0.74250362   -0.60254290   -0.01756848    0.62584449   -0.77974997    0.95606533    0.23876149    0.17009420
    0.06388004   -0.21772621   -0.97391716    0.98697853    0.15814571    0.02938213    0.14762357   -0.96311226    0.22499345
   -0.04083993   -0.43803085   -0.89803178    0.34948057   -0.84827219    0.39786634   -0.93605311   -0.29759583    0.18772665
    0.56265933    0.04477111   -0.82547564   -0.74704755   -0.40008090   -0.53090039   -0.35402604    0.91538561   -0.19166311
    0.22673987    0.17559135   -0.95799619   -0.91422987    0.37751835   -0.14718577    0.33581659    0.90920161    0.24612932
    0.23907084    0.29365645   -0.92553283    0.36265602    0.85719358    0.36564980    0.90073623   -0.42306626    0.09843371
    0.24389330    0.69278509   -0.67864930    0.96760959   -0.12680481    0.21829391    0.06517477   -0.70990799   -0.70127234
    0.44550957    0.62209803   -0.64382860    0.37490634   -0.78268317   -0.49684232   -0.81299844   -0.02002741   -0.58192134
    0.60204192    0.65454851   -0.45728741   -0.68551839    0.13006888   -0.71634253   -0.40940207    0.74474716    0.52701196
    0.34003967    0.88383531   -0.32126027   -0.80669641    0.44972032    0.38339605    0.48333624    0.12878964    0.86590953
    0.51356788    0.85633864   -0.05414958    0.34684006   -0.14945801    0.92593967    0.78482483   -0.49431411   -0.37376938
    0.26422087    0.95183552   -0.15555216    0.96446094   -0.26102227    0.04101802   -0.00156016   -0.16086180   -0.98697571
    0.71483933    0.59598463    0.36579647    0.21211305    0.31365473   -0.92554242   -0.66634285    0.73920432    0.09779662
    0.49022993    0.82458310    0.28237798   -0.79104012    0.55695782   -0.25308795   -0.36596467   -0.09930102    0.92531571
    0.69242852    0.61273552    0.38091720   -0.52600264    0.06735912    0.84781128    0.49382584   -0.78741217    0.36894188
    0.63380122    0.28403278    0.71945910    0.22520400   -0.95760441    0.17965785    0.73998592    0.04815771   -0.67089617
    0.78826790    0.03914173    0.61408602    0.61384988    0.01920767   -0.78918907   -0.04268539    0.99904904   -0.00888635
    0.48300076    0.09742750    0.87018283    0.30643218    0.91214020   -0.27221236   -0.82024971    0.39813080    0.41070949
    0.57053326    0.41183163    0.71055366   -0.81621193    0.38024950    0.43498091   -0.09104878   -0.82813346    0.55308688
    0.33838150   -0.44647399    0.82834711   -0.45118337   -0.84947241   -0.27355106    0.82579145   -0.28117183   -0.48888739
    0.62054243   -0.13215618    0.77295656    0.45563413   -0.74147062   -0.49256356    0.63821989    0.65784198   -0.39989911
    0.60617759   -0.40687953    0.68337235    0.71338194    0.65802862   -0.24100736   -0.35161761    0.63359875    0.68914271
    0.44017061   -0.70554337    0.55539030   -0.04494149    0.60044760    0.79840024   -0.89678877   -0.37639238    0.23259122
    0.69322061   -0.49375388    0.52502599   -0.70539233   -0.31534424    0.63480680   -0.14787440   -0.81041046   -0.56689333
    0.81217824   -0.37096000    0.45028344   -0.13021900   -0.86760971   -0.47989207    0.56869105    0.33112244   -0.75295977
    0.64218446   -0.76630469   -0.01939705    0.34578680    0.31217685   -0.88485994    0.68412762    0.56153606    0.46545317
    0.68265241   -0.72733242    0.07052123    0.67816450    0.66652167    0.30958323   -0.27217384   -0.16351275    0.94825365
    0.61441163   -0.78885910   -0.01413053    0.07845585    0.04326563    0.99597829   -0.78507517   -0.61304927    0.08847352
    0.82938654   -0.47215475   -0.29864337   -0.50606199   -0.86139648   -0.04355885   -0.23668383    0.18725918   -0.95337021
    0.44441606   -0.75239353   -0.48620813   -0.57340676    0.17807390   -0.79968392    0.68825799    0.63418741   -0.35228863
    0.46055061   -0.43691393   -0.77265733    0.38426495    0.88281112   -0.27015730    0.80014598   -0.17248402    0.57446991
    0.98552090   -0.15981160    0.05664641   -0.05040553    0.04284184    0.99780953   -0.16188837   -0.98621744    0.03416614
    0.90273757    0.01353226   -0.42997879   -0.03038555   -0.99500302   -0.09510892   -0.42911723    0.09892353   -0.89781542
    0.79387553   -0.29816225   -0.52996313   -0.55651358   -0.00502000   -0.83082335    0.24505974    0.95450200   -0.16991659
    0.89163538    0.11008383   -0.43916729   -0.29382355    0.87867600   -0.37629272    0.34446201    0.46455360    0.81580382
    0.94791063   -0.00466419   -0.31850225    0.28393575    0.46558790    0.83821739    0.14438119   -0.88498935    0.44266005
    0.94966043    0.14418478   -0.27812914    0.30962804   -0.56715854    0.76319176   -0.04770268   -0.81088960   -0.58325168
    0.87793967    0.47382024   -0.06867537    0.25485197   -0.58392861   -0.77076446   -0.40530532    0.65918265   -0.63340811
    0.84205252    0.21049666    0.49662733    0.18462766    0.75261828   -0.63204299   -0.50681375    0.62390454    0.59488062
    0.99446982    0.02007998    0.10308528   -0.05967351    0.91574866    0.39729520   -0.08642253   -0.40124954    0.91188264
