# Rotation matrices: 14 entries, row-major flattening of 3x3 -> 1x9
# https://github.com/Neurophysics-CFIN/GFO
# Col:  1    2    3    4    5    6    7    8    9
#       R11  R12  R13  R21  R22  R23  R31  R32  R33
# where Rij = R(i,j), i = row index, j = column index

   -0.99184086   -0.02369870    0.12526008   -0.08461514    0.85730639   -0.50780512   -0.09535194   -0.51426076   -0.85231677
   -0.72874074   -0.09266461   -0.67849112    0.60107895    0.38814200   -0.69860567    0.32808692   -0.91692915   -0.22715614
   -0.74176898   -0.10115634   -0.66298279    0.32808057   -0.91692910   -0.22716548   -0.58492899   -0.38601608    0.71333699
    0.29974741    0.32907984   -0.89546521   -0.89584830   -0.22565164   -0.38280171   -0.32803552    0.91694482    0.22716712
    0.58492112    0.38603249   -0.71333456   -0.32807071    0.91692488    0.22719677    0.74177954    0.10113199    0.66297468
   -0.11535355    0.83861554   -0.53236974    0.09522053    0.54281491    0.83443695    0.98875002    0.04556273   -0.14246904
   -0.08744005    0.84187824   -0.53253664    0.99156525    0.02221547   -0.12769037   -0.09566919   -0.53921008   -0.83671973
   -0.32808068    0.91692336    0.22718850    0.29978089    0.32912799   -0.89543631   -0.89582057   -0.22566858   -0.38285664
   -0.32808843    0.91692985    0.22715114   -0.72326250   -0.08914762   -0.68479491   -0.60765890   -0.38896318    0.69242927
   -0.32807751    0.91693006    0.22716603   -0.90589743   -0.37355794    0.19951015    0.26779653   -0.14033433    0.95320055
    0.09072924    0.54245266    0.83517263    0.18882077   -0.83278964    0.52039228    0.97781129    0.11048314   -0.17798470
    0.10915831    0.52846323    0.84190918    0.98901619    0.02717307   -0.14528800   -0.09965662    0.84852120   -0.51969253
    0.90498579    0.37403214   -0.20273304   -0.27085847    0.13906724   -0.95252086   -0.32807989    0.91692980    0.22716365
    0.98752222    0.03746155   -0.15295915    0.08866416    0.67045898    0.73662977    0.13014813   -0.74100026    0.65877164
