# Rotation matrices: 17 entries, row-major flattening of 3x3 -> 1x9
# https://github.com/Neurophysics-CFIN/GFO
# Col:  1    2    3    4    5    6    7    8    9
#       R11  R12  R13  R21  R22  R23  R31  R32  R33
# where Rij = R(i,j), i = row index, j = column index

   -0.81786850   -0.42341968    0.38962403   -0.49644060    0.86160538   -0.10574927   -0.29092584   -0.27991419   -0.91488262
   -0.95460765    0.29768518   -0.01038098    0.21817403    0.67505683   -0.70476831   -0.20279133   -0.67504208   -0.70936159
   -0.78667865    0.34121661   -0.51449774    0.42876929   -0.29762204   -0.85298184   -0.44417744   -0.89162343    0.08782970
   -0.49907724    0.58600169   -0.63837601   -0.81913859   -0.55938004    0.12690919   -0.28272580    0.58625592    0.75919044
    0.06248564    0.80365474   -0.59180622   -0.81846714    0.38059428    0.43041785    0.57114541    0.45747901    0.68154668
    0.36437095    0.18201776   -0.91329258    0.65380801    0.64837049    0.39006513    0.66315074   -0.73924640    0.11724270
    0.35774580    0.80288885   -0.47685159    0.76176847    0.04444056    0.64632332    0.54011734   -0.59446996   -0.59571699
    0.51008608    0.82422269   -0.24590473    0.28388504   -0.43120177   -0.85643115   -0.81192455    0.36704494   -0.45393451
   -0.49439816    0.86170419   -0.11417687   -0.53827391   -0.40664104   -0.73817631   -0.68251862   -0.30349458    0.66487546
   -0.18803565    0.91801865    0.34911939   -0.65223428   -0.38247937    0.65444632    0.73432489   -0.10464839    0.67068299
    0.23712071    0.84395120    0.48116541    0.39040048   -0.53631894    0.74829771    0.88958486    0.01041032   -0.45665128
   -0.31307942    0.61062103    0.72740857    0.93755185    0.07646581    0.33933687    0.15158435    0.78822264   -0.59642875
   -0.45079865    0.28078795    0.84731264    0.01205787    0.95106518   -0.30875496   -0.89254422   -0.12896953   -0.43212460
    0.31080031    0.25246955    0.91633089   -0.66719696    0.74458100    0.02115065   -0.67694268   -0.61794681    0.39986292
    0.42394284    0.45404730    0.78365395   -0.67783013   -0.41480263    0.60702973    0.60068193   -0.78853017    0.13191434
    0.90115719    0.00441206    0.43347002    0.14327572   -0.94678335   -0.28822450    0.40913054    0.32184131   -0.85383276
    0.94822245   -0.01341696   -0.31732344   -0.31035638   -0.25140587   -0.91677369   -0.06747667    0.96778875   -0.24255273
