# Rotation matrices: 79 entries, row-major flattening of 3x3 -> 1x9
# https://github.com/Neurophysics-CFIN/GFO
# Col:  1    2    3    4    5    6    7    8    9
#       R11  R12  R13  R21  R22  R23  R31  R32  R33
# where Rij = R(i,j), i = row index, j = column index

   -0.98794371    0.04849560    0.14702177    0.04585520    0.99872104   -0.02129769   -0.14786658   -0.01429921   -0.98890394
   -0.99893224   -0.00327830   -0.04608281    0.04064761    0.41172016   -0.91040336    0.02195780   -0.91130443   -0.41114728
   -0.59313396   -0.28307593   -0.75369763    0.72053533   -0.60430170   -0.34007101   -0.35919484   -0.74477344    0.56239807
   -0.83238194    0.39224415   -0.39151607   -0.27021274   -0.90403171   -0.33122763   -0.48386504   -0.16991527    0.85848904
   -0.79494080    0.47152287   -0.38175295   -0.57557358   -0.38722797    0.72025659    0.19179204    0.79228826    0.57921942
   -0.73736473    0.28810188   -0.61097509   -0.29132035    0.68041766    0.67243160    0.60944706    0.67381682   -0.41778604
   -0.74306175    0.48010734   -0.46621474    0.60622129    0.77798275   -0.16504118    0.28346954   -0.40526509   -0.86914051
   -0.76275175    0.59586532   -0.25130517    0.24491313   -0.09349148   -0.96502689   -0.59852095   -0.79762389   -0.07462445
   -0.83138714    0.55385951   -0.04511172   -0.29566879   -0.50963324   -0.80799377   -0.47050547   -0.65841750    0.58746149
   -0.78229915    0.61063369    0.12302251   -0.50482373   -0.73721624    0.44907151    0.36491238    0.28920358    0.88498601
   -0.86163514    0.35996852    0.35778143    0.16965977   -0.46010456    0.87150408    0.47833090    0.81161965    0.33537008
   -0.79010754    0.44138149    0.42533805    0.57950238    0.76401582    0.28364910   -0.19976753    0.47059771   -0.85943629
   -0.89096093    0.16324036    0.42372303   -0.07893556    0.86325935   -0.49855037   -0.44716641   -0.47763571   -0.75624488
   -0.84111421    0.26330021    0.47244035   -0.48213999    0.03080694   -0.87555237   -0.24508756   -0.96422193    0.10103541
   -0.59776001    0.39213609    0.69922261   -0.34772221   -0.91270865    0.21459770    0.72233803   -0.11485731    0.68193517
   -0.50061744   -0.11444247    0.85807057    0.35037449   -0.93319073    0.07995488    0.79159326    0.34067284    0.50726928
   -0.44516945   -0.01163630    0.89537074    0.89513877    0.02042290    0.44531954   -0.02346794    0.99972371    0.00132445
   -0.47537245   -0.09173948    0.87498851    0.27253159    0.93027276    0.24559951   -0.83650915    0.35521325   -0.41722414
   -0.40310978   -0.65547120    0.63863919   -0.75831565    0.62990566    0.16785779   -0.51230838   -0.41662497   -0.75097520
   -0.42174903   -0.62171908    0.65999480   -0.70033323   -0.23896190   -0.67262960    0.57590027   -0.74589718   -0.33462858
   -0.38765707   -0.71073322    0.58700962    0.37236993   -0.70327560   -0.60559398    0.84324530   -0.01617805    0.53728543
   -0.56602704   -0.80288660    0.18704678    0.81091900   -0.50141467    0.30165161   -0.14840404    0.32242276    0.93489026
   -0.58820727   -0.54738029    0.59530414    0.15780812    0.64427502    0.74833568   -0.79316379    0.53412032   -0.29258620
   -0.26017901   -0.96505316    0.03129339   -0.80654105    0.23503380    0.54244875   -0.53084688    0.11589437   -0.83950586
   -0.39669619   -0.90276307   -0.16628584   -0.59180340    0.38999595   -0.70545865    0.70171282   -0.18144423   -0.68896815
   -0.48982840   -0.86913635    0.06833850    0.26061373   -0.22077627   -0.93986080    0.83195470   -0.44256056    0.33465136
   -0.34544238   -0.66665873   -0.66048142    0.72732821   -0.63493895    0.26047305   -0.59301201   -0.39040834    0.70421452
   -0.48085748   -0.71087417   -0.51325821   -0.14524677   -0.51270701    0.84618845   -0.86468460    0.48144514    0.14328683
   -0.27536011   -0.23747996   -0.93154714   -0.94602444   -0.10534742    0.30649581   -0.17092270    0.96566308   -0.19565337
   -0.42767780   -0.54556453   -0.72072952   -0.20341428    0.83496354   -0.51133014    0.88074646   -0.07207787   -0.46807099
   -0.29386439   -0.34085971   -0.89300525    0.60009322    0.66140022   -0.44993097    0.74399721   -0.66810508    0.01018563
   -0.28697822    0.18977959   -0.93895006    0.91388281   -0.23958960   -0.32774233   -0.28716147   -0.95214523   -0.10467931
   -0.39296147    0.07494457   -0.91649582   -0.25839393   -0.96551487    0.03183731   -0.88250431    0.24932779    0.39877536
    0.08250633    0.60257310   -0.79378735   -0.99618943    0.02727014   -0.08284294   -0.02827223    0.79759764    0.60252692
   -0.15859746    0.49886791   -0.85204322   -0.56676530    0.66062631    0.49229053    0.80847012    0.56098456    0.17796737
   -0.17858676    0.74506903   -0.64263435    0.83603455    0.45928894    0.30016645    0.51879958   -0.48365877   -0.70492637
   -0.34660201    0.90831386   -0.23416443    0.88962025    0.23916603   -0.38906995   -0.29739346   -0.34316984   -0.89094983
    0.04854927    0.96400705   -0.26140652   -0.45513883   -0.21161293   -0.86490960   -0.88909595    0.16096699    0.42848339
    0.03657480    0.97461392   -0.22088459   -0.99730108    0.02151697   -0.07019664   -0.06366185    0.22285587    0.97277049
   -0.00670449    0.99951318    0.03047056   -0.06746848   -0.03085395    0.99724422    0.99769888    0.00463021    0.06764249
   -0.12109797    0.99037975    0.06695691    0.85343599    0.06943055    0.51655243    0.50693421    0.11969689   -0.85363362
    0.28998177    0.76534599    0.57459210    0.81648170    0.11536963   -0.56572739   -0.49926767    0.63319457   -0.59143591
   -0.05326266    0.83683959    0.54485099   -0.48069217    0.45676213   -0.74853416   -0.87527031   -0.30177453    0.37793387
    0.05824164    0.79352995    0.60573768   -0.99774449    0.06655414    0.00874566   -0.03337440   -0.60488079    0.79561635
   -0.07844338    0.17555351    0.98133970   -0.02546579   -0.98440462    0.17406619    0.99659326   -0.01133625    0.08169063
   -0.08610429    0.36275293    0.92789890    0.91864846   -0.33154263    0.21485922    0.38557886    0.87091320   -0.30469518
   -0.09850886   -0.22659743    0.96899412    0.73372278    0.64127046    0.22455083   -0.67226995    0.73309331    0.10308887
    0.22726198    0.04945762    0.97257696   -0.49336085    0.86690581    0.07119958   -0.83961126   -0.49601235    0.22141519
    0.44283600   -0.24968331    0.86113560   -0.81784448   -0.50611098    0.27382855    0.36745977   -0.82553614   -0.42832628
    0.06574473   -0.51440627    0.85502270   -0.08844933   -0.85650789   -0.50849872    0.99390862   -0.04219507   -0.10180977
    0.21009780   -0.68992114    0.69272486    0.87154932   -0.18889230   -0.45246158    0.44301321    0.69880506    0.56161444
    0.43052259   -0.72434104    0.53849825    0.41907592    0.68883220    0.59151127   -0.79939082   -0.02898731    0.60011171
    0.31947625   -0.94439944    0.07774718   -0.51433014   -0.10390955    0.85127393   -0.79586395   -0.31194952   -0.51892973
    0.57560545   -0.81708059    0.03252174   -0.78293925   -0.56215851   -0.26642814    0.23597563    0.12789495   -0.96330597
    0.33541976   -0.81429205    0.47373203    0.12900987   -0.45842271   -0.87932080    0.93319346    0.35605768   -0.04871232
    0.28916206   -0.89951082   -0.32751425    0.84586274    0.40028052   -0.35255031    0.44822040   -0.17508793    0.87660863
    0.52944788   -0.81191544   -0.24592328    0.40505945   -0.01276672    0.91420121   -0.74539372   -0.58363544    0.32211471
    0.09255247   -0.75501123   -0.64914720   -0.42517524   -0.61948743    0.65989494   -0.90036662    0.21492641   -0.37834717
    0.50423924   -0.67551165   -0.53798402   -0.83547219   -0.22399802   -0.50180783    0.21846968    0.70250189   -0.67731979
    0.46050339   -0.74676731   -0.47987000    0.04296427    0.55872018   -0.82824261    0.88661756    0.36079127    0.28937685
    0.25454110   -0.49863939   -0.82859374    0.83730853    0.54233926   -0.06915606    0.48386285   -0.67618554    0.55556265
    0.31115349   -0.40920069   -0.85775189    0.49802151   -0.69849584    0.51388533   -0.80941836   -0.58707611   -0.01354867
    0.64047570   -0.05415065   -0.76606696   -0.67673699   -0.51137556   -0.52964336   -0.36306739    0.85764954   -0.36416937
    0.47491982    0.12926196   -0.87048407   -0.76303041    0.55329873   -0.33413338    0.43844699    0.82289238    0.36140334
    0.90686006    0.25945344   -0.33209748    0.28129335    0.21413671    0.93542478    0.31381344   -0.94171619    0.12120950
    0.72847290    0.41203101   -0.54731863    0.68487398   -0.41867034    0.59637469    0.01657879   -0.80928709   -0.58717931
    0.94959362    0.13641783   -0.28224482   -0.05211667   -0.81912010   -0.57124961   -0.30912104    0.55716465   -0.77072157
    0.86947694    0.47824063    0.12367597   -0.20977334    0.58414875   -0.78406975   -0.44721918    0.65578665    0.60822601
    0.78471011    0.54304696   -0.29888133   -0.48093305    0.83758358    0.25914698    0.39106707   -0.05961334    0.91842953
    0.60220697    0.78307643   -0.15536432    0.24601115    0.00311477    0.96926199    0.75949014   -0.62191769   -0.19076980
    0.58011951    0.76139338    0.28938120    0.81424940   -0.55143368   -0.18143544    0.02143080    0.34088270   -0.93986153
    0.78768302    0.43834324    0.43290953    0.40843053    0.15453080   -0.89961366   -0.46123742    0.88542387   -0.05731148
    0.91982804    0.19773258    0.33884834   -0.32181075    0.87429056    0.36339214   -0.22439744   -0.44330332    0.86782945
    0.78383539    0.56838898    0.25007209   -0.52795121    0.39798475    0.75025040    0.32690918   -0.72009867    0.61203618
    0.81517953    0.16064482    0.55648501    0.11301449   -0.98641673    0.11920471    0.56807575   -0.03428237   -0.82226192
    0.78419605   -0.06038403    0.61756807    0.61426991   -0.06528120   -0.78639102    0.08780105    0.99603822   -0.01410117
    0.80891053    0.09404011    0.58036214    0.33454139    0.73811804   -0.58588721   -0.48347266    0.66808549    0.56561115
    0.99597818    0.00257377    0.08955917   -0.08462636    0.35530955    0.93091004   -0.02942528   -0.93474515    0.35409837
    0.92638085    0.37526464   -0.03154312    0.36011792   -0.85825258    0.36567417    0.11015262   -0.35011279   -0.93020827
