# Rotation matrices: 73 entries, row-major flattening of 3x3 -> 1x9
# https://github.com/Neurophysics-CFIN/GFO
# Col:  1    2    3    4    5    6    7    8    9
#       R11  R12  R13  R21  R22  R23  R31  R32  R33
# where Rij = R(i,j), i = row index, j = column index

   -0.99502294    0.06041162   -0.07924507    0.03440527    0.95464270    0.29575934    0.09351803    0.29156088   -0.95196987
   -0.94557554   -0.24005598   -0.21968163   -0.03979115    0.75534136   -0.65412238    0.32296061   -0.60978074   -0.72378442
   -0.69996799   -0.26878843   -0.66166275    0.70481409   -0.40949499   -0.57926760   -0.11524715   -0.87181801    0.47607925
   -0.83299276    0.07227634   -0.54854279   -0.17238306   -0.97598567    0.13317679   -0.52574437    0.20549478    0.82544821
   -0.90143505    0.21221077   -0.37733466   -0.42324725   -0.24884035    0.87117177    0.09097595    0.94501062    0.31413104
   -0.89098187    0.21178696   -0.40161871   -0.17349128    0.65862262    0.73220012    0.41958561    0.72205438   -0.55007763
   -0.72282984    0.60934692   -0.32590390    0.65294205    0.75667024   -0.03341882    0.22623813   -0.23695248   -0.94481206
   -0.73738788    0.66329018   -0.12769202    0.25244213    0.09527019   -0.96291046   -0.62652381   -0.74227335   -0.23769347
   -0.86398834    0.48558446    0.13316113   -0.39037963   -0.47898213   -0.78624415   -0.31800614   -0.73128917    0.60339726
   -0.90614291    0.42278209   -0.01266225   -0.34354428   -0.71819014    0.60512829    0.24674350    0.55268275    0.79602728
   -0.91042643    0.30060937    0.28417904    0.28245494   -0.05016472    0.95796801    0.30222993    0.95242717   -0.03923731
   -0.68223825    0.65269024    0.32946385    0.73080480    0.59533578    0.33391565    0.02180187    0.46858379   -0.88314999
   -0.79417284    0.38495543    0.47021146    0.39617642    0.91470641   -0.07972720   -0.46079686    0.12296951   -0.87894525
   -0.56804145    0.40738015    0.71510162   -0.53970768    0.47158369   -0.69736966   -0.62132482   -0.78208071   -0.04801288
   -0.34484419    0.51147996    0.78706463   -0.72506352   -0.67766243    0.12270506    0.59612531   -0.52835772    0.60454341
   -0.47381506   -0.23635022    0.84831472    0.09393090   -0.97137908   -0.21817349    0.87560052   -0.02369092    0.48245462
   -0.52447988   -0.20127632    0.82728998    0.85136492   -0.11264452    0.51233679   -0.00993158    0.97303600    0.23043938
   -0.45193142   -0.17267806    0.87518014    0.51297838    0.75233453    0.41333515   -0.72980215    0.63574763   -0.25142350
   -0.30037113   -0.64980293    0.69823587   -0.84152091    0.52515304    0.12671562   -0.44902087   -0.54951837   -0.70456357
   -0.29721529   -0.69268268    0.65715582   -0.63749787   -0.36841627   -0.67665790    0.71081610   -0.62004852   -0.33208479
   -0.37451713   -0.83708555    0.39877902    0.39126464   -0.53258833   -0.75050760    0.84062411   -0.12504982    0.52698543
   -0.59652725   -0.70536109    0.38291118    0.79413568   -0.44965827    0.40884711   -0.11620567    0.54797187    0.82838582
   -0.40661448   -0.86392911    0.29713830    0.11541956    0.27405633    0.95476251   -0.90627975    0.42251583   -0.01172095
   -0.63758880   -0.72337505    0.26496991   -0.68578085    0.68964596    0.23257919   -0.35097741   -0.03342140   -0.93578730
   -0.59850813   -0.80098827   -0.01434590   -0.47406798    0.36855115   -0.79964342    0.64579220   -0.47179216   -0.60030375
   -0.54495876   -0.79024337   -0.28024162    0.49624087   -0.03457451   -0.86749617    0.67584388   -0.61181698    0.41099274
   -0.58719754   -0.76764142   -0.25676000    0.76582421   -0.62958781    0.13089105   -0.26213036   -0.11977412    0.95757080
   -0.29609531   -0.88109684   -0.36877626   -0.04951018   -0.37141219    0.92714709   -0.95387437    0.29278208    0.06635014
   -0.24849692   -0.53943203   -0.80452618   -0.88049562   -0.22037031    0.41971941   -0.40370378    0.81268076   -0.42020620
   -0.23827007   -0.21966886   -0.94603011   -0.30244096    0.94243180   -0.14265961    0.92290673    0.25212673   -0.29099016
   -0.12448651   -0.26838466   -0.95523441    0.62106240    0.72973029   -0.28596364    0.77381174   -0.62885879    0.07584205
    0.08062921   -0.29313306   -0.95266570    0.98917593   -0.09402551    0.11265070   -0.12259652   -0.95143692    0.28237896
   -0.04122370    0.20876522   -0.97709656   -0.11270308   -0.97265814   -0.20306197   -0.99277320    0.10175083    0.06362505
    0.05788213    0.48434985   -0.87295755   -0.97727331   -0.15112856   -0.14865071   -0.20392777    0.86172233    0.46459454
    0.03739843    0.50255438   -0.86373633   -0.49104836    0.76202986    0.42211610    0.87032917    0.40834983    0.27527722
   -0.25425907    0.47756368   -0.84100253    0.58542307    0.76817107    0.25921619    0.76982605   -0.42643422   -0.47489126
   -0.14703842    0.95607526   -0.25357405    0.75198314   -0.05849099   -0.65658218   -0.64257378   -0.28722622   -0.71035205
   -0.12273369    0.96909404   -0.21399341   -0.41572066   -0.24599668   -0.87559235   -0.90117300   -0.01850320    0.43306450
    0.02836694    0.96175858   -0.27242567   -0.99308668    0.05817077    0.10195594    0.11390421    0.26765012    0.95675976
   -0.23591929    0.95944029    0.15432570   -0.28247999   -0.21965885    0.93378533    0.92981027    0.17670405    0.32284444
    0.06761951    0.97644561    0.20489404    0.82932827   -0.16917693    0.53253524    0.55465504    0.13391465   -0.82123362
    0.05109177    0.93329811    0.35544939    0.87190526    0.13187296   -0.47158323   -0.48700190    0.33401221   -0.80700991
    0.12860392    0.80106459    0.58459949   -0.47070135    0.56816768   -0.67500054   -0.87286956   -0.18836405    0.45013077
    0.01726794    0.87315438    0.48713780   -0.99741185    0.04905326   -0.05256792   -0.06979561   -0.48496928    0.87174157
    0.50923806    0.44511707    0.73657816   -0.05608256   -0.83688137    0.54450373    0.85879645   -0.31859122   -0.40120854
    0.23551400    0.46509886    0.85335585    0.78212966   -0.61190863    0.11764790    0.57689371    0.63972719   -0.50788066
    0.62507908   -0.12558075    0.77039316    0.62155954    0.67710493   -0.39394499   -0.47216510    0.72509199    0.50130004
    0.41849003   -0.05864953    0.90632573   -0.74161990    0.55398438    0.37828723   -0.52427667   -0.83045863    0.18834129
    0.38435349   -0.03075020    0.92267374   -0.90095514   -0.23050442    0.36762420    0.20137586   -0.97258529   -0.11629973
    0.53847019   -0.37703182    0.75358932    0.03309045   -0.88416339   -0.46600442    0.84199458    0.27586610   -0.46361947
    0.45807487   -0.61486448    0.64195723    0.88341006    0.23465216   -0.40561685    0.09876274    0.75291436    0.65066573
    0.61646014   -0.73424402    0.28436353    0.47310697    0.63409196    0.61163484   -0.62940185   -0.24251412    0.73826838
    0.45922932   -0.57572441    0.67649822   -0.66874239    0.27721211    0.68988192   -0.58471536   -0.76921704   -0.25770738
    0.13452193   -0.89365368    0.42812025   -0.87728773   -0.30828979   -0.36786361    0.46072777   -0.32609892   -0.82546315
    0.30746006   -0.81077448    0.49810948    0.12854141   -0.48327937   -0.86597815    0.94283902    0.33028139   -0.04437101
    0.44023323   -0.89506726   -0.07105848    0.87495722    0.44541652   -0.18987888    0.20160499    0.02141786    0.97923271
    0.42365415   -0.85997799   -0.28452595    0.32429846   -0.14928914    0.93410024   -0.84578228   -0.48800677    0.21564257
    0.56678214   -0.72153307   -0.39767831   -0.39921523   -0.66276967    0.63353260   -0.72068384   -0.20031573   -0.66369301
    0.40672034   -0.68375952   -0.60584774   -0.83014629    0.00021990   -0.55754560    0.38136034    0.72970739   -0.56753099
    0.11034579   -0.53680665   -0.83645827    0.11515425    0.84283498   -0.52570780    0.98719973   -0.03831208    0.15481885
    0.56476735   -0.15140082   -0.81124326    0.79481030    0.36431577    0.48533556    0.22206851   -0.91888618    0.32608859
    0.59853541   -0.29375678   -0.74529345    0.12851207   -0.88308392    0.45127314   -0.79072120   -0.36588216   -0.49080570
    0.79856160    0.47290000   -0.37237746   -0.23296832   -0.32760595   -0.91564191   -0.55500013    0.81794861   -0.15144281
    0.29311538    0.09566585   -0.95127884   -0.75586369    0.63246189   -0.16929869    0.58545151    0.76866118    0.25769465
    0.93451531    0.10569996   -0.33986565    0.17243452    0.70088661    0.69211581    0.31136390   -0.70539739    0.63676294
    0.87199888    0.06886423   -0.48463974    0.38925378   -0.69787382    0.60121013   -0.29681551   -0.71290241   -0.63535085
    0.84549322    0.25950921   -0.46668639    0.10935434   -0.93959158   -0.32435983   -0.52266896    0.22320986   -0.82279677
    0.87730426    0.33609499   -0.34260385   -0.42552418    0.21457469   -0.87913985   -0.22196038    0.91705936    0.33126383
    0.71576843    0.65996862    0.22829141   -0.64896428    0.50788005    0.56648321    0.25791649   -0.55362377    0.79182057
    0.79789384    0.41265454    0.43941056   -0.31532212   -0.33554438    0.88768346    0.51374836   -0.84683304   -0.13760969
    0.78654553    0.32306711    0.52628297    0.41303101   -0.90877643   -0.05942035    0.45907680    0.26410800   -0.84823078
    0.97005078    0.17570435    0.16771841    0.20635163   -0.23184441   -0.95061410   -0.12814246    0.95675292   -0.26115773
    0.97774748    0.12390169   -0.16928741   -0.16573516    0.95094027   -0.26123640    0.12861459    0.28348011    0.95031432
