# Rotation matrices: 80 entries, row-major flattening of 3x3 -> 1x9
# https://github.com/Neurophysics-CFIN/GFO
# Col:  1    2    3    4    5    6    7    8    9
#       R11  R12  R13  R21  R22  R23  R31  R32  R33
# where Rij = R(i,j), i = row index, j = column index

   -0.94662405    0.30374575    0.10789548    0.31642715    0.93947339    0.13139107   -0.06145546    0.15851901   -0.98544150
   -0.99959665   -0.00401669    0.02811403   -0.02699102    0.44225751   -0.89648189   -0.00883275   -0.89687912   -0.44218754
   -0.65495761   -0.06172045   -0.75314084    0.59241430   -0.66067073   -0.46104173   -0.46912241   -0.74813419    0.46927540
   -0.66606953    0.39082599   -0.63530027   -0.05033399   -0.87334470   -0.48449512   -0.74418941   -0.29073024    0.60138013
   -0.83191995    0.38083984   -0.40357182   -0.54378170   -0.41470011    0.72960625    0.11050185    0.82642897    0.55209103
   -0.80793427    0.38786822   -0.44362197   -0.22329290    0.49517505    0.83960822    0.54532788    0.77740589   -0.31346067
   -0.74560444    0.51413050   -0.42396208    0.63672275    0.73735022   -0.22560762    0.19661677   -0.43816034   -0.87713018
   -0.76579711    0.60892977   -0.20678327    0.29887631    0.05229425   -0.95285795   -0.56940999   -0.79149848   -0.22204147
   -0.86552479    0.49914909    0.04143709   -0.32771421   -0.50180290   -0.80049812   -0.37877465   -0.70643049    0.59790110
   -0.83281107    0.53034009    0.15863518   -0.39611762   -0.77113155    0.49844455    0.38667372    0.35227195    0.85228394
   -0.79163044    0.31240337    0.52509559    0.40448525   -0.37616949    0.83359955    0.45794425    0.87229619    0.17142466
   -0.58823568    0.67525402    0.44498404    0.80046877    0.56444189    0.20163111   -0.11501542    0.47480244   -0.87254461
   -0.89690600    0.09073259    0.43281315   -0.16971876    0.83315080   -0.52636041   -0.40835666   -0.54555232   -0.73185893
   -0.95558958    0.06496611    0.28745079   -0.29402450   -0.14413194   -0.94486802   -0.01995356   -0.98742361    0.15683261
   -0.54340624    0.34532555    0.76515353   -0.49816304   -0.86628603    0.03717659    0.67567984   -0.36096922    0.64277366
   -0.75744986   -0.08906827    0.64678942    0.13029088   -0.99134563    0.01606608    0.63976089    0.09644002    0.76249939
   -0.40418563   -0.05042124    0.91328619    0.91367941   -0.06887634    0.40055709    0.04270723    0.99635021    0.07390767
   -0.18035135    0.00131152    0.98360138    0.09258697    0.99558162    0.01564908   -0.97923493    0.09389100   -0.17967592
   -0.61131210   -0.63478557    0.47259369   -0.69568532    0.71571305    0.06145545   -0.37725250   -0.29120803   -0.87913505
   -0.41163743   -0.65290602    0.63582101   -0.74138491   -0.16583129   -0.65026795    0.53000287   -0.73906273   -0.41579231
   -0.33091979   -0.82331222    0.46113890    0.35888310   -0.56175393   -0.74540958    0.87275140   -0.08117582    0.48136833
   -0.51229757   -0.80425778    0.30119864    0.83161021   -0.37699980    0.40779359   -0.21441934    0.45939153    0.86196506
   -0.20297602   -0.78865951    0.58035930    0.29436597    0.51613393    0.80433478   -0.93388940    0.33409869    0.12739171
   -0.26506682   -0.96263784    0.05538935   -0.85085536    0.26053925    0.45625043   -0.45363502    0.07380853   -0.88812587
   -0.33352629   -0.89755304   -0.28837259   -0.73722214    0.43896910   -0.51362403    0.58759147    0.04128754   -0.80810371
   -0.50951533   -0.84473020   -0.16378345    0.44861966   -0.09836379   -0.88829329    0.73425780   -0.52607552    0.42908044
   -0.37155226   -0.53547579   -0.75842903    0.74594591   -0.65853089    0.09950760   -0.55273286   -0.52877477    0.64411461
   -0.45241517   -0.72695130   -0.51658719   -0.21838939   -0.47131245    0.85450023   -0.86465403    0.49940603    0.05447046
   -0.43256508   -0.34556329   -0.83275054   -0.87121543   -0.07756868    0.48473371   -0.23210153    0.93518400   -0.26750657
   -0.41147863   -0.52878776   -0.74234011   -0.16909729    0.84463936   -0.50792761    0.89559558   -0.08347366   -0.43696763
   -0.31247421   -0.25211760   -0.91585839    0.65254705    0.64367655   -0.39982853    0.69032038   -0.72257679   -0.03661373
   -0.12538061   -0.03761273   -0.99139547    0.93277924   -0.34485099   -0.10488413   -0.33793873   -0.93790355    0.07832200
   -0.43650496    0.08375839   -0.89579459   -0.32543722   -0.94293826    0.07041343   -0.83878128    0.32226071    0.43885533
    0.18430354    0.54186263   -0.82001043   -0.97995057    0.16555570   -0.11085214    0.07569077    0.82400012    0.56151109
    0.08965097    0.54312039   -0.83485504   -0.63998417    0.67368771    0.36954719    0.76314020    0.50116375    0.40798521
   -0.17152113    0.78979810   -0.58889681    0.91525361    0.34893006    0.20139175    0.36454262   -0.50444700   -0.78271445
   -0.16390679    0.84209998   -0.51381143    0.94086193   -0.02310345   -0.33800158   -0.29650194   -0.53882636   -0.78851300
    0.02605219    0.98913613   -0.14467550   -0.58397912   -0.10240339   -0.80528376   -0.81135052    0.10546688    0.57496702
   -0.08003389    0.99386730   -0.07630438   -0.99159258   -0.08719140   -0.09561279   -0.10167951    0.06801060    0.99248972
    0.01248449    0.99980070    0.01557899   -0.04302093   -0.01502870    0.99896113    0.99899616   -0.01314174    0.04282473
   -0.32488582    0.90732597    0.26684976    0.82298682    0.13220417    0.55246244    0.46598487    0.39910105   -0.78966857
    0.05421014    0.83601056    0.54602894    0.83163379    0.26486349   -0.48809074   -0.55267214    0.48055558   -0.68089635
   -0.00526250    0.85663329    0.51589894   -0.39680764    0.47176103   -0.78739141   -0.91788671   -0.20885629    0.33743598
    0.08283782    0.82304027    0.56190979   -0.99499944    0.09987974    0.00038890   -0.05580332   -0.55913214    0.82719843
   -0.04089542    0.62077092    0.78292466   -0.34865508   -0.74319229    0.57105592    0.93635848   -0.24961709    0.24682809
   -0.20003012    0.45120748    0.86971246    0.73666018   -0.51599546    0.43712751    0.64600288    0.72812121   -0.22917195
   -0.09634013   -0.19667800    0.97572350    0.68797859    0.69526296    0.20807419   -0.71930803    0.69132277    0.06832853
    0.27059379    0.04867999    0.96146204   -0.39244276    0.91754762    0.06399251   -0.87907206   -0.39463479    0.26738680
    0.35034886   -0.28111076    0.89343853   -0.89751224   -0.37352130    0.23442187    0.26781981   -0.88400146   -0.38316312
    0.05838776   -0.49413468    0.86742250    0.06724282   -0.86498480   -0.49727226    0.99602674    0.08736254   -0.01727751
    0.38414249   -0.48135151    0.78786755    0.79756644   -0.25686990   -0.54580731    0.46510463    0.83804450    0.28523517
    0.29826653   -0.66134065    0.68823370    0.54082549    0.71123384    0.44905926   -0.78647623    0.23827498    0.56980713
    0.29356590   -0.94045871    0.17133730   -0.58748075   -0.03609904    0.80843257   -0.75411235   -0.33798561   -0.56309884
    0.65374190   -0.71892873    0.23614192   -0.60431281   -0.68382389   -0.40888986    0.45544215    0.12460485   -0.88150217
    0.32388745   -0.80806295    0.49206827    0.20456733   -0.44798625   -0.87032208    0.92371485    0.38254749    0.02020616
    0.47370717   -0.87925552   -0.05011234    0.82620251    0.46338586   -0.32041061    0.30494415    0.11037787    0.94595232
    0.51185957   -0.85248144   -0.10618463    0.33042333    0.08127102    0.94032731   -0.79298184   -0.51640141    0.32327911
    0.41379149   -0.77582924   -0.47630411   -0.45604107   -0.62946833    0.62912332   -0.78791062   -0.04311164   -0.61427863
    0.54580023   -0.52688665   -0.65153094   -0.78439767   -0.04784956   -0.61840983    0.29465642    0.84858758   -0.43940496
    0.51130078   -0.75442303   -0.41160346   -0.01936868    0.46870438   -0.88314272    0.85918354    0.45952378    0.22503674
    0.20322399   -0.43376963   -0.87780631    0.94778441    0.31218439    0.06515836    0.24577371   -0.84521288    0.47456345
    0.39313440   -0.36777908   -0.84272409    0.23707548   -0.84498839    0.47936399   -0.88839212   -0.38824370   -0.24500260
    0.60258224    0.04140431   -0.79698201   -0.70108962   -0.44964224   -0.55343943   -0.38127155    0.89224859   -0.24191830
    0.42793590    0.17284588   -0.88712748   -0.66942692    0.72008118   -0.18262172    0.60723839    0.67201741    0.42385628
    0.77474405    0.50272121   -0.38346192    0.22968220    0.34127951    0.91146826    0.58908212   -0.79422899    0.14893816
    0.79402402    0.34666882   -0.49934615    0.60425192   -0.36042130    0.71061670    0.06637366   -0.86597760   -0.49565848
    0.58512853    0.41140176   -0.69883703   -0.07937564   -0.82856765   -0.55423385   -0.80704654    0.37976868   -0.45216329
    0.81777452    0.56415661    0.11389534   -0.37933388    0.67715855   -0.63052526   -0.43284020    0.47242314    0.76776672
    0.79861662    0.56105505   -0.21778137   -0.40318268    0.76740805    0.49852644    0.44682796   -0.31032582    0.83907250
    0.57388238    0.81869948   -0.01975276    0.26365165   -0.16186812    0.95093981    0.77533659   -0.55093545   -0.30874473
    0.66521160    0.71697333    0.20842931    0.73865178   -0.67268301   -0.04348695    0.10902788    0.18288471   -0.97707016
    0.85863350    0.42268509    0.28997557    0.23595553    0.17628501   -0.95564040   -0.45505330    0.88896620    0.05162933
    0.95822275    0.12841173    0.25557696   -0.22861966    0.88082008    0.41459502   -0.17187846   -0.45570430    0.87337929
    0.63468788    0.63628266    0.43853811   -0.75273671    0.38066926    0.53710182    0.17481059   -0.67099575    0.72055948
    0.81858990    0.11307341    0.56313851    0.07462128   -0.99305792    0.09092651    0.56951052   -0.03240941   -0.82134487
    0.78741188   -0.00865699    0.61636643    0.61592250   -0.02940569   -0.78725776    0.02493997    0.99953007   -0.01782236
    0.83912521    0.14405342    0.52451644    0.24644057    0.75896068   -0.60269870   -0.48490816    0.63500181    0.60136244
    0.96500090    0.22902245    0.12775751   -0.22203697    0.45430093    0.86273417    0.13954514   -0.86090614    0.48925225
    0.98136460    0.19214148   -0.00227498    0.18718739   -0.95325291    0.23721251    0.04340973   -0.23321780   -0.97145512
    0.90602524   -0.02237627   -0.42263171   -0.28247419   -0.77559849   -0.56449562   -0.31516121    0.63082983   -0.70903253
