# Rotation matrices: 83 entries, row-major flattening of 3x3 -> 1x9
# https://github.com/Neurophysics-CFIN/GFO
# Col:  1    2    3    4    5    6    7    8    9
#       R11  R12  R13  R21  R22  R23  R31  R32  R33
# where Rij = R(i,j), i = row index, j = column index

   -0.96862445    0.14030467    0.20513723    0.14777242    0.98878832    0.02147029   -0.19982491    0.05111027   -0.97849770
   -0.93879468   -0.12537611   -0.32085104    0.20140249    0.55586602   -0.80650481    0.27946662   -0.82176262   -0.49659300
   -0.97322846   -0.21235542    0.08792914   -0.05912380   -0.13838519   -0.98861212    0.22210523   -0.96734416    0.12212515
   -0.84049949    0.10151166   -0.53221798   -0.04818351   -0.99240420   -0.11319118   -0.53966559   -0.06949300    0.83900642
   -0.70343853    0.29841024   -0.64507796   -0.67968672   -0.01701988    0.73330504    0.20784658    0.95428594    0.21479792
   -0.66412956    0.65441655   -0.36148430    0.11137294    0.56472179    0.81773185    0.73927532    0.50282032   -0.44793273
   -0.83384690    0.49443342   -0.24542807    0.53791669    0.82762113   -0.16027759    0.12387486   -0.26566683   -0.95607330
   -0.88243471    0.46005722   -0.09826668    0.10306699   -0.01474323   -0.99456515   -0.45900565   -0.88776686   -0.03440678
   -0.86031058    0.49771231    0.11021874   -0.43121563   -0.59521017   -0.67806927   -0.27188011   -0.63087820    0.72668693
   -0.69732179    0.66654820    0.26354471   -0.59181661   -0.74286013    0.31290882    0.40434567    0.06222800    0.91248685
   -0.62325935    0.60170376    0.49950011    0.49061183   -0.19654055    0.84892393    0.60897275    0.77416044   -0.17270725
   -0.65646705    0.57480675    0.48851635    0.73408317    0.63589588    0.23824007   -0.17370354    0.51500838   -0.83940065
   -0.90355509    0.25170065    0.34674917   -0.03607012    0.76171364   -0.64690901   -0.42695100   -0.59702521   -0.67917136
   -0.85171627    0.16965211    0.49577974   -0.50509674   -0.01394594   -0.86295006   -0.13948718   -0.98540533    0.09756871
   -0.63743162    0.17923701    0.74936975   -0.35485467   -0.93157522   -0.07903018    0.68392916   -0.31629369    0.65741859
   -0.77594644   -0.15508618    0.61143715    0.27182020   -0.95690122    0.10224398    0.56922833    0.24553683    0.78465966
   -0.50272232   -0.13201507    0.85430808    0.86423559   -0.05484995    0.50008832   -0.01916044    0.98972901    0.14166642
   -0.32653653   -0.12625306    0.93671450   -0.03942399    0.99199553    0.11996088   -0.94436203    0.00224259   -0.32890018
   -0.52181183   -0.71063716    0.47191868   -0.76261240    0.63650712    0.11524326   -0.38227574   -0.29975574   -0.87407766
   -0.72211768   -0.50545999    0.47228831   -0.44131847   -0.18914081   -0.87719084    0.53271387   -0.84186457   -0.08648690
   -0.27128632   -0.68150892    0.67966854    0.44671797   -0.71463933   -0.53826915    0.85255310    0.15759509    0.49831416
   -0.65798968   -0.75141592    0.04923106    0.71234262   -0.59990983    0.36424743   -0.24416712    0.27474043    0.93000006
   -0.52887497   -0.82128860    0.21395397   -0.18241918    0.35620871    0.91642708   -0.82886339    0.44564603   -0.33820866
   -0.38982342   -0.90963557   -0.14352988   -0.83176935    0.28090436    0.47880319   -0.39521824    0.30603245   -0.86611008
   -0.22890841   -0.97131041   -0.06447505   -0.45416262    0.16514615   -0.87547876    0.86100944   -0.17112229   -0.47893623
   -0.53268462   -0.75967854   -0.37300886    0.54820248    0.02605560   -0.83593968    0.64476441   -0.64977659    0.40257824
   -0.24916375   -0.64179276   -0.72527200    0.87765916   -0.46624033    0.11106016   -0.40942866   -0.60886945    0.67944548
   -0.42712287   -0.59381710   -0.68187045    0.04903421   -0.76822212    0.63830277   -0.90286305    0.23919873    0.35724259
   -0.34120156   -0.44834760   -0.82617548   -0.92987023    0.03236790    0.36646102   -0.13756035    0.89327306   -0.42794906
   -0.22535862   -0.35217514   -0.90839758   -0.52058613    0.83164683   -0.19327084    0.82353116    0.42934394   -0.37075627
   -0.46553529   -0.40180089   -0.78856384    0.58935630    0.52396833   -0.61491166    0.66025453   -0.75100815   -0.00712186
   -0.49647651   -0.04641828   -0.86680818    0.76610076   -0.49296975   -0.41239599   -0.40816750   -0.86880732    0.28030898
   -0.32548077    0.14917906   -0.93370652   -0.05046390   -0.98880917   -0.14039164   -0.94420107    0.00142369    0.32936653
   -0.38383926    0.73172221   -0.56324952   -0.92190401   -0.33837617    0.18866521   -0.05253969    0.59167911    0.80445970
   -0.36013402    0.54810273   -0.75490852   -0.63511544    0.44867279    0.62874566    0.68332413    0.70588676    0.18652617
    0.09714061    0.66835156   -0.73747535    0.88500649    0.28098937    0.37122564    0.45533197   -0.68873156   -0.56419999
   -0.06571209    0.88352400   -0.46375345    0.83345969   -0.20694701   -0.51236499   -0.54865915   -0.42018838   -0.72278272
    0.03472438    0.87357484   -0.48544950   -0.42671988   -0.42627868   -0.79761935   -0.90371697    0.23484779    0.35796949
    0.04822940    0.97462885   -0.21856927   -0.99356208    0.02435425   -0.11064020   -0.10251004    0.22249825    0.96952886
   -0.00596975    0.99080083    0.13519641   -0.49977864   -0.12005841    0.85779210    0.86613259   -0.06244748    0.49589782
    0.01753295    0.98649488    0.16285101    0.86253659   -0.09730075    0.49655130    0.50569084    0.13175895   -0.85259390
   -0.07808410    0.69621296    0.71357578    0.82155916    0.45040116   -0.34954160   -0.56475075    0.55895108   -0.60714931
   -0.05068535    0.78379381    0.61894932   -0.34266279    0.56847779   -0.74794065   -0.93809019   -0.25000054    0.23976348
   -0.05275949    0.90725359    0.41726174   -0.99839859   -0.03938160   -0.04061216   -0.02041310   -0.41873621    0.90787846
   -0.03637138    0.26014027    0.96488557   -0.46807917   -0.85749703    0.21354328    0.88293772   -0.44387597    0.15295459
   -0.19627937    0.24414821    0.94966629    0.86696464   -0.40925361    0.28440076    0.45809029    0.87914910   -0.13133982
    0.06488945   -0.37512393    0.92470070    0.58081677    0.76771333    0.27068084   -0.81144392    0.51951735    0.26769477
   -0.07665800   -0.19409020    0.97798392   -0.62973544    0.76989297    0.10343158   -0.77301800   -0.60794228   -0.18124393
    0.12380425   -0.07064468    0.98978878   -0.94463112   -0.31385187    0.09575516    0.30388247   -0.94684018   -0.10558936
    0.19076270   -0.62372004    0.75801247    0.12029956   -0.75151826   -0.64865116    0.97423694    0.21492702   -0.06832840
    0.05711511   -0.42441472    0.90366477    0.97181866   -0.18371535   -0.14770635    0.22870584    0.88663454    0.40196122
    0.50619089   -0.63821705    0.58004292    0.52909272    0.76094389    0.37553333   -0.68105189    0.11680494    0.72285886
    0.52300260   -0.83364490    0.17749495   -0.50274500   -0.13356615    0.85405360   -0.68827011   -0.53590695   -0.48896625
    0.54179147   -0.83386784    0.10548189   -0.78314523   -0.54639047   -0.29688550    0.30519757    0.07824240   -0.94906932
    0.18235893   -0.95025148    0.25252199    0.10358833   -0.23683118   -0.96601266    0.97776003    0.20231936    0.05524668
    0.21732028   -0.97269575   -0.08145472    0.88077956    0.23138169   -0.41314632    0.42071280    0.01804142    0.90701447
    0.32845763   -0.93962646   -0.09600888    0.41136917    0.05081203    0.91005140   -0.85022996   -0.33840842    0.40322295
    0.32646392   -0.72216105   -0.60983993   -0.40479520   -0.68984867    0.60020801   -0.85414411    0.05091402   -0.51753802
    0.44169495   -0.71178391   -0.54614031   -0.82689781   -0.08681773   -0.55561019    0.34805973    0.69701244   -0.62691951
    0.56346510   -0.71561049   -0.41280589    0.00122137    0.50040143   -0.86579265    0.82613897    0.48733975    0.28283277
    0.22523988   -0.41541359   -0.88130503    0.96526838    0.21804551    0.14392051    0.13237807   -0.88311251    0.45009814
    0.29886423   -0.38118136   -0.87486053    0.13773157   -0.88993239    0.43479922   -0.94430408   -0.25044184   -0.21346825
    0.46596672    0.11988417   -0.87664292   -0.69538126   -0.56301087   -0.44661356   -0.54710138    0.81770811   -0.17897912
    0.62544061    0.03012240   -0.77969012   -0.57931444    0.68732635   -0.43815210    0.52270338    0.72572386    0.44733215
    0.48471471    0.55487865   -0.67613707    0.13995551    0.71385559    0.68616518    0.86340263   -0.42722346    0.26835798
    0.43310443    0.62077482   -0.65349764    0.89952076   -0.34377386    0.26959588   -0.05729707   -0.70459787   -0.70728982
    0.87584791    0.13529754   -0.46323322   -0.24899720   -0.69556114   -0.67393998   -0.41338945    0.70561269   -0.57551706
    0.54535665    0.76076432   -0.35188603   -0.67706400    0.15233160   -0.71998571   -0.49413607    0.63089836    0.59816119
    0.72259435    0.62197356   -0.30167250   -0.42133761    0.74224639    0.52109971    0.54802556   -0.24943774    0.79840391
    0.75855159    0.62924011    0.16928193    0.24119093   -0.51247074    0.82413632    0.60533166   -0.58432065   -0.54050251
    0.81610424    0.56783670    0.10740275    0.57701766   -0.81094888   -0.09701824    0.03200762    0.14115028   -0.98947062
    0.43972836    0.87276793    0.21193187    0.08045745    0.19674132   -0.97714863   -0.89451974    0.44673146    0.01629206
    0.65724296    0.52793641    0.53787994   -0.46353549    0.84588415   -0.26384625   -0.59427817   -0.07591535    0.80066867
    0.83861659    0.25222462    0.48280944   -0.49369740   -0.02260938    0.86933980    0.23018492   -0.96740455    0.10556204
    0.96000427    0.16515255    0.22608945    0.07096876   -0.92466747    0.37410361    0.27084172   -0.34309578   -0.89940539
    0.76005098    0.48926451    0.42771807    0.64894005   -0.53633502   -0.53964948   -0.03463116    0.68772450   -0.72514529
    0.56174079   -0.00725090    0.82728152    0.41491721    0.86757985   -0.27413302   -0.71574507    0.49724504    0.49036351
    0.95111608   -0.10637154    0.28993671   -0.20465419    0.48600337    0.84965721   -0.23128957   -0.86745940    0.44047624
    0.65483100   -0.26603148    0.70740626   -0.71560457   -0.51934102    0.46711347    0.24311820   -0.81210354   -0.53045395
    0.68936374   -0.11662282    0.71496626    0.32239756   -0.83443625   -0.44696304    0.64871985    0.53862349   -0.53763118
    0.86998893   -0.47207555    0.14235144    0.41673933    0.54969444   -0.72399196    0.26352911    0.68918843    0.67496053
    0.99584346    0.08948738    0.01696518   -0.08482714    0.84340094    0.53054615    0.03316874   -0.52978002    0.84748626
    0.92293142    0.22683614   -0.31103529    0.38352623   -0.47202207    0.79379015    0.03324477   -0.85190406   -0.52264161
