# Rotation matrices: 35 entries, row-major flattening of 3x3 -> 1x9
# https://github.com/Neurophysics-CFIN/GFO
# Col:  1    2    3    4    5    6    7    8    9
#       R11  R12  R13  R21  R22  R23  R31  R32  R33
# where Rij = R(i,j), i = row index, j = column index

   -0.78512444   -0.30364034   -0.53979826   -0.27302639    0.95199958   -0.13839574    0.55591025    0.03872129   -0.83033997
   -0.80456832   -0.36658810   -0.46720764    0.20134062    0.57174908   -0.79533951    0.55868754   -0.73397285   -0.38620212
   -0.98586870   -0.14259687   -0.08791490    0.15448506   -0.57093560   -0.80632928    0.06478629   -0.80851634    0.58489662
   -0.55656696    0.23483383   -0.79692301   -0.59197419   -0.78512101    0.18207569   -0.58292347    0.57309517    0.57598798
   -0.49643641   -0.02375983   -0.86774787   -0.86070384   -0.11650323    0.49559651   -0.11287072    0.99290607    0.03738627
   -0.67830382    0.39664360   -0.61852872   -0.18017463    0.72630186    0.66334207    0.71234896    0.56139064   -0.42118821
   -0.83052060    0.51049188   -0.22278594    0.54924491    0.68414681   -0.47986788   -0.09255037   -0.52090420   -0.84858308
   -0.87615980    0.37227744   -0.30619194    0.34742154    0.04739701   -0.93651044   -0.33412913   -0.92691047   -0.17086455
   -0.77626428    0.62308095    0.09583262   -0.56479435   -0.61985884   -0.54477735   -0.28003769   -0.47701692    0.83308688
   -0.31190422    0.94210412    0.12310806   -0.90465208   -0.33407714    0.26456961    0.29037971   -0.02884958    0.95647652
   -0.55355872    0.71101099    0.43363132    0.38239043   -0.24555515    0.89077507    0.73983126    0.65891278   -0.13595461
    0.55959754    0.69798531    0.44684124    0.74762245   -0.19247729   -0.63562030   -0.35764684    0.68976010   -0.62953931
    0.17552661    0.74545685    0.64302760    0.22344111    0.60595636   -0.76347295   -0.95878281    0.27768863   -0.06020424
    0.34943737    0.28532115    0.89246029   -0.78847568    0.60410707    0.11558872   -0.50616166   -0.74407425    0.43606637
   -0.06719920    0.43683347    0.89702887   -0.81580592   -0.54165472    0.20265949    0.57440837   -0.71818290    0.39277009
    0.04159987    0.28170353    0.95859928    0.20296667   -0.94180756    0.26796090    0.97830158    0.18341657   -0.09635550
   -0.37104234    0.12161831    0.92061749    0.91840706   -0.09853928    0.38316901    0.13731736    0.98767353   -0.07513287
    0.06346150   -0.34518471    0.93638675    0.15023802    0.93088956    0.33297622   -0.98661096    0.11954972    0.11093551
    0.11178028   -0.65999920    0.74290392   -0.97692026    0.06395165    0.20380625   -0.18202189   -0.74853941   -0.63761806
   -0.29045679   -0.56773134    0.77027007   -0.80336362   -0.29263566   -0.51862440    0.51984782   -0.76944493   -0.37109669
    0.02328354   -0.70614759    0.70768175    0.57937742   -0.56734893   -0.58518117    0.81472675    0.42363991    0.39591608
    0.15061137   -0.93438467    0.32286452    0.82883368    0.29735917    0.47393275   -0.53884223    0.19622133    0.81923516
    0.05238331   -0.95497722    0.29201796    0.22797848    0.29613341    0.92754020   -0.97225604    0.01798619    0.23322670
   -0.58666337   -0.78793859    0.18702637   -0.79741031    0.60234207    0.03634322   -0.14129007   -0.12781552   -0.98168239
   -0.34427009   -0.90874080   -0.23594121   -0.63770409    0.41077162   -0.65161352    0.68906574   -0.07387037   -0.72092411
    0.06805777   -0.99765846    0.00676351    0.51333101    0.02920353   -0.85769367    0.85548782    0.06184464    0.51411655
    0.12790580   -0.79176834   -0.59727966    0.96626100   -0.03626716    0.25499876   -0.22356158   -0.60974387    0.76041609
    0.60302117   -0.55676841   -0.57129188   -0.13620177   -0.77749499    0.61396304   -0.78601180   -0.29242174   -0.54467878
    0.87884578   -0.09531702   -0.46748771   -0.47405509   -0.28508611   -0.83306523   -0.05386896    0.95375079   -0.29573224
    0.54345499    0.06311017   -0.83706259   -0.59017153    0.73784784   -0.32753340    0.59695414    0.67201017    0.43823292
    0.65204235   -0.08727774   -0.75314233    0.37649376    0.89949675    0.22171616    0.65809819   -0.42812171    0.61936949
    0.90732377    0.34371663   -0.24212072    0.40942360   -0.59141959    0.69469071    0.09558181   -0.72943933   -0.67733476
    0.63472195    0.57836795   -0.51246323    0.29721475   -0.79488218   -0.52898555   -0.71329618    0.18344711   -0.67642865
    0.71014963    0.66340561   -0.23575517   -0.17155959   -0.16170607   -0.97181194   -0.68282854    0.73057795   -0.00102191
    0.99611721    0.03702828   -0.07987124   -0.03313642    0.99822359    0.04951399    0.08156277   -0.04667509    0.99557468
