# Rotation matrices: 75 entries, row-major flattening of 3x3 -> 1x9
# https://github.com/Neurophysics-CFIN/GFO
# Col:  1    2    3    4    5    6    7    8    9
#       R11  R12  R13  R21  R22  R23  R31  R32  R33
# where Rij = R(i,j), i = row index, j = column index

   -0.95557943    0.03105334    0.29309323    0.19271231    0.81824107    0.54161196   -0.22300205    0.57403592   -0.78787870
   -0.92767525   -0.11505396   -0.35521995    0.14032182    0.77418312   -0.61721170    0.34601794   -0.62241713   -0.70204594
   -0.78331529   -0.27830479   -0.55584495    0.58980960   -0.61514496   -0.52318383   -0.19632065   -0.73766058    0.64599928
   -0.86306913    0.09734849   -0.49561573   -0.16908064   -0.98032206    0.10188420   -0.47594477    0.17173213    0.86254545
   -0.95515611    0.05056488   -0.29175331   -0.29209273   -0.32250873    0.90037212   -0.04856579    0.94521495    0.32281582
   -0.67189860    0.27106015   -0.68925951   -0.58469671    0.37711145    0.71827343    0.45462295    0.88561468   -0.09489268
   -0.60327833    0.63609083   -0.48108597    0.78099450    0.59338358   -0.19479097    0.16156377   -0.49323867   -0.85475889
   -0.78901169    0.60537343   -0.10480255    0.28089630    0.20374211   -0.93786269   -0.54640445   -0.76942327   -0.33080207
   -0.86820517    0.42698074   -0.25279879   -0.23633986   -0.80379625   -0.54594419   -0.43630637   -0.41424513    0.79877263
   -0.88863537    0.45274693   -0.07312593   -0.39989188   -0.68687422    0.60686925    0.22452988    0.56852795    0.79143055
   -0.81012223    0.57471176    0.11579453    0.32640438    0.27808521    0.90339847    0.48699298    0.76965902   -0.41287144
   -0.72296691    0.65519516    0.21917605    0.67679913    0.60791747    0.41518584    0.13878681    0.44850378   -0.88293974
   -0.87087667    0.24414747    0.42657454    0.20435536    0.96919070   -0.13750737   -0.44700415   -0.03257917   -0.89393841
   -0.71305402    0.16381696    0.68170226   -0.64881034    0.21430789   -0.73014880   -0.26570493   -0.96293101   -0.04652697
   -0.55140969    0.50350727    0.66515245   -0.74392024   -0.65760306   -0.11891546    0.37753149   -0.56039151    0.73717795
   -0.44642822   -0.20293970    0.87150291    0.32075762   -0.94551236   -0.05586527    0.83535405    0.25460136    0.48719785
   -0.29708884   -0.27438502    0.91457700    0.94299361    0.06616009    0.32616850   -0.15000425    0.95934129    0.23908789
   -0.50525005   -0.00824960    0.86293356    0.27425915    0.94657700    0.16962874   -0.81823243    0.32237235   -0.47599555
   -0.34607702   -0.63179709    0.69358715   -0.81039212    0.57381315    0.11833464   -0.47275290   -0.52112466   -0.71058692
   -0.52940430   -0.65439859    0.53990144   -0.65241410   -0.09276257   -0.75216418    0.54229783   -0.75043826   -0.37782997
   -0.23961299   -0.89795714    0.36913222    0.41490945   -0.43845001   -0.79725262    0.87774470   -0.03787563    0.47762922
   -0.71836351   -0.67213726    0.17940280    0.69547014   -0.70001697    0.16216514    0.01658777    0.24126281    0.97031804
   -0.54417931   -0.72468070    0.42273723    0.14288041    0.41646463    0.89785433   -0.82671281    0.54899462   -0.12308876
   -0.21561032   -0.97002239   -0.11211045   -0.82999461    0.12157121    0.54436145   -0.51441339    0.21042102   -0.83132536
   -0.52299069   -0.84726091   -0.09289607   -0.31093104    0.29112808   -0.90474655    0.79360105   -0.44428975   -0.41569700
   -0.44256797   -0.85873193   -0.25828872    0.44540045    0.03948732   -0.89446028    0.77830073   -0.51090138    0.36500377
   -0.51953485   -0.77025831   -0.36984548    0.85435826   -0.46197666   -0.23801162    0.01247044   -0.43963587    0.89808952
   -0.16282974   -0.82010455   -0.54855720   -0.03522284   -0.55079111    0.83389958   -0.98602527    0.15510539    0.06079876
   -0.25601841   -0.65566028   -0.71032680   -0.91725513   -0.06716510    0.39259632   -0.30511899    0.75206279   -0.58421226
   -0.38282852   -0.34786248   -0.85582359   -0.19475541    0.93596685   -0.29331960    0.90305739    0.05438517   -0.42606290
   -0.04106426   -0.34125249   -0.93907426    0.69312787    0.66721126   -0.27276893    0.71964400   -0.66209959    0.20913308
   -0.26615304   -0.11808418   -0.95667063    0.94907693   -0.20566166   -0.23865510   -0.16856908   -0.97147280    0.16680844
   -0.13506034    0.19436390   -0.97158704   -0.22605369   -0.96075577   -0.16077340   -0.96470640    0.19791673    0.17369667
    0.14386542    0.76601898   -0.62651230   -0.96793514   -0.02281559   -0.25016199   -0.20592308    0.64241292    0.73817432
    0.09715106    0.56240815   -0.82113260   -0.17336114    0.82198539    0.54248128    0.98005489    0.08964986    0.17735647
    0.17525132    0.48228736   -0.85830407    0.63666693    0.60945904    0.47245624    0.75096085   -0.62925240   -0.20024791
   -0.25005222    0.91304442   -0.32221697    0.82764151    0.02885533   -0.56051486   -0.50247729   -0.40683812   -0.76288880
   -0.02389260    0.90765367   -0.41903934   -0.33530732   -0.40215479   -0.85196275   -0.94180579    0.12015136    0.31395144
    0.08292395    0.98454994   -0.15422397   -0.99474005    0.09111364    0.04680308    0.06013188    0.14953166    0.98692676
   -0.22049090    0.97074747    0.09504266   -0.18838445   -0.13798859    0.97235305    0.95702407    0.19649044    0.21329895
    0.26711451    0.95277057    0.14449251    0.80514598   -0.30304228    0.50980910    0.52951844   -0.01983985   -0.84806639
   -0.16829422    0.82145384    0.54487672    0.67742396    0.49793053   -0.54144434   -0.71608228    0.27799059   -0.64027135
   -0.22938316    0.59175344    0.77279443   -0.43854609    0.64597531   -0.62481455   -0.86894228   -0.48222791    0.11133530
   -0.17073951    0.88327945    0.43665252   -0.97786579   -0.09750630   -0.18512434   -0.12094015   -0.45859560    0.88037694
    0.50567285    0.34070570    0.79259990   -0.30407928   -0.78937152    0.53331828    0.80736037   -0.51069778   -0.29556220
    0.25545434    0.49289444    0.83174404    0.79670662   -0.59468872    0.10772136    0.54772406    0.63513809   -0.54460808
    0.39451170   -0.28579651    0.87331602    0.70991511    0.69822619   -0.09219939   -0.58342185    0.65635398    0.47834966
    0.12906330    0.00373851    0.99162931   -0.58405390    0.80842851    0.07296840   -0.80138861   -0.58858251    0.10652195
    0.44599125    0.01461305    0.89491802   -0.85349223   -0.29414709    0.43014940    0.26952333   -0.95564844   -0.11871490
    0.59442598   -0.28864480    0.75056108    0.21758616   -0.84081057   -0.49567514    0.77415374    0.45795389   -0.43699453
    0.40917537   -0.53398954    0.73988559    0.89059896    0.05730634   -0.45116458    0.19851703    0.84354677    0.49901887
    0.45216244   -0.63864995    0.62263582    0.45233597    0.76583537    0.45704306   -0.76872706    0.07498287    0.63516634
    0.27695090   -0.74585753    0.60580091   -0.55400276    0.39117925    0.73488756   -0.78509817   -0.53914315   -0.30486969
    0.28636891   -0.93550642    0.20693137   -0.84919167   -0.34783831   -0.39734370    0.44369624   -0.06193751   -0.89403433
    0.54345361   -0.79450653    0.27095671   -0.02838518   -0.33999136   -0.94000008    0.83895915    0.50315529   -0.20732174
    0.60683171   -0.78010483   -0.15228832    0.74894515    0.62536338   -0.21909314    0.26615115    0.01889707    0.96374606
    0.14732430   -0.97369137   -0.17384093    0.51922107   -0.07346031    0.85147699   -0.84184621   -0.21570513    0.49473858
    0.53776427   -0.74425459   -0.39609935   -0.28395038   -0.60225120    0.74610031   -0.79383989   -0.28875353   -0.53520055
    0.38251087   -0.71089750   -0.59017810   -0.72535731    0.16460759   -0.66840192    0.57231304    0.68376099   -0.45269050
    0.21868604   -0.43605475   -0.87294483    0.08931428    0.89978781   -0.42708881    0.97169922    0.01543192    0.23571695
    0.29657390   -0.35962748   -0.88471012    0.95432126    0.07642597    0.28884252   -0.03626088   -0.92996083    0.36586610
    0.69521820   -0.27510880   -0.66406837    0.28838352   -0.73949148    0.60826581   -0.65841219   -0.61438383   -0.43477109
    0.57737141    0.02072911   -0.81621845   -0.65619531   -0.58308022   -0.47898347   -0.48584974    0.81215008   -0.32305151
    0.26495233    0.19553416   -0.94422807   -0.86142311    0.48802279   -0.14065557    0.43330185    0.85064690    0.29774042
    0.90804551    0.24073254   -0.34278448    0.24375033    0.36183408    0.89981213    0.34064517   -0.90062419    0.26988318
    0.90111019    0.10563021   -0.42052668    0.40202037   -0.56684856    0.71907047   -0.16241938   -0.81702201   -0.55325851
    0.76269861    0.49038276   -0.42168184    0.38607426   -0.86829533   -0.31146410   -0.51888099    0.07475273   -0.85157181
    0.78842538    0.57448372   -0.21989516   -0.54002379    0.47524802   -0.69463200   -0.29455004    0.66641412    0.68493248
    0.81135424    0.58021760   -0.07107624   -0.36370916    0.59626603    0.71566925    0.45762424   -0.55481020    0.69481343
    0.75916933    0.49759078    0.41960141   -0.26213076   -0.35633883    0.89683338    0.59577630   -0.79083883   -0.14008766
    0.96356796    0.16335737    0.21178093    0.21962639   -0.93515759   -0.27792902    0.15264679    0.31431618   -0.93696547
    0.88512342    0.27207489    0.37753382    0.43151907   -0.17616462   -0.88473574   -0.17420627    0.94601336   -0.27333293
    0.66618415    0.59989375    0.44308709   -0.53376445    0.79845462   -0.27850625   -0.52085909   -0.05096769    0.85211977
    0.98335649   -0.14209503   -0.11322109    0.12793285    0.09904812    0.98682453   -0.12900853   -0.98488500    0.11557823
    0.98554074    0.12100001   -0.11861048    0.15203243   -0.94054170    0.30375557   -0.07480368   -0.31739613   -0.94533809
