# Rotation matrices: 28 entries, row-major flattening of 3x3 -> 1x9
# https://github.com/Neurophysics-CFIN/GFO
# Col:  1    2    3    4    5    6    7    8    9
#       R11  R12  R13  R21  R22  R23  R31  R32  R33
# where Rij = R(i,j), i = row index, j = column index

   -0.94781966   -0.29243263   -0.12696872   -0.30768902    0.94334756    0.12418880    0.08345877    0.15677546   -0.98410167
   -0.82998187   -0.46318901   -0.31078293    0.23210289    0.21984955   -0.94752014    0.50720641   -0.85855816   -0.07496363
   -0.72183828    0.11113223   -0.68308061    0.60147187   -0.38747403   -0.69863829   -0.34231722   -0.91515764    0.21285068
   -0.78612691   -0.13667354   -0.60276433   -0.13817178   -0.91169956    0.38692695   -0.60242265    0.38745871    0.69782713
   -0.77764230    0.59200820   -0.21165714   -0.49413004   -0.36735751    0.78796190    0.38872607    0.71733866    0.57820177
   -0.54859139    0.66137825   -0.51149417    0.34648030    0.73659979    0.58083745    0.76091976    0.14141977   -0.63324685
   -0.34008568    0.02396916    0.94008894    0.90039718   -0.28014765    0.33286966    0.27134231    0.95965763    0.07369244
    0.17446733    0.98137362   -0.08041743    0.24070149   -0.12169846   -0.96293940   -0.95479000    0.14864487   -0.25745049
   -0.19022733    0.87289444   -0.44929818   -0.93572782   -0.29967546   -0.18603245   -0.29703033    0.38503235    0.87379807
   -0.03837850    0.99348298    0.10732505   -0.84883894   -0.08908392    0.52109165    0.52725662   -0.07110297    0.84672594
    0.39446493    0.90197418    0.17561321    0.47242649   -0.36298184    0.80315465    0.78816916   -0.23385201   -0.56930010
   -0.37609179    0.84131138    0.38826553    0.84918743    0.14530535    0.50770766    0.37072318    0.52065489   -0.76907920
    0.01242139    0.62145006    0.78335530    0.39465511    0.71676820   -0.57488320   -0.91874537    0.31629602   -0.23635519
    0.37699392    0.75060513    0.54264862   -0.83310142    0.53082218   -0.15546650   -0.40474388   -0.39347141    0.82544693
   -0.59267562    0.30158841    0.74684673   -0.63408745   -0.74647737   -0.20175390    0.49665755   -0.59314076    0.63365237
    0.09056930    0.18646772    0.97827756    0.49226667   -0.86230103    0.11878741    0.86571977    0.47081495   -0.16988985
    0.26115647   -0.17009047    0.95019289    0.86854403    0.47094335   -0.15441382   -0.42122270    0.86561053    0.27072096
   -0.07730331   -0.31782755    0.94499198    0.23667494    0.91488527    0.32706256   -0.96850873    0.24893894    0.00449816
   -0.19250319   -0.66842273    0.71843829   -0.90636005    0.40171848    0.13089581   -0.37610367   -0.62596590   -0.68316375
   -0.49623658   -0.55567036    0.66706799   -0.64875080   -0.27326854   -0.71024411    0.57695030   -0.78521001   -0.22488574
    0.19518875   -0.70811793    0.67857965    0.44738800   -0.55142290   -0.70411417    0.87278023    0.44102356    0.20917192
    0.45012403    0.64181537    0.62085537    0.85575711   -0.11143207   -0.50523525   -0.25508455    0.75871993   -0.59939632
    0.51000657   -0.78593855   -0.34956243    0.23434159   -0.26406182    0.93560428   -0.82763356   -0.55908135    0.04950483
    0.87223394   -0.48697990   -0.04537108   -0.48659474   -0.87340054    0.01992600   -0.04933069    0.00469720   -0.99877146
    0.96429603   -0.23957429   -0.11285979   -0.19236181   -0.34073963   -0.92026813    0.18201679    0.90912082   -0.37465882
    0.71701631   -0.08158606   -0.69226535   -0.14331918    0.95465346   -0.26095283    0.68216363    0.28632234    0.67280926
    0.80319994    0.49771759   -0.32733326   -0.17352431    0.72113412    0.67071223    0.56987646   -0.48191574    0.66558098
    0.93371732    0.20236502   -0.29533094    0.35758291   -0.56748492    0.74168411   -0.01750493   -0.79812860   -0.60223277
