# Rotation matrices: 91 entries, row-major flattening of 3x3 -> 1x9
# https://github.com/Neurophysics-CFIN/GFO
# Col:  1    2    3    4    5    6    7    8    9
#       R11  R12  R13  R21  R22  R23  R31  R32  R33
# where Rij = R(i,j), i = row index, j = column index

   -0.91342248   -0.28943109   -0.28616257   -0.36607440    0.89152129    0.26679453    0.17790139    0.34845291   -0.92028890
   -0.95270922   -0.24519133    0.17951698   -0.27862931    0.46903827   -0.83807446    0.12128826   -0.84845997   -0.51517458
   -0.99611109    0.00816645    0.08772688   -0.06223475   -0.77002179   -0.63497503    0.06236611   -0.63796533    0.76753548
   -0.94649667   -0.11331211   -0.30216620    0.02036253   -0.95543333    0.29450384   -0.32207052    0.27259404    0.90662179
   -0.84548739    0.17690640   -0.50384046   -0.50131853    0.06203335    0.86303627    0.18393155    0.98227083    0.03623804
   -0.91775530    0.19580942   -0.34551972   -0.17443501    0.58285170    0.79363488    0.35678794    0.78863335   -0.50075922
   -0.68124504    0.49001567   -0.54386565    0.46986424    0.86238873    0.18844968    0.56136690   -0.12716261   -0.81773888
   -0.65751760    0.71316190   -0.24304466    0.15766670   -0.18519982   -0.96997023   -0.73675764   -0.67609254    0.00933026
   -0.80020475    0.56749436    0.19396525   -0.36962125   -0.21197786   -0.90467979   -0.47228434   -0.79562274    0.37938366
   -0.55141042    0.78658281    0.27791010   -0.65326426   -0.61431509    0.44256387    0.51883750    0.06248559    0.85258618
   -0.81412521    0.46790321    0.34389930    0.16438578   -0.38229537    0.90930059    0.55693578    0.79681669    0.23431967
   -0.78019699    0.33147485    0.53048759    0.61660504    0.55030704    0.56299234   -0.10531326    0.76634625   -0.63373696
   -0.69037639    0.40456036    0.59975942    0.11184915    0.87874606   -0.46399906   -0.71475185   -0.25325142   -0.65191526
   -0.42011732    0.63986644    0.64348456   -0.57272670    0.36307612   -0.73495568   -0.70390735   -0.67730840    0.21393403
   -0.67747706    0.40508754    0.61394536   -0.54221666   -0.83904817   -0.04471308    0.49701702   -0.36318349    0.78808111
   -0.62378256   -0.09549802    0.77574187    0.17802315   -0.98377940    0.02204180    0.76105393    0.15184930    0.63066529
   -0.76566656    0.00620429    0.64320777    0.62750548   -0.21259764    0.74902544    0.14139162    0.97712013    0.15888568
   -0.73871088   -0.15775227    0.65530181    0.19863290    0.87809849    0.43530220   -0.64408944    0.45172697   -0.61732612
   -0.62192942   -0.41893477    0.66158707   -0.72710178    0.62261729   -0.28925891   -0.29073493   -0.66093976   -0.69183223
   -0.93799386   -0.18891965    0.29064909   -0.22146801   -0.31843564   -0.92171073    0.26668230   -0.92892847    0.25685102
   -0.78231356   -0.57123725    0.24834149    0.35667263   -0.73768080   -0.57324661    0.51065656   -0.35988199    0.78084239
   -0.79645594   -0.60361774    0.03610493    0.55138550   -0.70043048    0.45317896   -0.24825787    0.38084481    0.89068808
   -0.60465161   -0.65921342    0.44702808    0.10913106    0.48738680    0.86633972   -0.78897836    0.57261835   -0.22275856
   -0.55774967   -0.78366915   -0.27345560   -0.81556127    0.45623900    0.35595758   -0.15419186    0.42155501   -0.89359736
   -0.48943235   -0.86751773   -0.08870716   -0.49668863    0.36093096   -0.78932202    0.71676800   -0.34225989   -0.60753748
   -0.36542932   -0.92273496    0.12256263    0.40534641   -0.27627494   -0.87141634    0.83794731   -0.26876076    0.47498627
   -0.21553099   -0.70157166   -0.67922279    0.94594832   -0.32262657    0.03307379   -0.24233895   -0.63538123    0.73318656
   -0.23250402   -0.75649633   -0.61127341    0.03932348   -0.63529499    0.77126775   -0.97180016    0.15528546    0.17745671
   -0.19667806   -0.41442706   -0.88857636   -0.95851037   -0.10945461    0.26320632   -0.20633860    0.90347656   -0.37570532
   -0.45267195   -0.13151327   -0.88192537   -0.60952699    0.76753770    0.19840044    0.65081868    0.62736763   -0.42760368
   -0.32844063   -0.32791148   -0.88577695    0.49315958    0.74028704   -0.45691216    0.80555595   -0.58689790   -0.08142765
   -0.31298143    0.11585120   -0.94266703    0.90223753   -0.27375839   -0.33320231   -0.29666490   -0.95479571   -0.01884401
   -0.29236031    0.17577746   -0.94001475   -0.17354589   -0.97639273   -0.12860427   -0.94042930    0.12553692    0.31596393
   -0.59098716    0.48889120   -0.64165378   -0.80075222   -0.25927722    0.53997333    0.09762200    0.83292299    0.54471023
   -0.14076075    0.73711318   -0.66094673   -0.69461100    0.40218288    0.59645997    0.70547996    0.54305902    0.45539536
   -0.26234176    0.58649343   -0.76629124    0.86292290    0.49800948    0.08573577    0.43190377   -0.63875818   -0.63674730
   -0.41173390    0.87135925   -0.26684875    0.74999661    0.15766370   -0.64237625   -0.51766812   -0.46462374   -0.71843197
    0.05367746    0.92650259   -0.37244017   -0.27222554   -0.34527278   -0.89815364   -0.96073513    0.14959834    0.23368430
   -0.12426772    0.93987340   -0.31811244   -0.99042191   -0.09804639    0.09721806    0.06018289    0.32714660    0.94305521
    0.02413762    0.93654164    0.34972436   -0.38161253   -0.31470448    0.86909894    0.92400717   -0.15443718    0.34979980
    0.14717124    0.97707907    0.15380871    0.92063024   -0.19216978    0.33986872    0.36163600    0.09158205   -0.92781040
    0.03946129    0.98871504    0.14451777    0.83883070    0.04581095   -0.54246144   -0.54296027    0.14263217   -0.82755677
    0.10527645    0.82707629    0.55214280   -0.59022416    0.49882514   -0.63467230   -0.80034512   -0.25907197    0.54067495
   -0.13166191    0.75927203    0.63731556   -0.93995135   -0.29984731    0.16304307    0.31489140   -0.57757906    0.75315724
   -0.21688930    0.16817711    0.96160049   -0.22580934   -0.96697583    0.11818585    0.94972058   -0.19150513    0.24770267
   -0.09071567    0.28641614    0.95380106    0.84579192   -0.48345794    0.22562014    0.52574394    0.82718451   -0.19839125
   -0.11263756    0.11600443    0.98684130    0.74368846    0.66849664    0.00630160   -0.65896908    0.73461229   -0.16156898
   -0.12400225   -0.25654052    0.95854598   -0.58538726    0.79890781    0.13808716   -0.80121483   -0.54399749   -0.24924192
    0.21692056   -0.10821119    0.97017308   -0.95116134   -0.24703039    0.18511645    0.21963057   -0.96294669   -0.15651227
    0.26004430   -0.53566458    0.80339307    0.07406425   -0.81850092   -0.56971109    0.96275202    0.20765283   -0.17317291
   -0.00798314   -0.61878773    0.78551767    0.97195056   -0.18944910   -0.13935977    0.23504973    0.76237181    0.60294348
   -0.27965571   -0.67839627    0.67939030    0.68683069    0.35308769    0.63528946   -0.67086235    0.64428843    0.36720039
    0.14460128   -0.95239265    0.26840028   -0.31903004    0.21189133    0.92375424   -0.93664844   -0.21920380   -0.27320211
    0.14214720   -0.91956644    0.36632189   -0.80458297   -0.32290728   -0.49837448    0.57657646   -0.22389382   -0.78576787
    0.17137543   -0.97362475   -0.15061639   -0.22079475    0.11103394   -0.96897943    0.96014589    0.19931458   -0.19594275
    0.35634587   -0.92063508   -0.15952642    0.93434138    0.35200048    0.05569423    0.00487932   -0.16889854    0.98562136
    0.34827171   -0.93706630   -0.02477041    0.62384634    0.21197481    0.75225157   -0.69965889   -0.27744087    0.65841021
    0.17228311   -0.64853041   -0.74143566   -0.56691409   -0.68082046    0.46378003   -0.80556002    0.34042885   -0.48495489
    0.35921872   -0.75083127   -0.55426917   -0.87893432   -0.07251765   -0.47139756    0.31374573    0.65650102   -0.68598107
    0.39613979   -0.72860294   -0.55875846   -0.00455090    0.60697777   -0.79470578    0.91817894    0.31735743    0.23713225
    0.35264924   -0.28069041   -0.89266534    0.93566994    0.11867746    0.33232126    0.01265987   -0.95243297    0.30448510
   -0.03877567   -0.30741047   -0.95078665    0.27978808   -0.91678263    0.28500569   -0.95927842   -0.25496748    0.12155864
    0.57964114    0.17691360   -0.79543556   -0.66568631   -0.46018801   -0.58744254   -0.46997648    0.87001642   -0.14897494
    0.51109543   -0.10273716   -0.85336190   -0.55396188    0.71975148   -0.41843046    0.65719685    0.68658786    0.31094922
    0.16114302    0.40895856   -0.89821257    0.43475232    0.78763217    0.43660736    0.88601543   -0.46085623   -0.05087426
    0.34267942    0.28053331   -0.89658902    0.93754408   -0.04132121    0.34540361    0.05984908   -0.95895444   -0.27717227
    0.27227352    0.60546789   -0.74784742    0.17341147   -0.79536102   -0.58080057   -0.94646479    0.02845129   -0.32155082
    0.41874473    0.77874494   -0.46712864   -0.87058955    0.19793640   -0.45043870   -0.25831510    0.59529615    0.76085203
    0.38824384    0.74381580   -0.54406322   -0.67728742    0.63065529    0.37888740    0.62493878    0.22138647    0.74862511
    0.69664739    0.65413660   -0.29459757    0.42144392   -0.04083501    0.90593461    0.58057509   -0.75527334   -0.30412950
    0.51887429    0.83134543   -0.19908350    0.84155294   -0.53767506   -0.05190546   -0.15019360   -0.14060689   -0.97860696
    0.62750069    0.74769834    0.21723276    0.11220944    0.18924543   -0.97549742   -0.77048811    0.63650087    0.03485283
    0.58238347    0.64663342    0.49264055   -0.65403791    0.73261530   -0.18843895   -0.48276693   -0.21246187    0.84958581
    0.71545964    0.20030837    0.66932358   -0.59192216   -0.33513151    0.73301775    0.37114101   -0.92063208   -0.12120611
    0.59432468    0.29871960    0.74668921    0.15096944   -0.95339235    0.26124941    0.78992810   -0.04253972   -0.61172213
    0.47648022    0.71205646    0.51569584    0.68345124    0.06898377   -0.72672941   -0.55304702    0.69872515   -0.45378647
    0.73642836    0.46670142    0.48975816    0.04713211    0.68678906   -0.72532707   -0.67487171    0.55723476    0.48377432
    0.69760060    0.31711371    0.64248915   -0.70950712    0.43060822    0.55783171   -0.09976502   -0.84499435    0.52538699
    0.63167219   -0.16169701    0.75818489   -0.54561655   -0.78749497    0.28662562    0.55072028   -0.59473165   -0.58566324
    0.53646685   -0.39956037    0.74334032    0.49268846   -0.56684397   -0.66026207    0.68517253    0.72044391   -0.10723421
    0.94526844   -0.13616546    0.29652410    0.31585738    0.60985260   -0.72685206   -0.08186385    0.78072964    0.61948329
    0.80232586   -0.17710326    0.57000671   -0.06147909    0.92536788    0.37405162   -0.59371166   -0.33515478    0.73155843
    0.77265747   -0.59960206    0.20851331   -0.63431944   -0.74229200    0.21596627    0.02528394   -0.29913199   -0.95387671
    0.55689811   -0.72199229    0.41059911   -0.28847329   -0.63170953   -0.71953195    0.77887589    0.28225910   -0.56007334
    0.76793373   -0.64003750   -0.02509548    0.35587913    0.45891321   -0.81409380    0.53256721    0.61623913    0.58019092
    0.75893537   -0.64631803   -0.07931024    0.61732299    0.67538008    0.40345269   -0.20719419   -0.35515455    0.91155681
    0.96116331   -0.04898180   -0.27159875    0.10809837   -0.83867194    0.53380158   -0.25392881   -0.54242987   -0.80080584
    0.95749294   -0.24124763   -0.15813557   -0.25166327   -0.96656195   -0.04923005   -0.14097119    0.08693434   -0.98618941
    0.99632036   -0.08547116    0.00635838    0.01163790    0.06141397   -0.99804453    0.08491353    0.99444608    0.06218270
    0.89969522    0.33403151   -0.28101862   -0.34333641    0.93905865    0.01699905    0.26957118    0.08118996    0.95955175
    0.86175276    0.47358372    0.18193583   -0.34302379    0.27968862    0.89672122    0.37378719   -0.83516030    0.40347292
