# Rotation matrices: 87 entries, row-major flattening of 3x3 -> 1x9
# https://github.com/Neurophysics-CFIN/GFO
# Col:  1    2    3    4    5    6    7    8    9
#       R11  R12  R13  R21  R22  R23  R31  R32  R33
# where Rij = R(i,j), i = row index, j = column index

   -0.98612614    0.13071537   -0.10231682    0.15585091    0.94125577   -0.29957983    0.05714661   -0.31136967   -0.94856902
   -0.91610626   -0.40091897    0.00364777   -0.29713452    0.67279253   -0.67754062    0.26918469   -0.62178308   -0.73547631
   -0.95057094   -0.29443917    0.09859240    0.02605773   -0.39204385   -0.91957741    0.30941216   -0.87155447    0.38033790
   -0.87829310    0.10040787   -0.46746068   -0.00268441   -0.97872059   -0.20517994   -0.47811507   -0.17895326    0.85987308
   -0.68840513    0.09930255   -0.71849661   -0.72297222   -0.17368736    0.66868818   -0.05839134    0.97978146    0.19136025
   -0.91962044    0.34420466   -0.18926544   -0.07694604    0.31463977    0.94608727    0.38519808    0.88460441   -0.26286398
   -0.77144519    0.61402697   -0.16686282    0.61131785    0.78797755    0.07336117    0.17652990   -0.04541210   -0.98324714
   -0.72016868    0.55182787   -0.42052713    0.51134051    0.01249992   -0.85928729   -0.46892212   -0.83386435   -0.29117399
   -0.64142618    0.74865826   -0.16758059   -0.32483835   -0.46292029   -0.82473320   -0.69501978   -0.47456887    0.54012211
   -0.62592289    0.76779283    0.13680170   -0.62828170   -0.60035323    0.49481118    0.46204182    0.22376364    0.85816501
   -0.79263015    0.52647808    0.30750330    0.21061019   -0.23687858    0.94843655    0.57217199    0.81652273    0.07687545
   -0.60371896    0.72004105    0.34214660    0.77271591    0.42299851    0.47326776    0.19604471    0.55010285   -0.81175940
   -0.78241594    0.28870883    0.55179027    0.08212272    0.92614032   -0.36813038   -0.61731771   -0.24271656   -0.74833650
   -0.65551987    0.18053579    0.73328066   -0.63039102    0.40383490   -0.66296647   -0.41581350   -0.89684123   -0.15091366
   -0.74209432    0.44936099    0.49736376   -0.55990701   -0.82349959   -0.09139230    0.36851072   -0.34629917    0.86271475
   -0.68720075   -0.24226919    0.68488011    0.24609668   -0.96464674   -0.09430317    0.68351412    0.10374151    0.72252761
   -0.83033159    0.22869387    0.50818162    0.55019390    0.19157046    0.81276530    0.08852186    0.95446313   -0.28489298
   -0.43804283    0.05958102    0.89697747    0.32006580    0.94275193    0.09368397   -0.84004545    0.32812940   -0.43203557
   -0.64734054   -0.61638074    0.44835812   -0.71849047    0.68981463   -0.08903498   -0.25440454   -0.37977699   -0.88940866
   -0.49356618   -0.21829209    0.84186756   -0.78099026   -0.31468277   -0.53947100    0.38268347   -0.92375501   -0.01516722
   -0.32026263   -0.67517700    0.66450574    0.59593014   -0.68886428   -0.41271452    0.73640961    0.26382196    0.62297580
   -0.52952742   -0.84770931   -0.03145844    0.75539036   -0.48808484    0.43721687   -0.38598720    0.20775492    0.89880575
   -0.57302969   -0.63465141    0.51851188    0.29958204    0.42668691    0.85333984   -0.76281556    0.64432591   -0.05437410
   -0.21826650   -0.97585024    0.00872014   -0.85785409    0.19611909    0.47499859   -0.46523767    0.09619567   -0.87994335
   -0.56828921   -0.81040644   -0.14243866   -0.33296467    0.38479338   -0.86085340    0.75245060   -0.44178666   -0.48851064
   -0.24621115   -0.94092938    0.23244780    0.38216900   -0.31464875   -0.86887457    0.89068902   -0.12509226    0.43706407
   -0.39463528   -0.54216973   -0.74183218    0.86181909   -0.49838844   -0.09421686   -0.31863905   -0.67650643    0.66393389
   -0.27560310   -0.78689351   -0.55212456   -0.16247353   -0.52797331    0.83357455   -0.94744144    0.31944136    0.01766171
   -0.33390397   -0.35221848   -0.87432847   -0.90889681   -0.12553646    0.39767723   -0.24982937    0.92746037   -0.27821313
   -0.60789355   -0.29087565   -0.73882122   -0.44164730    0.89713100    0.01017971    0.65985839    0.33248658   -0.67382459
   -0.56145966   -0.15566465   -0.81273093    0.55177610    0.66151041   -0.50788494    0.61668970   -0.73360241   -0.28551938
    0.01386574   -0.04800468   -0.99875087    0.96956363   -0.24354264    0.02516634   -0.24444652   -0.96870147    0.04316670
   -0.38922677   -0.06439776   -0.91888816   -0.09894457   -0.98885877    0.11121284   -0.91581248    0.13420601    0.37851849
   -0.52873018    0.67866619   -0.50976131   -0.84844852   -0.40555307    0.34009090    0.02407293    0.61232255    0.79024147
   -0.34049398    0.42523855   -0.83859169   -0.78477359    0.36270817    0.50256660    0.51787475    0.82922552    0.21021603
    0.06687933    0.66627013   -0.74270538    0.91318695    0.25904668    0.31461789    0.40201587   -0.69927029   -0.59110431
   -0.22674670    0.92004628   -0.31953212    0.77419948   -0.02879060   -0.63228654   -0.59093240   -0.39075049   -0.70577118
    0.03384351    0.91070003   -0.41167956   -0.18663785   -0.39891029   -0.89779558   -0.98184567    0.10721955    0.15647057
    0.10614499    0.94791879   -0.30030520   -0.99423887    0.09664855   -0.04634784   -0.01490993    0.30349470    0.95271646
   -0.16023246    0.96243564    0.21918760   -0.36524977   -0.26410570    0.89265939    0.91701590    0.06297479    0.39384770
    0.01061286    0.93924604    0.34308051    0.93446705   -0.13142906    0.33090442    0.35589142    0.31708559   -0.87908932
    0.29686004    0.79205303    0.53340989    0.62305390    0.26265388   -0.73676100   -0.72365596    0.55105801   -0.41552029
   -0.15756851    0.83631344    0.52512093   -0.31918660    0.46008766   -0.82851630   -0.93450098   -0.29815964    0.19444471
    0.03706648    0.78052243    0.62402789   -0.98412689   -0.07993920    0.15844237    0.17355211   -0.61999553    0.76517005
    0.00667220    0.43301193    0.90136349   -0.36247025   -0.83903517    0.40575275    0.93197146   -0.32942472    0.15135574
   -0.05071216    0.31961108    0.94619080    0.69817568   -0.66609835    0.26241896    0.71412814    0.67391523   -0.18936540
   -0.17158365    0.20156175    0.96432977    0.84202571    0.53814346    0.03734066   -0.51142131    0.81839751   -0.26205679
    0.04346016   -0.22514304    0.97335596   -0.49061773    0.84389576    0.21710411   -0.87029045   -0.48698107   -0.07378333
    0.19650296   -0.25590229    0.94652026   -0.93341589   -0.34438259    0.10067475    0.30020220   -0.90327994   -0.30653547
    0.15519664   -0.44169342    0.88364072    0.03565184   -0.89139167   -0.45182943    0.98724007    0.10162583   -0.12259381
   -0.06871471   -0.60393508    0.79406593    0.97491672   -0.20954920   -0.07501013    0.21169713    0.76899386    0.60318552
    0.38590192   -0.67274661    0.63126200    0.45907297    0.73356504    0.50113306   -0.80020730    0.09640711    0.59192394
    0.31315511   -0.73858221    0.59701775   -0.36471934    0.48690382    0.79366521   -0.87687723   -0.46628424   -0.11689880
    0.32961848   -0.91908740    0.21593984   -0.83163816   -0.39092227   -0.39440810    0.44691121   -0.04957961   -0.89320336
    0.41520245   -0.90850822    0.04711407   -0.02102001   -0.06135601   -0.99789458    0.90948616    0.41333794   -0.04457202
    0.32566490   -0.92663211   -0.18787043    0.92119530    0.35572187   -0.15767426    0.21293566   -0.12171639    0.96945527
    0.03844420   -0.99799839   -0.05021215    0.56784112   -0.01952879    0.82290649   -0.82223993   -0.06014850    0.56595375
    0.25034626   -0.69630725   -0.67266854   -0.73176414   -0.59101498    0.33944444   -0.63391481    0.40725607   -0.65749107
    0.32133561   -0.73772620   -0.59372004   -0.72708480    0.20948238   -0.65380794    0.60670513    0.64177659   -0.46907536
    0.44197555   -0.64465086   -0.62376508    0.06838599    0.71756029   -0.69313101    0.89441655    0.26369017    0.36122919
    0.39535723   -0.36197517   -0.84419585    0.91528572    0.07810540    0.39516021   -0.07710193   -0.92890986    0.36219024
    0.15599525   -0.25469890   -0.95435525    0.20974486   -0.93560814    0.28397975   -0.96523188   -0.24447060   -0.09252865
    0.81137508    0.05220733   -0.58218972   -0.37922657   -0.71092188   -0.59226454   -0.44481196    0.70133050   -0.55702590
    0.39363359    0.26486825   -0.88028257   -0.76927984    0.61914325   -0.15770276    0.50325056    0.73926074    0.44747338
    0.02012584    0.35115209   -0.93610211    0.53529715    0.78700281    0.30673042    0.84442401   -0.50726599   -0.17213162
    0.63618721    0.50452637   -0.58371138    0.76686047   -0.33034581    0.55026963    0.08479893   -0.79769968   -0.59706311
    0.46021338    0.52248302   -0.71778489   -0.00622675   -0.80657137   -0.59110393   -0.88778650    0.27650340   -0.36794156
    0.32357216    0.85928542   -0.39614345   -0.66924253   -0.08812692   -0.73779948   -0.66889124    0.50384741    0.54655493
    0.77554687    0.59994592   -0.19644831   -0.39759110    0.70590723    0.58618794    0.49035535   -0.37651013    0.78599730
    0.85407329    0.37823506   -0.35706730    0.39977447   -0.03814426    0.91581952    0.33277498   -0.92492338   -0.18378671
    0.60037804    0.77737036    0.18772727    0.79964540   -0.58667657   -0.12797592    0.01065050    0.22694918   -0.97384836
    0.57297607    0.81914461    0.02646772    0.11364759   -0.04742885   -0.99238840   -0.81165427    0.57162279   -0.12026940
    0.92437252    0.37574882    0.06594144   -0.36923639    0.92467114   -0.09299342   -0.09591632    0.06161259    0.99348072
    0.82676486    0.42003770    0.37420341   -0.33513094   -0.16650850    0.92734145    0.45182642   -0.89210047    0.00310425
    0.35360318    0.72211879    0.59456643    0.57667837   -0.66875720    0.46926099    0.73648276    0.17694142   -0.65290495
    0.64669889    0.65187063    0.39603691    0.69405061   -0.28756956   -0.65999810   -0.31634522    0.70168970   -0.63840212
    0.65482096    0.45745290    0.60161977   -0.03065931    0.81144365   -0.58362592   -0.75516191    0.36372524    0.54537550
    0.68651147    0.08680524    0.72191887   -0.68198218    0.42123077    0.59788373   -0.25219500   -0.90278984    0.34837938
    0.61743954   -0.38469131    0.68613483   -0.58357912   -0.80889044    0.07163563    0.52745031   -0.44464463   -0.72393876
    0.70152055   -0.30821173    0.64255308    0.22404895   -0.76053659   -0.60941461    0.67651385    0.57148021   -0.46447753
    0.92443786   -0.12333945    0.36083517    0.34612834    0.66850299   -0.65825445   -0.16003065    0.73341061    0.66068076
    0.94204587    0.20079660    0.26875698   -0.32724249    0.72646670    0.60428345   -0.07390493   -0.65721143    0.75007413
    0.78771809   -0.60971563   -0.08801740   -0.27573637   -0.47672931    0.83468474   -0.55088081   -0.63322667   -0.54364908
    0.93067466   -0.35794170   -0.07564664   -0.31862154   -0.69140520   -0.64841281    0.17979150    0.62756402   -0.75752123
    0.90338965   -0.01016651   -0.42870010   -0.29004358    0.72186401   -0.62832083    0.31585101    0.69196025    0.64917575
    0.98049976    0.02227095   -0.19525427    0.02416561    0.97235366    0.23225928    0.19502883   -0.23244861    0.95285434
    0.99858812   -0.02572689    0.04647474   -0.05118528   -0.23201993    0.97136338   -0.01420709   -0.97237075   -0.23300918
