# Rotation matrices: 85 entries, row-major flattening of 3x3 -> 1x9
# https://github.com/Neurophysics-CFIN/GFO
# Col:  1    2    3    4    5    6    7    8    9
#       R11  R12  R13  R21  R22  R23  R31  R32  R33
# where Rij = R(i,j), i = row index, j = column index

   -0.99695711   -0.06951583    0.03527129   -0.07335477    0.98972016   -0.12277247   -0.02637407   -0.12498621   -0.99180787
   -0.92286682   -0.20335734   -0.32705142    0.17895045    0.52554128   -0.83173499    0.34101843   -0.82610662   -0.44861373
   -0.95053288   -0.24978429    0.18464848   -0.15832790   -0.12182700   -0.97984206    0.26724432   -0.96060710    0.07625275
   -0.79849648   -0.00611376   -0.60196843    0.01521211   -0.99983404   -0.01002389   -0.60180724   -0.01716125    0.79845697
   -0.67829092    0.04530311   -0.73339557   -0.73013901    0.07060876    0.67964066    0.08257399    0.99647480   -0.01481571
   -0.94050230    0.27432772    0.20049871    0.29506712    0.36677234    0.88227742    0.16849577    0.88894452   -0.42589531
   -0.83648840    0.54757938   -0.02107086    0.54621281    0.83625675    0.04823083    0.04403085    0.02883536   -0.99861394
   -0.77732677    0.53516323   -0.33070138    0.22639828   -0.25248257   -0.94074246   -0.58694711   -0.80613452    0.07510143
   -0.71096787    0.62669912   -0.31901865   -0.26423108   -0.65847977   -0.70468882   -0.65169519   -0.41671647    0.63375135
   -0.68744650    0.72582812    0.02430728   -0.62506033   -0.60838501    0.48904730    0.36975247    0.32100034    0.87191852
   -0.80589609    0.55415202    0.20843950    0.14551357   -0.15587176    0.97700041    0.57389658    0.81769159    0.04497980
   -0.65974541    0.63950945    0.39466905    0.74253966    0.47393989    0.47330312    0.11563241    0.60531698   -0.78754079
   -0.84075310    0.30595687    0.44668179    0.21354163    0.94552911   -0.24571259   -0.49752808   -0.11119846   -0.86029106
   -0.78705185    0.13971435    0.60085713   -0.44811082    0.53992167   -0.71251756   -0.42396472   -0.83003885   -0.36233884
   -0.39138818    0.55876682    0.73115999   -0.75252058   -0.65165385    0.09518421    0.52964900   -0.51295897    0.67553315
   -0.69211089   -0.17306629    0.70073574    0.36222623   -0.92300744    0.12980536    0.62431937    0.34366457    0.70151265
   -0.69783144    0.29898758    0.65087457    0.68969425    0.03529143    0.72324017    0.19326953    0.95360419   -0.23083749
   -0.50420371    0.01085791    0.86351649    0.28872425    0.94450024    0.15670869   -0.81389000    0.32833125   -0.47935547
   -0.59026724   -0.70939285    0.38515760   -0.72304719    0.67678682    0.13842818   -0.35886954   -0.19677750   -0.91240959
   -0.64600459   -0.41155390    0.64288526   -0.64197585   -0.16272043   -0.74925902    0.41297103   -0.89674157   -0.15908952
   -0.20070386   -0.67791625    0.70721108    0.45831428   -0.70300320   -0.54381479    0.86583254    0.21497922    0.45179415
   -0.56006673   -0.82806604   -0.02513749    0.78441482   -0.53981518    0.30543897   -0.26649324    0.15134799    0.95187979
   -0.62338348   -0.60871237    0.49077722    0.07282952    0.57972935    0.81154774   -0.77851711    0.54164853   -0.31706147
   -0.02790505   -0.99375409    0.10804679   -0.80169334    0.08681216    0.59139787   -0.59708383   -0.07011741   -0.79910853
   -0.14264447   -0.96445673   -0.22243151   -0.55834563    0.26396800   -0.78649288    0.81725315    0.01200480   -0.57615378
   -0.51277292   -0.85819644    0.02372351    0.42708194   -0.27895804   -0.86010663    0.74475832   -0.43090751    0.50956233
   -0.32744732   -0.70832326   -0.62534504    0.82573546   -0.53622397    0.17499946   -0.45928119   -0.45906647    0.76047273
   -0.52665511   -0.67034331   -0.52275640    0.05411380   -0.64014015    0.76634998   -0.84835494    0.37531379    0.37340790
   -0.22143741   -0.38798001   -0.89467144   -0.91657174   -0.23044290    0.32679093   -0.33295903    0.89239430   -0.30458283
   -0.32309313   -0.40032721   -0.85752490   -0.44926061    0.86239315   -0.23333016    0.83293201    0.30986479   -0.45848455
   -0.58709064   -0.13701239   -0.79784221    0.62698260    0.54647537   -0.55520942    0.51207168   -0.82619143   -0.23492619
   -0.18441305    0.28491767   -0.94064539    0.97217473   -0.08778881   -0.21718524   -0.14445805   -0.95452347   -0.26080035
   -0.17994080    0.09270527   -0.97929926   -0.10895758   -0.99130151   -0.07382111   -0.97762444    0.09341864    0.18847653
   -0.37656437    0.48223543   -0.79097931   -0.86149178   -0.49624217    0.10759012   -0.34063352    0.72193677    0.60230897
   -0.41541378    0.46650146   -0.78090190   -0.64315270    0.45645745    0.61481802    0.64326200    0.75764304    0.11041296
    0.07089455    0.72726448   -0.68268612    0.89447686    0.25654821    0.36618869    0.44145793   -0.63660772   -0.63233338
   -0.28832526    0.83394107   -0.47054313    0.89778535    0.06457397   -0.43567380   -0.33294144   -0.54806250   -0.76731838
    0.08677756    0.93766852   -0.33652250   -0.39182329   -0.27844877   -0.87689269   -0.91593895    0.20795197    0.34323726
    0.09401875    0.95579797   -0.27858701   -0.99361622    0.07256130   -0.08638095   -0.06234810    0.28493000    0.95651848
    0.00375563    0.99424393    0.10707427   -0.31840399   -0.10031329    0.94263256    0.94794767   -0.03763305    0.31619450
   -0.14746139    0.96314026    0.22497994    0.89435433    0.03271101    0.44616176    0.42235703    0.26700342   -0.86621228
    0.16750361    0.84429472    0.50902746    0.78773571    0.19584424   -0.58405264   -0.59280266    0.49881004   -0.63227649
   -0.11334556    0.79618855    0.59433709   -0.24848108    0.55646677   -0.79284417   -0.96198230   -0.23754689    0.13476476
   -0.10761716    0.69591661    0.71001311   -0.99417977   -0.07893031   -0.07332525    0.00501329   -0.71377173    0.70036047
    0.12551015    0.65404041    0.74597476   -0.38286348   -0.66174083    0.64460424    0.91523918   -0.36651087    0.16735300
    0.23709159    0.20675794    0.94923060    0.85714738   -0.50441673   -0.10422153    0.45725917    0.83834057   -0.29681499
   -0.00272179    0.02909213    0.99957303    0.61328268    0.78957598   -0.02131032   -0.78985881    0.61296283   -0.01999076
    0.04464664   -0.21000968    0.97667938   -0.43478172    0.87612300    0.20826267   -0.89942845   -0.43394057   -0.05219242
   -0.20853983   -0.17162133    0.96283813   -0.87833143   -0.40014941   -0.26156137    0.43016862   -0.90023695   -0.06729332
    0.06079796   -0.66614777    0.74333758    0.00014748   -0.74470923   -0.66738905    0.99815008    0.04068552   -0.04517856
   -0.18684290   -0.62067895    0.76147710    0.86736687   -0.46817409   -0.16878309    0.46126396    0.62894409    0.62583136
    0.51578532   -0.53093990    0.67236027    0.40004516    0.84325531    0.35900466   -0.75758127    0.08380514    0.64733865
    0.46848771   -0.85561300    0.22010374   -0.49627170   -0.04875082    0.86679742   -0.73091290   -0.51531519   -0.44745568
    0.41305816   -0.85835624    0.30431484   -0.80395930   -0.50065830   -0.32092167    0.42782287   -0.11209743   -0.89688448
    0.27674619   -0.91963065    0.27873108    0.06732849   -0.27079048   -0.96028089    0.95858146    0.28452062   -0.01302289
    0.34776810   -0.91873073   -0.18705932    0.92728807    0.36651667   -0.07617327    0.13854308   -0.14696724    0.97939085
    0.46692676   -0.88054756   -0.08133509    0.47619446    0.17287251    0.86217975   -0.74512968   -0.44130612    0.50003067
    0.38621883   -0.74089511   -0.54946288   -0.45579229   -0.67116833    0.58462506   -0.80192793    0.02464774   -0.59691212
    0.27369495   -0.66352997   -0.69628949   -0.69177042    0.36716352   -0.62180756    0.66824005    0.65185806   -0.35851960
    0.59877945   -0.64623806   -0.47311683    0.03305220    0.61015624   -0.79159138    0.80023166    0.45835110    0.38670861
    0.26360919   -0.15137789   -0.95267777    0.95744318   -0.07926788    0.27752325   -0.11752763   -0.98529251    0.12403999
    0.33565984   -0.26616322   -0.90359815    0.10999264   -0.94161431    0.31822023   -0.93553947   -0.20620290   -0.28678611
    0.71042313   -0.02692713   -0.70325949   -0.54372400   -0.65544961   -0.52416602   -0.44683687    0.75475873   -0.48028748
    0.36305068   -0.07628715   -0.92864120   -0.68991760    0.64785908   -0.32294321    0.62626505    0.75793066    0.18257383
    0.18353867    0.51798828   -0.83546496    0.48217334    0.69319875    0.53570921    0.85663436   -0.50116228   -0.12253136
    0.54317071    0.41595846   -0.72934501    0.83821450   -0.31892312    0.44236239   -0.04860061   -0.85162586   -0.52189211
    0.73471414    0.45338322   -0.50461747    0.23529101   -0.86799610   -0.43728814   -0.63626510    0.20254982   -0.74440600
    0.44704250    0.84920838   -0.28106605   -0.71202847    0.14762883   -0.68645553   -0.54145033    0.50700183    0.67065690
    0.91959617    0.39096201    0.03862125   -0.30324303    0.64387520    0.70247306    0.24977301   -0.65770315    0.71066167
    0.85576664    0.50907951   -0.09220366    0.32563221   -0.39151481    0.86062757    0.40202876   -0.76652085   -0.50081800
    0.41444136    0.87419858    0.25301226    0.88452682   -0.32151460   -0.33799507   -0.21412767    0.36387527   -0.90650104
    0.56969841    0.82179103    0.01015982   -0.09198960    0.07604551   -0.99285195   -0.81668944    0.56469158    0.11891924
    0.83178538    0.51092703    0.21699460   -0.55016668    0.81078520    0.19985990   -0.07382219   -0.28562374    0.95549430
    0.73761936    0.54393402    0.40006682   -0.45113040   -0.04384572    0.89138034    0.50239331   -0.83798171    0.21304372
    0.78987702    0.50497476    0.34798675    0.35471199   -0.83907639    0.41246845    0.50027362   -0.20236428   -0.84188776
    0.63724371    0.44323419    0.63044739    0.76861801   -0.42507481   -0.47805624    0.05609643    0.78921154   -0.61155403
    0.51607644    0.23580629    0.82344429    0.22653966    0.88954862   -0.39671530   -0.82604170    0.39127821    0.40565561
    0.95288587    0.00265458    0.30331744   -0.29465807    0.24548374    0.92353362   -0.07200791   -0.96939707    0.23470018
    0.83180954   -0.28592292    0.47575306   -0.46141250   -0.83261865    0.30634079    0.30853102   -0.47433560   -0.82450855
    0.62343982   -0.16584565    0.76407984    0.35276456   -0.81246165   -0.46418016    0.69776783    0.55892869   -0.44801648
    0.76782864   -0.42902687    0.47578894    0.62928615    0.36577576   -0.68571644    0.12015872    0.82592012    0.55083377
    0.96463639   -0.07003078    0.25411087   -0.07817480    0.84467166    0.52954554   -0.25172474   -0.53068397    0.80932638
    0.96280462   -0.26352049   -0.05970106   -0.11666688   -0.60474129    0.78783044   -0.24371316   -0.75156165   -0.61299183
    0.94242299   -0.16348972   -0.29173623   -0.28297193   -0.85475934   -0.43510154   -0.17822964    0.49260286   -0.85180785
    0.89907985    0.32453067   -0.29382863   -0.43355748    0.75309925   -0.49484284    0.06069044    0.57229482    0.81779906
