# Rotation matrices: 58 entries, row-major flattening of 3x3 -> 1x9
# https://github.com/Neurophysics-CFIN/GFO
# Col:  1    2    3    4    5    6    7    8    9
#       R11  R12  R13  R21  R22  R23  R31  R32  R33
# where Rij = R(i,j), i = row index, j = column index

   -0.98723079   -0.13324896   -0.08729313   -0.15646368    0.91400310    0.37432266    0.02990809    0.38320105   -0.92318062
   -0.98002957   -0.19818313    0.01629407   -0.08886637    0.36319688   -0.92746471    0.17788991   -0.91039083   -0.37355550
   -0.98192692   -0.15741032   -0.10507859    0.16531008   -0.44299761   -0.88115021    0.09215257   -0.88259566    0.46101280
   -0.93444246    0.01623137   -0.35574406   -0.09899878   -0.97142375    0.21572006   -0.34207680    0.23679621    0.90934648
   -0.94399815    0.27330446    0.18485713   -0.11584700   -0.79912812    0.58989297    0.30894491    0.53544273    0.78603697
   -0.82937586    0.46220217   -0.31385482    0.06423092    0.63692634    0.76824425    0.55498656    0.61700405   -0.55793900
   -0.34183509    0.74534042   -0.57237787    0.90909255    0.41659398   -0.00044620    0.23811661   -0.52049699   -0.81998986
   -0.65294196    0.73161579   -0.19597229    0.41893895    0.13330100   -0.89817649   -0.63099679   -0.66855754   -0.39354016
   -0.70682605    0.66850398    0.23129927   -0.63187422   -0.44967234   -0.63129213   -0.31801242   -0.59236577    0.74025056
   -0.52547614    0.84984330    0.04051154   -0.76092641   -0.49073114    0.42446902    0.38061243    0.19222204    0.90453572
   -0.38225464    0.81384527    0.43764970    0.18730077   -0.39554672    0.89914471    0.90487558    0.42567437   -0.00123428
   -0.16691738    0.47376872    0.86468595    0.98597088    0.08015774    0.14641090    0.00005363    0.87699369   -0.48050189
   -0.23683962    0.52009858    0.82061225    0.35429066    0.83271491   -0.42551617   -0.90464641    0.18995617   -0.38148595
   -0.46822946    0.48528381    0.73841777   -0.72640722    0.26439460   -0.63437217   -0.50308421   -0.83342374    0.22871632
   -0.53233294    0.32575806    0.78134712   -0.71907956   -0.66105913   -0.21430218    0.44670598   -0.67593085    0.58614951
   -0.66916954    0.24423345    0.70182772    0.13477094   -0.88889778    0.43783277    0.73078651    0.38757034    0.56190775
   -0.59495384   -0.11731056    0.79515291    0.80256996   -0.14051752    0.57977262    0.04371946    0.98310379    0.17775137
   -0.79838379   -0.34832751    0.49117336   -0.14683355    0.90369775    0.40220678   -0.58397194    0.24899464   -0.77264380
   -0.56130921   -0.29962383    0.77146453   -0.67025143    0.71139603   -0.21137342   -0.48548429   -0.63572105   -0.60013645
   -0.57950165   -0.37572579    0.72319290   -0.49077903   -0.54754723   -0.67773740    0.65062568   -0.74767785    0.13290618
   -0.42546405   -0.89216801    0.15171216    0.55588851   -0.38993361   -0.73412516    0.71412065   -0.22800881    0.66184868
   -0.56388428   -0.64394215    0.51708126    0.75924623   -0.15787129    0.63136505   -0.32493028    0.74860882    0.57793178
    0.10978083   -0.91593713    0.38601470   -0.25371134    0.34967467    0.90186373   -0.96103003   -0.19694366   -0.19399606
   -0.06006033   -0.98544575   -0.15902653   -0.98742252    0.03531128    0.15410997   -0.14625158    0.16628227   -0.97517213
    0.18872064   -0.97555328    0.11260692   -0.38574718   -0.17909216   -0.90505531    0.90309669    0.12736481   -0.41011532
    0.16454923   -0.96371642   -0.21017663    0.49282972    0.26490525   -0.82882090    0.85442520    0.03280055    0.51853805
    0.13799148   -0.94008027   -0.31178107    0.86574454   -0.03841834    0.49900944   -0.48108704   -0.33878181    0.80856796
   -0.32819416   -0.67517365   -0.66062784   -0.32225666   -0.57738083    0.75018800   -0.88794101    0.45909904   -0.02808618
   -0.03348112   -0.75469886   -0.65521649   -0.86412013   -0.30754055    0.39839078   -0.50217071    0.57952433   -0.64185367
    0.11193752   -0.41580416   -0.90253914   -0.51382579    0.75318596   -0.41072373    0.85056043    0.50972328   -0.12934113
   -0.00105406    0.24165801   -0.97036091    0.52749526    0.82451249    0.20476303    0.84955732   -0.51164495   -0.12834254
   -0.25254164   -0.06041195   -0.96569825    0.89944130   -0.38257743   -0.21128146   -0.35669043   -0.92194626    0.15095374
    0.07548051   -0.02075759   -0.99693120    0.05922758   -0.99792480    0.02526257   -0.99538675   -0.06095265   -0.07409446
   -0.05924547    0.24781369   -0.96699449   -0.95445624   -0.29781679   -0.01784484   -0.29240939    0.92189671    0.25417162
    0.28965717    0.52405804   -0.80091316   -0.25161906    0.84904593    0.46455233    0.92346444    0.06696410    0.37779523
    0.08237343    0.94074544   -0.32895689    0.83336009    0.11600202    0.54042066    0.54655793   -0.31865585   -0.77442422
    0.09411775    0.86815180   -0.48729282    0.92295235   -0.25958490   -0.28420879   -0.37323023   -0.42299896   -0.82569430
    0.36842584    0.82138131   -0.43542525   -0.27021960   -0.35353340   -0.89554202   -0.88951884    0.44760126    0.09170249
    0.60806117    0.77171053   -0.18634506   -0.78221453    0.62248826    0.02547135    0.13565412    0.13027368    0.98215413
    0.68113148    0.71891435    0.13864367    0.05140147   -0.23584876    0.97042942    0.73035457   -0.65386354   -0.19759727
    0.71471042    0.52487575    0.46227099    0.51582993   -0.84191626    0.15841877    0.47234363    0.12522966   -0.87247294
    0.71030424    0.66353779    0.23491593    0.46309860   -0.18918569   -0.86588017   -0.53010148    0.72382759   -0.44166282
    0.37486115    0.83887702    0.39467007   -0.44558369    0.53634539   -0.71679063   -0.81297866    0.09283841    0.57484496
    0.62028442    0.35896877    0.69741570   -0.77444351    0.13922144    0.61713421    0.12443670   -0.92290780    0.36435793
    0.56108997    0.23430960    0.79389990   -0.10200132   -0.93221905    0.34722236    0.82144615   -0.27580182   -0.49915887
    0.45515659    0.65982949    0.59787751    0.85843323   -0.50350901   -0.09783183    0.23648439    0.55776672   -0.79559501
    0.63058222    0.11183015    0.76802349    0.63648587    0.49175876   -0.59418772   -0.44413038    0.86352032    0.23891602
    0.47402945    0.06307059    0.87824722   -0.47411603    0.85877168    0.19422974   -0.74196366   -0.50846170    0.43698585
    0.80477551   -0.33615778    0.48921807   -0.59021024   -0.54086343    0.59926507    0.06315255   -0.77101537   -0.63367741
    0.42418928   -0.53919976    0.72754867    0.07938798   -0.77817683   -0.62300752    0.90208702    0.32203174   -0.28728829
    0.07019442   -0.51777064    0.85263492    0.84170784   -0.42797614   -0.32918740    0.53535097    0.74077661    0.40577007
    0.53486972   -0.55119037    0.64039328    0.49120160    0.81953003    0.29511271   -0.68748481    0.15671535    0.70908740
    0.75445233   -0.28678279    0.59038743   -0.53009478    0.26418444    0.80573327   -0.38704161   -0.92084864    0.04729250
    0.78351382   -0.61826751    0.06205951   -0.61221764   -0.78519069   -0.09308674    0.10628106    0.03494082   -0.99372203
    0.91325011   -0.34648187   -0.21430013   -0.15776096    0.18421311   -0.97014278    0.37561378    0.91979120    0.11357133
    0.81581061   -0.30100608   -0.49381006    0.31822476    0.94662663   -0.05129349    0.48289341   -0.11529681    0.86805564
    0.89005164   -0.10018010   -0.44471566    0.43888387    0.45205997    0.77654538    0.12324376   -0.88634402    0.44632415
    0.86062210    0.50016282   -0.09574317    0.47465169   -0.71974441    0.50662980    0.18448678   -0.48146146   -0.85683107
