# Rotation matrices: 95 entries, row-major flattening of 3x3 -> 1x9
# https://github.com/Neurophysics-CFIN/GFO
# Col:  1    2    3    4    5    6    7    8    9
#       R11  R12  R13  R21  R22  R23  R31  R32  R33
# where Rij = R(i,j), i = row index, j = column index

   -0.98458791    0.16653913    0.05339823    0.17244838    0.87363610    0.45499618    0.02912405    0.45719217   -0.88889094
   -0.86936731   -0.49150553   -0.05121313   -0.15325358    0.36668685   -0.91763506    0.46980189   -0.78991333   -0.39411054
   -0.91062635   -0.13827265   -0.38941022    0.37133654   -0.68725767   -0.62432850   -0.18129760   -0.71313222    0.67718063
   -0.92660362   -0.04266076   -0.37361181    0.00472133   -0.99478551    0.10187982   -0.37600989    0.09263826    0.92197327
   -0.97540606    0.09594283   -0.19843886   -0.22013527   -0.37865002    0.89897977    0.01111179    0.92055371    0.39045793
   -0.86395455    0.44822360   -0.22951717    0.05344153    0.53481671    0.84327640    0.50072600    0.71628674   -0.48601109
   -0.85180579    0.47697876   -0.21660598    0.52085572    0.81533743   -0.25285211    0.05600188   -0.32820136   -0.94294627
   -0.67345702    0.57199255   -0.46827360    0.51632445   -0.08936250   -0.85171791   -0.52902240   -0.81537652   -0.23515194
   -0.62641545    0.76762292    0.13549444   -0.54153444   -0.30353740   -0.78396779   -0.56066401   -0.56446444    0.60583476
   -0.48906292    0.83937637    0.23720196   -0.73534560   -0.54302650    0.40544921    0.46913144    0.02386476    0.88280585
   -0.48878150    0.81786987    0.30361408    0.23793822   -0.20984946    0.94833992    0.83933190    0.53577241   -0.09203197
   -0.80582903    0.29892422    0.51115936    0.58669632    0.51991684    0.62086545   -0.08016864    0.80020671   -0.59434182
   -0.85150621    0.40793524    0.32943287    0.21155774    0.84215240   -0.49600672   -0.47977130   -0.35265873   -0.80339985
   -0.48087270    0.44673094    0.75444875   -0.58502364    0.47744002   -0.65559009   -0.65307640   -0.75662573    0.03176029
   -0.45463748    0.35902093    0.81511271   -0.69086794   -0.71974543   -0.06832281    0.56214433   -0.59419735    0.57525930
   -0.59878856    0.00106561    0.80090644    0.39673917   -0.86829109    0.29777277    0.69573723    0.49605388    0.51950000
   -0.67508732    0.14232828    0.72387829    0.73213231    0.00852347    0.68110912    0.09077114    0.98978281   -0.10995722
   -0.83255579   -0.19683918    0.51778876    0.15207042    0.81760737    0.55533123   -0.53265885    0.54108458   -0.65077034
   -0.67339587   -0.51378732    0.53156428   -0.63445639    0.77071912   -0.05879741   -0.37947739   -0.37684829   -0.84497472
   -0.69195502   -0.54714526    0.47098866   -0.33107868   -0.33924895   -0.88050955    0.64154903   -0.76520730    0.05359688
   -0.89606847   -0.42902930    0.11399626    0.33551141   -0.82268835   -0.45892916    0.29067745   -0.37298491    0.88112932
   -0.82600926   -0.51989143    0.21776501    0.54304834   -0.63050538    0.55458225   -0.15102055    0.57634701    0.80312946
   -0.36959782   -0.73441684    0.56923577   -0.09180747    0.63847914    0.76414382   -0.92464525    0.23016579   -0.30340545
   -0.57932583   -0.74360503   -0.33381602   -0.78512276    0.39904004    0.47365526   -0.21900648    0.53648728   -0.81499543
   -0.53471497   -0.79916543   -0.27461703   -0.63933491    0.59509962   -0.48693666    0.55256744   -0.08480007   -0.82914303
   -0.60944892   -0.79045636    0.06124351    0.41728664   -0.38549373   -0.82296199    0.67412453   -0.47599719    0.56478562
   -0.33393410   -0.80326273   -0.49321092    0.89835928   -0.42963199    0.09147114   -0.28537454   -0.41253527    0.86508729
   -0.50135460   -0.66403329   -0.55471015    0.10572855   -0.68331641    0.72242657   -0.85875784    0.30354319    0.41279111
   -0.24070211   -0.60413361   -0.75966116   -0.90770282   -0.13705045    0.39660152   -0.34371221    0.78500940   -0.51538545
   -0.32635832   -0.18583563   -0.92679845   -0.60867153    0.79146939    0.05563433    0.72319376    0.58227256   -0.37141547
   -0.34451274   -0.52324810   -0.77943723    0.41261657    0.66137188   -0.62636635    0.84324287   -0.53739991   -0.01195020
   -0.23855704    0.20912805   -0.94834382    0.91457048   -0.28001407   -0.29180980   -0.32657523   -0.93694054   -0.12446301
   -0.25953277    0.24780745   -0.93339928    0.10647487   -0.95328298   -0.28269182   -0.95984678   -0.17275136    0.22102291
   -0.46549224   -0.05927880   -0.88306455   -0.85429085   -0.23067052    0.46580925   -0.23130957    0.97122455    0.05673400
   -0.04660993    0.68957224   -0.72271546   -0.62462842    0.54448506    0.55979938    0.77952989    0.47752083    0.40534801
   -0.49127760    0.49344754   -0.71774358    0.76137207    0.64351791   -0.07872271    0.42303532   -0.58514462   -0.69184311
   -0.15795931    0.94497612   -0.28647687    0.83227273   -0.02871473   -0.55362223   -0.53138589   -0.32587667   -0.78194209
   -0.50761421    0.81330654   -0.28435944    0.04904217   -0.30223251   -0.95197184   -0.86018759   -0.49718003    0.11353120
   -0.39061029    0.87663028   -0.28096788   -0.92023736   -0.37987449    0.09412002   -0.02422407    0.29532138    0.95509082
   -0.11764220    0.93252620    0.34140182   -0.19985198   -0.35898750    0.91169466    0.97273815    0.03902394    0.22859929
   -0.08717252    0.99223905    0.08867142    0.90629623    0.04203989    0.42054701    0.41355543    0.11702272   -0.90292723
    0.20227228    0.91631408    0.34562180    0.64871584    0.13901978   -0.74822541   -0.73365774    0.37555560   -0.56630761
    0.01860946    0.82986706    0.55765075   -0.49107770    0.49342227   -0.71789773   -0.87091697   -0.26049016    0.41671153
   -0.29318430    0.71793622    0.63135613   -0.94919215   -0.29757070   -0.10240092    0.11435575   -0.62930062    0.76870247
   -0.09678781    0.24022489    0.96587997   -0.29068533   -0.93494874    0.20340329    0.95191079   -0.26108018    0.16032150
    0.01014639    0.45910150    0.88832588    0.88881261   -0.41117666    0.20235095    0.45815849    0.78750211   -0.41222715
   -0.00068451    0.04581693    0.99894962    0.78126050    0.62357388   -0.02806494   -0.62420474    0.78042067   -0.03622180
   -0.07004333   -0.27366308    0.95927183   -0.54861710    0.81371069    0.19207861   -0.83313457   -0.51281910   -0.20713125
    0.01098645   -0.41681250    0.90892609   -0.95833310   -0.26386574   -0.10941908    0.28544170   -0.86985183   -0.40234416
    0.23439631   -0.69519743    0.67952844   -0.05858236   -0.70783258   -0.70394684    0.97037440    0.12519416   -0.20663965
   -0.03652488   -0.68559046    0.72707059    0.97056565   -0.19764755   -0.13761453    0.23805093    0.70064339    0.67262961
   -0.11112101   -0.71526462    0.68996279    0.54146460    0.53859320    0.64554895   -0.83334759    0.44532448    0.32744145
    0.04593211   -0.96583716    0.25504670   -0.43579255    0.21036572    0.87511777   -0.89887435   -0.15134345   -0.41124210
   -0.03135062   -0.85405933    0.51923001   -0.90459039   -0.19671161   -0.37818087    0.42512747   -0.48154668   -0.76640683
   -0.07929167   -0.98525730    0.15159447   -0.05862847   -0.14720085   -0.98736752    0.99512589   -0.08717777   -0.04609233
   -0.00099438   -0.97137876   -0.23753380    0.96989189    0.05691074   -0.23679293    0.24353384   -0.23061757    0.94207579
    0.16156930   -0.97085853    0.17700021    0.56376022    0.23801204    0.79090118   -0.80998134   -0.02799967    0.58578686
    0.15617644   -0.70791691   -0.68881244   -0.58467368   -0.62832648    0.51318859   -0.79609397    0.32258254   -0.51203017
    0.34421582   -0.75005550   -0.56474085   -0.84336411    0.01733479   -0.53706283    0.41261659    0.66114768   -0.62660298
    0.45042304   -0.62497100   -0.63759732    0.02516229    0.72274485   -0.69065675    0.89246061    0.29504430    0.34126663
    0.18428777   -0.24263631   -0.95245243    0.98179396    0.09082546    0.16682730    0.04602857   -0.96585628    0.25495688
    0.05549475   -0.34075637   -0.93851235    0.27130143   -0.89944984    0.34261570   -0.96089327   -0.27363311    0.04253295
    0.51132012    0.17512193   -0.84135845   -0.72700389   -0.43392518   -0.53214123   -0.45827621    0.88376538   -0.09456035
    0.30493797    0.09010561   -0.94810011   -0.85646953    0.46131342   -0.23162443    0.41650064    0.88264994    0.21784468
    0.35569236    0.28187026   -0.89108479    0.30517495    0.86614784    0.39579815    0.88337489   -0.41271913    0.22206242
    0.53773199    0.45669914   -0.70871023    0.84311522   -0.29229096    0.45135653   -0.00101545   -0.84023323   -0.54222420
    0.54592453    0.37584460   -0.74880388    0.24741407   -0.92619869   -0.28450356   -0.80047029   -0.02994714   -0.59862382
    0.54485985    0.72202970   -0.42638111   -0.67048257    0.06977289   -0.73863716   -0.50356813    0.68833484    0.52212478
    0.40707322    0.85947367   -0.30918668   -0.73619437    0.50909684    0.44591285    0.54065631    0.04610231    0.83997936
    0.40354061    0.91100300    0.08502067    0.40074162   -0.25951666    0.87866789    0.82253336   -0.32050686   -0.46980233
    0.28382945    0.93541705   -0.21079798    0.95840868   -0.26989758    0.09277987    0.02989401   -0.22836427   -0.97311670
    0.58632910    0.80843357    0.05151059    0.06090525    0.01941373   -0.99795474   -0.80778013    0.58826717   -0.03785501
    0.78677863    0.61566501    0.04399982   -0.61523410    0.78796828   -0.02435135   -0.04966273   -0.00791107    0.99873471
    0.69523092    0.48850630    0.52727182   -0.47018972   -0.24576047    0.84765761    0.54366865   -0.83723556    0.05883036
    0.67862990    0.37849370    0.62944736    0.48211766   -0.87607846    0.00700730    0.55409749    0.29871232   -0.77701153
    0.83688263   -0.01015952    0.54728808    0.54435687   -0.08952987   -0.83406235    0.05747230    0.99593232   -0.06939559
    0.50391743    0.24040543    0.82962187   -0.04054109    0.96601079   -0.25530291   -0.86279988    0.09501781    0.49653598
    0.58023662    0.31262521    0.75205780   -0.79599763    0.41311159    0.44240998   -0.17237528   -0.85533870    0.48855140
    0.27894538   -0.20691114    0.93775117   -0.44739678   -0.89206084   -0.06374619    0.84972089   -0.40176515   -0.34140763
    0.58113983   -0.33035724    0.74373422    0.46382647   -0.61647638   -0.63625615    0.66868640    0.71471741   -0.20503054
    0.75726442    0.06205947    0.65015323    0.40243804    0.73969600   -0.53934539   -0.51438723    0.67007346    0.53517038
    0.81184542   -0.28465639    0.50978206    0.06809594    0.91330831    0.40153565   -0.57988788   -0.29127079    0.76084912
    0.61614601   -0.47264550    0.63005582   -0.78589764   -0.31586939    0.53159330   -0.05223983   -0.82269847   -0.56607264
    0.52547027   -0.64007424    0.56052294   -0.49667793   -0.76567389   -0.40872306    0.69079087   -0.06362755   -0.72024961
    0.62334323   -0.78080989    0.04217982    0.50332571    0.35936893   -0.78582263    0.59841997    0.51106740    0.61701188
    0.64408513   -0.76389329    0.04026656    0.71262144    0.61832505    0.33142846   -0.27807380   -0.18477333    0.94262070
    0.87030026   -0.44012710   -0.22105564   -0.00944525   -0.46365633    0.88596478   -0.49243096   -0.76896745   -0.40767734
    0.78879577   -0.50632377   -0.34847879   -0.55581809   -0.82963186   -0.05269942   -0.26242613    0.23525989   -0.93583402
    0.85094697    0.01674206   -0.52498472   -0.45636791    0.51838001   -0.72319465    0.26003382    0.85498647    0.44875444
    0.64153657   -0.19572147   -0.74170340    0.15403494    0.98007669   -0.12539109    0.75146794   -0.03380526    0.65890298
    0.90280666   -0.38324765   -0.19509325    0.23442007    0.05823802    0.97038939   -0.36053760   -0.92180777    0.14241862
    0.97127423    0.05359699   -0.23184852    0.08000647   -0.99113750    0.10604440   -0.22411010   -0.12154758   -0.96695442
    0.95252087    0.11677648   -0.28118897   -0.26673094   -0.12531836   -0.95558878   -0.14682844    0.98522006   -0.08822046
    0.98281351    0.09251005    0.15974820    0.01977464    0.80763060   -0.58935709   -0.18353899    0.58238708    0.79192091
    0.94434197    0.31716428    0.08732158   -0.20196103    0.34942924    0.91493767    0.25967284   -0.88164960    0.39403552
