# Rotation matrices: 98 entries, row-major flattening of 3x3 -> 1x9
# https://github.com/Neurophysics-CFIN/GFO
# Col:  1    2    3    4    5    6    7    8    9
#       R11  R12  R13  R21  R22  R23  R31  R32  R33
# where Rij = R(i,j), i = row index, j = column index

   -0.97165015    0.05004831   -0.23106524   -0.04349895    0.92280841    0.38279560    0.23238722    0.38199450   -0.89446989
   -0.90573711   -0.37679676    0.19407339   -0.28568267    0.20449145   -0.93625245    0.31309055   -0.90344200   -0.29285980
   -0.90399432    0.01686774   -0.42721160    0.34778335   -0.55217943   -0.75772331   -0.24867854   -0.83355465    0.49330074
   -0.82306197    0.01170666   -0.56783092   -0.06450300   -0.99524551    0.07297764   -0.56427685    0.09669192    0.81990384
   -0.95605516   -0.07720453   -0.28283917   -0.21520977   -0.47034329    0.85583991   -0.19910623    0.87909991    0.43305895
   -0.87211963    0.48653598   -0.05186608    0.21980304    0.48427581    0.84685510    0.43714297    0.72715864   -0.52928853
   -0.83818279    0.46502690   -0.28495541    0.51448728    0.84755797   -0.13018572    0.18097637   -0.25572537   -0.94965893
   -0.74703643    0.41416153   -0.52000654    0.53541888   -0.08880295   -0.83990515   -0.39403451   -0.90586106   -0.15541087
   -0.73241691    0.66326567    0.15376647   -0.62983702   -0.57425234   -0.52301010   -0.25859389   -0.47990926    0.83834140
   -0.56472781    0.82070631    0.08673900   -0.75203361   -0.55504488    0.35548647    0.33989403    0.13552245    0.93064801
   -0.86900121    0.30461502    0.38993151    0.18844896   -0.52490740    0.83003567    0.45751927    0.79478419    0.39874079
   -0.72735416    0.35084829    0.58979776    0.68414945    0.43809927    0.58310253   -0.05380944    0.82763187   -0.55868599
   -0.87436938    0.38473653    0.29572958    0.20331696    0.84380935   -0.49663669   -0.44061366   -0.37411707   -0.81602452
   -0.46440736    0.31770343    0.82667426   -0.67496327    0.47735465   -0.56263409   -0.57336758   -0.81926618   -0.00724887
   -0.55775783    0.11530213    0.82195597   -0.55959903   -0.78361596   -0.26980539    0.61298868   -0.61045183    0.50159090
   -0.66170284    0.06712932    0.74675499    0.28664360   -0.89767288    0.33469218    0.69280935    0.43551930    0.57475050
   -0.58234347   -0.12995860    0.80248791    0.80713683   -0.21019737    0.55167672    0.09698572    0.96898288    0.22730144
   -0.74732742   -0.42708362    0.50901995    0.02828325    0.74492935    0.66654356   -0.66385374    0.51252302   -0.54462682
   -0.65019552   -0.44612372    0.61499546   -0.64173155    0.75579673   -0.13019955   -0.40672645   -0.47931715   -0.77770731
   -0.70771849   -0.40785491    0.57687859   -0.44674647   -0.37421110   -0.81263992    0.54731356   -0.83283877    0.08262838
   -0.72951337   -0.55334312    0.40202192    0.44222294   -0.82998962   -0.33993544    0.52177496   -0.07020414    0.85018955
   -0.62321014   -0.77142611    0.12849462    0.75958327   -0.55797351    0.33421372   -0.18612459    0.30588774    0.93369713
   -0.48192655   -0.82185799    0.30380298    0.13755677    0.27145941    0.95256912   -0.86534672    0.50085850   -0.01777137
   -0.86149730   -0.48906604   -0.13651671   -0.47786791    0.69003382    0.54359505   -0.17165274    0.53354262   -0.82817124
   -0.80164542   -0.54403896   -0.24776246   -0.26383536    0.69389183   -0.67000375    0.53642849   -0.47173694   -0.69979192
   -0.56009765   -0.82836328   -0.01024207    0.47946210   -0.31405643   -0.81944167    0.67557880   -0.46387804    0.57307107
   -0.62895809   -0.57257186   -0.52590226    0.73575935   -0.65689992   -0.16474429   -0.25113721   -0.49055476    0.83443762
   -0.29576191   -0.80712763   -0.51094998    0.14735999   -0.56702667    0.81041087   -0.94382728    0.16439508    0.28664321
   -0.24854739   -0.72500694   -0.64233102   -0.93077323   -0.00479016    0.36556565   -0.26811450    0.68872490   -0.67362647
   -0.23088034   -0.42492356   -0.87529094   -0.52307178    0.81274769   -0.25658743    0.82042073    0.39859900   -0.40991299
   -0.44262943   -0.37798112   -0.81314787    0.54937349    0.60239302   -0.57906081    0.70870865   -0.70303124   -0.05898408
   -0.31166198    0.24104587   -0.91911028    0.90255296   -0.22734050   -0.36566987   -0.29709420   -0.94351109   -0.14670327
   -0.39243253    0.09112478   -0.91525569    0.02585212   -0.99359434   -0.11000891   -0.91941741   -0.06683237    0.38756297
   -0.41353926    0.08447200   -0.90655930   -0.87386778   -0.31636140    0.36914845   -0.25561766    0.94487033    0.20464522
   -0.15292246    0.56592973   -0.81014706   -0.53053878    0.64462224    0.55044598    0.83375256    0.51398998    0.20167045
   -0.32404656    0.55258115   -0.76788534    0.82027936    0.56848988    0.06293659    0.47131262   -0.60948611   -0.63748811
   -0.36084635    0.84129360   -0.40251085    0.72144878   -0.02170080   -0.69212768   -0.59101740   -0.54014271   -0.59911959
   -0.29463803    0.89458188   -0.33602334   -0.20596520   -0.40281681   -0.89180544   -0.93314885   -0.19355068    0.30293789
   -0.33158329    0.84731576   -0.41485965   -0.93590992   -0.24003471    0.25779055    0.11884928    0.47375030    0.87260272
    0.13119306    0.95576739    0.26324337   -0.35499972   -0.20263634    0.91264106    0.92561524   -0.21318350    0.31271268
   -0.06772306    0.98636659    0.14998177    0.91644105    0.00207513    0.40016433    0.39439749    0.16454980   -0.90408737
   -0.06821513    0.96971056    0.23453812    0.75771551    0.20328559   -0.62011465   -0.64900994    0.13541197   -0.74863188
   -0.15889963    0.76646575    0.62231918   -0.49101282    0.48549738   -0.72332476   -0.85653799   -0.42050273    0.29919915
   -0.34342888    0.73864524    0.58005157   -0.91572724   -0.40051186   -0.03215404    0.20856710   -0.54221164    0.81394490
   -0.15990247    0.19932196    0.96679986   -0.27315966   -0.95009147    0.15069839    0.94858579   -0.23999368    0.20636869
    0.10776373    0.33030830    0.93770113    0.88766282   -0.45671593    0.05886653    0.44770715    0.82601875   -0.34241981
   -0.02847099    0.41272598    0.91041016    0.84430480    0.49749072   -0.19912909   -0.53510636    0.76299426   -0.36263058
   -0.40620572   -0.19910441    0.89182641   -0.13441601    0.97837587    0.15720368   -0.90384138   -0.05601871   -0.42418469
   -0.04442859   -0.38356479    0.92244466   -0.98238241   -0.15100272   -0.11010437    0.18152382   -0.91108519   -0.37009846
    0.18462385   -0.57401640    0.79775886    0.00377517   -0.81129262   -0.58462811    0.98280201    0.11094796   -0.14761695
   -0.02550835   -0.63170789    0.77478672    0.89335197   -0.36222592   -0.26592226    0.44863302    0.68537400    0.57357727
    0.07229195   -0.81112131    0.58039305    0.59882613    0.50065728    0.62509963   -0.79760964    0.30236485    0.52191413
   -0.03209202   -0.96174776    0.27205027   -0.36671305    0.26453785    0.89193120   -0.92978042   -0.07114051   -0.36117501
   -0.02006499   -0.91698933    0.39840679   -0.93136057   -0.12775373   -0.34094938    0.36354489   -0.37790152   -0.85148432
    0.18344324   -0.97183038   -0.14796718   -0.09647413    0.13199695   -0.98654425    0.97828489    0.19524988   -0.06954254
    0.00237205   -0.98384228   -0.17902164    0.98874137    0.02909206   -0.14677925    0.14961574   -0.17665794    0.97283457
    0.37566731   -0.91112035   -0.16951038    0.59428463    0.09648380    0.79844640   -0.71112576   -0.40068763    0.57771063
   -0.02249976   -0.70851672   -0.70533526   -0.42236343   -0.63272485    0.64905193   -0.90614728    0.31251133   -0.28501539
    0.15321202   -0.72277179   -0.67388947   -0.92460017    0.13583332   -0.35589864    0.34877014    0.67760627   -0.64746362
    0.46343526   -0.68720617   -0.55944208    0.09391946    0.66586743   -0.74013492    0.88113954    0.29046212    0.37312848
    0.14560918   -0.27696659   -0.94978286    0.98889618    0.06956829    0.13131872    0.02970387   -0.95835785    0.28402098
    0.18269826   -0.30089513   -0.93599331    0.25422151   -0.90518217    0.34061219   -0.94973300   -0.30017889   -0.08888119
    0.33693226    0.14969499   -0.92955262   -0.81620323   -0.44571748   -0.36762509   -0.46934948    0.88256860   -0.02799507
    0.18308454    0.13938612   -0.97316574   -0.74358674    0.66716802   -0.04433497    0.64308538    0.73175019    0.22579382
    0.24302805    0.43910980   -0.86493927    0.36688624    0.78382273    0.50101539    0.89795983   -0.43909511    0.02938757
    0.38664236    0.66941745   -0.63434058    0.92192787   -0.26296218    0.28442906    0.02359420   -0.69478858   -0.71882692
    0.31619523    0.70032085   -0.63997757    0.29371956   -0.71370818   -0.63588478   -0.90208060    0.01308980   -0.43136905
    0.45724435    0.72126601   -0.52029122   -0.70046804   -0.06839277   -0.71039915   -0.54797092    0.68927336    0.47395158
    0.29604345    0.89287360   -0.33931550   -0.79300554    0.42777318    0.43376529    0.53244764    0.14066569    0.83469316
    0.28882221    0.95616010   -0.04836937    0.45830568   -0.09372712    0.88383886    0.84055793   -0.27744025   -0.46528408
    0.48389492    0.87030237    0.09175777    0.87020352   -0.46741529   -0.15578438   -0.09269053    0.15523120   -0.98352008
    0.68313676    0.67235884    0.28505747    0.07567360    0.32306101   -0.94334781   -0.72635919    0.66600689    0.16981504
    0.34072763    0.89943557    0.27371579   -0.72604976    0.43669303   -0.53117882   -0.59729091   -0.01774398    0.80182836
    0.62758915    0.58500769    0.51370991   -0.59811198   -0.06011077    0.79915502    0.49839133   -0.80879707    0.31217524
    0.64763069    0.51006323    0.56604770    0.46806081   -0.85251448    0.23267605    0.60124336    0.11425659   -0.79085514
    0.80397360    0.09756766    0.58660634    0.58300943    0.06502467   -0.80985912   -0.11715994    0.99310238   -0.00460475
    0.44129444    0.37836475    0.81369486    0.07920721    0.88680006   -0.45531513   -0.89385985    0.26537854    0.36137072
    0.55867520    0.30593788    0.77089820   -0.82256538    0.32334772    0.46779531   -0.10615187   -0.89545981    0.43230026
    0.19537588   -0.15177799    0.96891264   -0.57250295   -0.81979994   -0.01297776    0.79628427   -0.55216980   -0.24706248
    0.49199631   -0.02223157    0.87031338    0.55611702   -0.76111617   -0.33382036    0.66983094    0.64823447   -0.36210300
    0.76470563   -0.03824914    0.64324358    0.42039603    0.78614852   -0.45303165   -0.48835692    0.61685290    0.61725199
    0.66152260   -0.46253403    0.59029664   -0.10954892    0.71909489    0.68622269   -0.74188064   -0.51861817    0.42502742
    0.74899005   -0.47231069    0.46468970   -0.66019443   -0.47250712    0.58384959   -0.05618921   -0.74408308   -0.66572001
    0.65904650   -0.52909244    0.53452680   -0.36320348   -0.84623943   -0.38982311    0.65859011    0.06276956   -0.74987935
    0.69338608   -0.71971368   -0.03504230    0.36227712    0.39023756   -0.84644547    0.62287321    0.57421848    0.53132109
    0.51679610   -0.83941591    0.16823414    0.80268400    0.54343000    0.24572796   -0.29769144    0.00804760    0.95462822
    0.57003432   -0.78371657    0.24667633   -0.20183132    0.15746281    0.96667967   -0.79644522   -0.60082760   -0.06841934
    0.84018273   -0.43324665   -0.32617527   -0.48306001   -0.87124954   -0.08704746   -0.24646704    0.23069800   -0.94129296
    0.69478925   -0.62216199   -0.36080792   -0.38333270    0.10413010   -0.91772162    0.60854247    0.77593259   -0.16614656
    0.52359123   -0.55456819   -0.64676607    0.49696911    0.81541420   -0.29685248    0.69200718   -0.16599340    0.70254698
    0.97948384   -0.19510748    0.05044283   -0.04076787    0.05329209    0.99774643   -0.19735600   -0.97933295    0.04424463
    0.91944075    0.06537866   -0.38775552    0.01806758   -0.99206409   -0.12442827   -0.39281328    0.10739862   -0.91332539
    0.85729369   -0.09981300   -0.50505930   -0.50964215   -0.02564709   -0.86000413    0.07288629    0.99467562   -0.07285600
    0.93763026    0.33837612    0.07969382   -0.32997091    0.93843212   -0.10229542   -0.10940157    0.06961864    0.99155663
    0.91231248    0.40871458    0.02526518   -0.14059000    0.25467526    0.95675230    0.38460420   -0.87640910    0.28980460
    0.88548035    0.31265085   -0.34376445    0.46413491   -0.63080559    0.62182240   -0.02243524   -0.71016459   -0.70367813
    0.96044346   -0.00673706   -0.27839357   -0.20400375   -0.69750948   -0.68692285   -0.18955432    0.71654388   -0.67129280
    0.99809865   -0.02858332    0.05460833    0.05369742    0.83819753   -0.54271677   -0.03025991    0.54461721    0.83813867
