# Rotation matrices: 41 entries, row-major flattening of 3x3 -> 1x9
# https://github.com/Neurophysics-CFIN/GFO
# Col:  1    2    3    4    5    6    7    8    9
#       R11  R12  R13  R21  R22  R23  R31  R32  R33
# where Rij = R(i,j), i = row index, j = column index

   -0.99942719   -0.01201703    0.03163679    0.00095278    0.92447028    0.38125294   -0.03382880    0.38106469   -0.92392928
   -0.99896274   -0.02771158    0.03613193   -0.04419167    0.39868266   -0.91602360    0.01097929   -0.91667017   -0.39949374
   -0.54736690   -0.18973136   -0.81510213    0.71005972   -0.62078468   -0.33232751   -0.44294997   -0.76067627    0.47451759
   -0.70654926    0.20640446   -0.67689389   -0.06976794   -0.97217618   -0.22362001   -0.70421629   -0.11077306    0.70129078
   -0.68758980   -0.13970451   -0.71253275   -0.70421953   -0.11077566    0.70128710   -0.17690425    0.98397734   -0.02221443
   -0.67138097    0.62534554   -0.39773176   -0.14379809    0.41655021    0.89766811    0.72702799    0.65987035   -0.18974039
   -0.72602007    0.57196748   -0.38176964    0.67246518    0.70661704   -0.22018840    0.14382433   -0.41658799   -0.89764637
   -0.60853402    0.60300767   -0.51581789    0.70421430    0.11077688   -0.70129217   -0.36574386   -0.79000648   -0.49205812
   -0.45007777    0.83356930   -0.32030020   -0.54910217   -0.54119732   -0.63686126   -0.70421361   -0.11075956    0.70129560
   -0.70755515    0.62667800    0.32655842   -0.45526407   -0.75768330    0.46760094    0.54046308    0.18218314    0.82140669
   -0.70479278    0.62965879    0.32679803    0.54205949    0.18081297    0.82065716    0.45764467    0.75553721   -0.46874820
   -0.70706067    0.62981226    0.32156138    0.70489671    0.66401616    0.24940564   -0.05644322    0.40301248   -0.91345230
   -0.14376361    0.41656340    0.89766751    0.36963794    0.86404132   -0.34176073   -0.91798683    0.28267921   -0.27819534
   -0.14377419    0.41656572    0.89766474   -0.91799406    0.28265393   -0.27819717   -0.36961587   -0.86404847    0.34176652
    0.54972055    0.17789487    0.81618670   -0.44755234   -0.76227591    0.46758137    0.70533979   -0.62232536   -0.33942147
   -0.14379798    0.41654678    0.89766972    0.38739534   -0.81101050    0.43839117    0.91063000    0.41079283   -0.04474661
    0.04423714   -0.39661732    0.91691754    0.99902066    0.01838699   -0.04024486   -0.00089754    0.91779988    0.39704228
    0.03539784   -0.39081714    0.91978745    0.00070992    0.92037385    0.39103897   -0.99937305   -0.01318895    0.03285669
    0.05763915   -0.40175004    0.91393361   -0.70692601    0.62998681    0.32151552   -0.70493499   -0.66461532   -0.24769565
    0.05648907   -0.40304992    0.91343295   -0.70504115   -0.66388841   -0.24933746    0.70691298   -0.62992297   -0.32166922
   -0.03217276   -0.90858096    0.41646794    0.14376520   -0.41655740   -0.89767004    0.98908871    0.03099307    0.14402413
   -0.20256229   -0.90027219    0.38532909    0.96865653   -0.12642988    0.21382237   -0.14378122    0.41656389    0.89766446
   -0.45582507   -0.75493134    0.47148933    0.54444913    0.18256925    0.81868408   -0.70412972    0.62987868    0.32780207
    0.17690536   -0.98397719    0.02221243   -0.70421639   -0.11077726    0.70129001   -0.68759274   -0.13970432   -0.71252995
   -0.06977427   -0.97217749   -0.22361236   -0.70655144    0.20640318   -0.67689201    0.70421348    0.11076399   -0.70129503
   -0.36573957   -0.79001308   -0.49205071    0.70421514    0.11077269   -0.70129198    0.60853562   -0.60299979    0.51582521
   -0.00148965   -0.91960157   -0.39284951    0.99871444    0.01853682   -0.04717894    0.05066801   -0.39241476    0.91839175
    0.00922747   -0.92015909   -0.39143595    0.05066498   -0.39051962    0.91919937   -0.99867308   -0.02831398    0.04301634
    0.14378566   -0.41655457   -0.89766807   -0.91063567   -0.41077929    0.04475556   -0.38738659    0.81101336   -0.43839363
    0.70620825   -0.63066357   -0.32176601   -0.05625829    0.40304641   -0.91344874    0.70576548    0.66318704    0.24915465
    0.70422216    0.11076561   -0.70128606    0.54913465    0.54111728    0.63690127    0.45002476   -0.83362046    0.32024154
    0.70420963    0.11077553   -0.70129706    0.45002404   -0.83363133    0.32021424   -0.54915130   -0.54109849   -0.63690287
    0.70421341    0.11078038   -0.70129251   -0.06977051   -0.97217336   -0.22363146   -0.70655187    0.20641381   -0.67688831
    0.70422244    0.11076270   -0.70128623   -0.70654161    0.20641832   -0.67689765    0.06978331    0.97217442    0.22362287
    0.44896075    0.75539256   -0.47730108   -0.70798606    0.62661247    0.32574921    0.54515134    0.19167390    0.81613181
    0.70575820    0.66324749    0.24901430    0.05643889   -0.40300982    0.91345374    0.70620111   -0.63062338   -0.32186044
    0.70480203    0.66473301    0.24775820    0.70710851   -0.63021049   -0.32067473   -0.05702326    0.40120413   -0.91421201
    0.72702460    0.65987198   -0.18974773    0.14379151   -0.41655134   -0.89766864   -0.67138605    0.62534306   -0.39772706
    0.54917391    0.54105863    0.63691724   -0.44998908    0.83365866   -0.32019223   -0.70421435   -0.11076458    0.70129406
    0.98908852    0.03099306    0.14402542   -0.14376599    0.41656788    0.89766505   -0.03217498   -0.90857616    0.41647826
    0.91062432    0.41080204   -0.04477762    0.38741767   -0.81100427    0.43838296    0.14377378   -0.41654983   -0.89767218
