# Rotation matrices: 71 entries, row-major flattening of 3x3 -> 1x9
# https://github.com/Neurophysics-CFIN/GFO
# Col:  1    2    3    4    5    6    7    8    9
#       R11  R12  R13  R21  R22  R23  R31  R32  R33
# where Rij = R(i,j), i = row index, j = column index

   -0.90668181   -0.38195181   -0.17899974   -0.33118042    0.90740597   -0.25871593    0.26124245   -0.17529182   -0.94922345
   -0.94953002   -0.06566080   -0.30672690    0.16904803    0.71657393   -0.67671601    0.26422622   -0.69441375   -0.66930863
   -0.88613496   -0.25288027   -0.38835087    0.46316859   -0.51126629   -0.72393483   -0.01548187   -0.82137589    0.57017713
   -0.77335086    0.02967649   -0.63328331    0.04301969   -0.99414497   -0.09912159   -0.63251700   -0.10389942    0.76754619
   -0.85686092    0.12335686   -0.50057213   -0.51337348   -0.11508231    0.85041386    0.04729738    0.98566685    0.16193767
   -0.97201000    0.21539302   -0.09382120   -0.03013504    0.28173912    0.95901770    0.23299882    0.93500210   -0.26736236
   -0.75402029    0.45436796   -0.47434498    0.57904190    0.80072866   -0.15344083    0.31010303   -0.39036311   -0.86686374
   -0.86832974    0.49535962   -0.02494617    0.25311768    0.39932121   -0.88117763   -0.42653828   -0.77146706   -0.47212676
   -0.86351052    0.47704474   -0.16363953   -0.29382561   -0.73958043   -0.60554710   -0.40989766   -0.47481481    0.77880345
   -0.86733798    0.49706676   -0.02548465   -0.45014151   -0.76155159    0.46627439    0.21236162    0.41588919    0.88427299
   -0.80837529    0.30287527    0.50477318    0.41469497   -0.31559226    0.85348088    0.41780076    0.89925975    0.12951614
   -0.45803142    0.79478953    0.39814172    0.88209925    0.35093055    0.31424299    0.11003695    0.49513367   -0.86182047
   -0.61532811    0.35000799    0.70630427    0.21826060    0.93663538   -0.27400087   -0.75745206   -0.01444204   -0.65273103
   -0.19692178    0.51665779    0.83323858   -0.62290816    0.59036663   -0.51327640   -0.75710450   -0.62010642    0.20557431
   -0.41461567    0.44460514    0.79398999   -0.69467179   -0.71824490    0.03943823    0.58781370   -0.53521074    0.60665024
   -0.37817592   -0.06462115    0.92347554    0.24614420   -0.96867074    0.03301570    0.89241022    0.23979390    0.38223407
   -0.51229084   -0.32328729    0.79564026    0.85690010   -0.13063068    0.49865605   -0.05727413    0.93724114    0.34394581
   -0.64089555   -0.14884183    0.75305976    0.39118880    0.78074988    0.48723808   -0.66047273    0.60685726   -0.44215386
   -0.34778914   -0.57107860    0.74358049   -0.86651711    0.49864800   -0.02232178   -0.35803744   -0.65208850   -0.66827374
   -0.61621779   -0.66427361    0.42310307   -0.54387335   -0.02963884   -0.83864374    0.56962919   -0.74690167   -0.34301673
   -0.40784737   -0.75012874    0.52054529    0.30420167   -0.64918050   -0.69715567    0.86088435   -0.12598236    0.49295697
   -0.61135503   -0.73486649    0.29362606    0.78553086   -0.51859634    0.33763753   -0.09584510    0.43706873    0.89430679
   -0.54279655   -0.83030583    0.12634925   -0.10656913    0.21731488    0.97026659   -0.83307558    0.51319243   -0.20644274
   -0.54399708   -0.80933404    0.22146241   -0.69861873    0.58305630    0.41470137   -0.46475698    0.07087854   -0.88259684
   -0.31323876   -0.94908013    0.03359143   -0.62146251    0.17810744   -0.76292994    0.71809876   -0.25985504   -0.64560787
   -0.54271301   -0.68231903   -0.48979927    0.60377742    0.08845681   -0.79222990    0.58387962   -0.72568322    0.36396216
   -0.38397171   -0.84733549   -0.36686277    0.85256868   -0.47791032    0.21149085   -0.35453121   -0.23156921    0.90591574
   -0.29520069   -0.78075471   -0.55070740   -0.19676398   -0.51435956    0.83469646   -0.93495481    0.35476235   -0.00178510
   -0.07777528   -0.65663489   -0.75018773   -0.87632544   -0.31378307    0.36550501   -0.47539955    0.68583584   -0.55102129
   -0.34921080   -0.08745906   -0.93295376   -0.32702382    0.94440879    0.03387429    0.87812712    0.31692737   -0.35839895
   -0.03166098   -0.12924537   -0.99110707    0.55011833    0.82564181   -0.12524143    0.83448631   -0.54919143    0.04495962
    0.09319729    0.00423043   -0.99563867    0.90617462   -0.41466664    0.08306105   -0.41250676   -0.90996356   -0.04247932
    0.09359755    0.39090490   -0.91565979   -0.15839178   -0.90213753   -0.40132271   -0.98293008    0.18259580   -0.02252174
    0.01022781    0.25384113   -0.96719185   -0.95324190   -0.28968147   -0.08610768   -0.30203523    0.92284849    0.23900919
    0.05265759    0.46784322   -0.88224141   -0.57378881    0.73724343    0.35670510    0.81730874    0.48743701    0.30726467
    0.10916238    0.56178071   -0.82005244    0.62752300    0.60086169    0.49515665    0.77090755   -0.56865425   -0.28693882
   -0.21704144    0.92042812   -0.32512320    0.79669656   -0.02543120   -0.60384422   -0.56406347   -0.39008376   -0.72778229
    0.00861871    0.94671118   -0.32196842   -0.27703258   -0.30711669   -0.91045719   -0.96082187    0.09704271    0.25962289
    0.09247200    0.98692378   -0.13202420   -0.99523793    0.09571680    0.01843263    0.03082853    0.12969099    0.99107510
   -0.09125265    0.99564610    0.01902109   -0.23957655   -0.04048936    0.97003283    0.96657955    0.08396106    0.24222822
   -0.17937324    0.98219044   -0.05592116    0.84392372    0.18283711    0.50434448    0.50558679    0.04327271   -0.86168989
    0.04601529    0.98548518    0.16340609    0.77880679    0.06704768   -0.62367026   -0.62557380    0.15596014   -0.76441733
    0.35596047    0.67855132    0.64254202   -0.46281924    0.72533801   -0.50959113   -0.81184388   -0.11598651    0.57223827
    0.39248713    0.77869127    0.48948316   -0.91620087    0.28424866    0.28245118    0.08080734   -0.55932335    0.82500155
    0.52205644    0.21384990    0.82566658   -0.23028179   -0.89676420    0.37786806    0.82123527   -0.38740443   -0.41891579
    0.16513338    0.50861354    0.84501079    0.94086543   -0.33820715    0.01970206    0.29580943    0.79178797   -0.53438619
    0.59939883   -0.06122567    0.79810554    0.69295334    0.53877990   -0.47909486   -0.40067032    0.84021880    0.36537058
    0.54179314   -0.11876979    0.83207808   -0.57611470    0.66835337    0.47052697   -0.61200657   -0.73430070    0.29368425
    0.49888002    0.09124734    0.86185419   -0.86665929    0.05770663    0.49555184   -0.00451691   -0.99415485    0.10786904
    0.45804532   -0.68039220    0.57206725    0.07486645   -0.61173316   -0.78751352    0.88577057    0.40354553   -0.22926297
    0.30794924   -0.61523302    0.72571041    0.93364758    0.04874583   -0.35486058    0.18294659    0.78683682    0.58942206
    0.48404969   -0.66708698    0.56629573    0.45618867    0.74464030    0.48723990   -0.74671802    0.02248937    0.66476043
    0.45974865   -0.68648648    0.56335379   -0.57423232    0.25409727    0.77826205   -0.67741304   -0.68130088   -0.27738184
    0.22152197   -0.78275578    0.58156805   -0.91660988   -0.37067211   -0.14976151    0.33279775   -0.49989556   -0.79959370
    0.68080829   -0.72967062    0.06388160   -0.02701531   -0.11217010   -0.99332172    0.73196328    0.67453589   -0.09607861
    0.55269782   -0.79235945   -0.25824722    0.76567006    0.60514795   -0.21804891    0.32905089   -0.07721701    0.94114985
    0.19695467   -0.92956775   -0.31162905    0.43892806   -0.20061803    0.87583935   -0.87667041   -0.30928338    0.36850071
    0.46943186   -0.79875281   -0.37633454   -0.32232997   -0.55182323    0.76915182   -0.82203231   -0.23976046   -0.51650537
    0.65802579   -0.63579417   -0.40344496   -0.60935609   -0.13485939   -0.78134378    0.44236548    0.75998600   -0.47616600
    0.16817528   -0.56367429   -0.80869547   -0.03790328    0.81607571   -0.57670076    0.98502813    0.12763902    0.11587865
    0.40658488   -0.27011025   -0.87277098    0.90676657    0.23603805    0.34937147    0.11163834   -0.93344871    0.34089645
    0.93406792    0.08253278   -0.34742692    0.16232745   -0.96472711    0.20724719   -0.31806748   -0.24997988   -0.91451798
    0.83863925    0.14530136   -0.52494926   -0.47695111   -0.26956392   -0.83657213   -0.26306245    0.95195736   -0.15676523
    0.67174569   -0.02829289   -0.74024134   -0.47470368    0.75069485   -0.45947107    0.56869512    0.66004300    0.49084529
    0.92772764   -0.14966378   -0.34193887    0.34673635    0.68470802    0.64105291    0.13818588   -0.71328514    0.68711642
    0.92500244    0.26435618   -0.27292179    0.37751179   -0.55798975    0.73900763    0.04307367   -0.78661506   -0.61593946
    0.85480926    0.33588977   -0.39557451    0.14742069   -0.88804177   -0.43548703   -0.49756232    0.31394247   -0.80862343
    0.75297792    0.60559595    0.25744475   -0.09031937    0.48263528   -0.87115188   -0.65181797    0.63270588    0.41811076
    0.88827975    0.37885528    0.25966857   -0.45032322    0.82961689    0.33006789   -0.09037746   -0.41012741    0.90753921
    0.92372562    0.37112997    0.09483418   -0.10317978    0.00264628    0.99465920    0.36889689   -0.92857716    0.04073755
    0.94854935   -0.31619758   -0.01652949   -0.31541194   -0.93904040   -0.13681533    0.02773881    0.13498969   -0.99045865
