# Rotation matrices: 33 entries, row-major flattening of 3x3 -> 1x9
# https://github.com/Neurophysics-CFIN/GFO
# Col:  1    2    3    4    5    6    7    8    9
#       R11  R12  R13  R21  R22  R23  R31  R32  R33
# where Rij = R(i,j), i = row index, j = column index

   -0.87785585   -0.31513834   -0.36063406   -0.12845162    0.88034572   -0.45660880    0.46137759   -0.35451268   -0.81329668
   -0.89566540   -0.31200141   -0.31692052    0.19952087    0.35497164   -0.91333814    0.39746058   -0.88127763   -0.25568502
   -0.93859597   -0.00546539   -0.34497498    0.30791215   -0.46435544   -0.83039999   -0.15565255   -0.88563207    0.43752500
   -0.61389366    0.31148267   -0.72533656   -0.57906831   -0.80216843    0.14562177   -0.53648343    0.50941569    0.67281586
   -0.67996266    0.41238258   -0.60629316   -0.72025965   -0.22070802    0.65765797    0.13739293    0.88387136    0.44709575
   -0.83652046    0.41405866   -0.35887177    0.20759379    0.84562030    0.49176327    0.50708809    0.33687049   -0.79333469
   -0.93365645    0.34090295    0.10986723    0.27834882    0.88364736   -0.37641637   -0.22540534   -0.32086216   -0.91991299
   -0.50764889    0.72694168   -0.46243745    0.33802372   -0.32565795   -0.88299879   -0.79248506   -0.60456819   -0.08040363
   -0.43913887    0.89663994    0.05651442   -0.73119596   -0.32014352   -0.60237912   -0.52202445   -0.30585120    0.79620696
   -0.34171346    0.67715082    0.65168910   -0.88745916   -0.46069289    0.01335273    0.30927035   -0.57378465    0.75836866
    0.21522417    0.84729874    0.48555474    0.30569397   -0.53067271    0.79052999    0.92748572   -0.02171001   -0.37322771
    0.29219361    0.87239910    0.39184526    0.93682733   -0.34348156    0.06614355    0.19229519    0.34776462   -0.91765044
    0.23330479    0.33694304    0.91216131    0.52306968    0.74728842   -0.40982695   -0.81973593    0.57273852   -0.00189872
   -0.27069454    0.48363129    0.83236124   -0.80972092    0.35324765   -0.46858098   -0.52065008   -0.80082262    0.29598416
    0.46195099    0.45219063    0.76297111   -0.87856155    0.11558612    0.46343225    0.12137086   -0.88440007    0.45067242
    0.43059041    0.21111532    0.87750910    0.27089775   -0.95766069    0.09747006    0.86093339    0.19574557   -0.46955017
   -0.27489275   -0.13979316    0.95125803    0.92653216    0.22578800    0.30092844   -0.25685039    0.96409421    0.06745538
    0.01324344   -0.51106053    0.85944269    0.16350790    0.84905550    0.50236433   -0.98645313    0.13387264    0.09480685
    0.28801668   -0.12440994    0.94950964   -0.73586439    0.60576235    0.30258153   -0.61282134   -0.78585886    0.08292082
    0.07419991   -0.82581228    0.55904245   -0.91382752   -0.28074750   -0.29342819    0.39926637   -0.48909603   -0.77548142
   -0.37046274   -0.59700349    0.71157866    0.59037022   -0.74277873   -0.31582077    0.71709160    0.30309502    0.62762492
   -0.62548728   -0.74709474    0.22497800    0.71013700   -0.42566203    0.56081840   -0.32321988    0.51054998    0.79678581
   -0.20320076   -0.93799170    0.28085764    0.28746694    0.21704991    0.93287303   -0.93598729    0.27029780    0.22553690
    0.12577088   -0.93488359    0.33192523   -0.92821421    0.00719460    0.37197664   -0.35014293   -0.35488154   -0.86686736
    0.58013606   -0.75419547   -0.30762210   -0.07967052    0.32331983   -0.94292995    0.81061382    0.57153608    0.12748235
    0.33294602   -0.82458744   -0.45738660    0.52342852    0.56508607   -0.63773060    0.78432744   -0.02707933    0.61975574
    0.87269311   -0.30974583   -0.37744438    0.45548862    0.23798106    0.85784330   -0.17588877   -0.92055556    0.34877013
    0.47229391   -0.22234011   -0.85293806    0.09597896   -0.94893696    0.30051072   -0.87620004   -0.22379349   -0.42683717
    0.81787655    0.01712686   -0.57513879   -0.29914041   -0.84119941   -0.45044264   -0.49152108    0.54045372   -0.68287393
    0.71726274    0.20672015   -0.66543290   -0.65771064    0.51622249   -0.54857183    0.23011058    0.83113243    0.50622920
    0.46801539    0.88241137    0.04808081   -0.51335750    0.22718380    0.82755761    0.71932307   -0.41199234    0.55931801
    0.79206574    0.45865081   -0.40282912    0.30872992    0.26830179    0.91252397    0.52660963   -0.84714437    0.07091342
    0.85930626    0.50040407   -0.10577576    0.46418370   -0.84985779   -0.24955006   -0.21477022    0.16534055   -0.96256753
