# Rotation matrices: 81 entries, row-major flattening of 3x3 -> 1x9
# https://github.com/Neurophysics-CFIN/GFO
# Col:  1    2    3    4    5    6    7    8    9
#       R11  R12  R13  R21  R22  R23  R31  R32  R33
# where Rij = R(i,j), i = row index, j = column index

   -0.98531311    0.00579407    0.17065901    0.01123445    0.99945841    0.03093018   -0.17038737    0.03239317   -0.98484457
   -0.98928344    0.06595571    0.13026171   -0.06654668    0.59042405   -0.80434507   -0.12996080   -0.80439374   -0.57970760
   -0.56579463    0.48463001   -0.66709084    0.48634928   -0.45716723   -0.74462239   -0.66583843   -0.74574250    0.02296331
   -0.88166810    0.13150910   -0.45317404   -0.07347042   -0.98692495   -0.14346163   -0.46611528   -0.09319065    0.87980228
   -0.80598598    0.18583040   -0.56200860   -0.58151047   -0.07117572    0.81041939    0.11059919    0.98000055    0.16542896
   -0.79653698    0.51890028   -0.31027623    0.13065568    0.64881365    0.74964655    0.59030325    0.55658184   -0.58460133
   -0.85399464    0.49467798   -0.16120438    0.50869870    0.85890667   -0.05920276    0.10917322   -0.13256330   -0.98514374
   -0.82875253    0.55409913   -0.07837982    0.15516384    0.09295342   -0.98350589   -0.53767409   -0.82724471   -0.16301153
   -0.91717353    0.34526355    0.19896179   -0.32304064   -0.35187218   -0.87853897   -0.23331836   -0.87004543    0.43426201
   -0.79023228    0.61230105    0.02490712   -0.47556626   -0.63838265    0.60523079    0.38648373    0.46642792    0.79566031
   -0.68850429    0.47291285    0.54983205    0.38990213   -0.39788408    0.83046047    0.61150485    0.78615628    0.08955517
   -0.67723601    0.67981587    0.28142808    0.72333809    0.54516277    0.42376829    0.13466030    0.49055880   -0.86094057
   -0.78863347    0.30975667    0.53113845    0.10602382    0.91940004   -0.37876445   -0.60565353   -0.24239300   -0.75791123
   -0.93965189   -0.02603437    0.34114007   -0.34132152    0.13992604   -0.92947314   -0.02353613   -0.98981964   -0.14036786
   -0.68642615    0.30044106    0.66223433   -0.52516650   -0.83472024   -0.16565706    0.50301022   -0.46149463    0.73075538
   -0.65148718   -0.19458186    0.73328191    0.39372561   -0.91291363    0.10755857    0.64849410    0.35878490    0.67136339
   -0.56174553    0.09928436    0.82133098    0.81866560   -0.07643055    0.56916166    0.11928363    0.99211944   -0.03834617
   -0.45853061   -0.01024176    0.88861960    0.10724899    0.99198735    0.06677395   -0.88218328    0.12592145   -0.45375814
   -0.44969527   -0.71471920    0.53567773   -0.79740808    0.59144664    0.11971308   -0.40238603   -0.37331935   -0.83589362
   -0.52746983   -0.56400624    0.63535230   -0.68707725   -0.15667313   -0.70949163    0.49970034   -0.81077154   -0.30487551
   -0.28248798   -0.86320024    0.41843266    0.42899400   -0.50382808   -0.74974756    0.85800040   -0.03228957    0.51263310
   -0.32966316   -0.89032312    0.31408112    0.82538315   -0.11028923    0.55369572   -0.45832833    0.44177034    0.77121599
   -0.29559251   -0.67140034    0.67959300    0.24640762    0.63372625    0.73326280   -0.92298882    0.38420388   -0.02188657
   -0.29566702   -0.95516041    0.01579916   -0.79996930    0.25659995    0.54240721   -0.52213996    0.14773308   -0.83996714
   -0.35099661   -0.89211934   -0.28447225   -0.64459275    0.45056170   -0.61765228    0.67919184   -0.03342511   -0.73319929
   -0.58137559   -0.80620176   -0.10973216    0.39641184   -0.16288772   -0.90350719    0.71053507   -0.56877615    0.41428686
   -0.33657628   -0.54582639   -0.76732650    0.77758954   -0.62069730    0.10044587   -0.53110349   -0.56285736    0.63334088
   -0.51499124   -0.71431216   -0.47385880    0.02319870   -0.56421314    0.82530319   -0.85688146    0.41403101    0.30713594
   -0.26038343   -0.40643064   -0.87579370   -0.91662209   -0.18090921    0.35647693   -0.30332229    0.89559254   -0.32543754
   -0.37867188   -0.40164041   -0.83384206   -0.28919445    0.90717003   -0.30562902    0.87918950    0.12540938   -0.45967196
   -0.61459125   -0.26329575   -0.74360806    0.52929867    0.56131473   -0.63621434    0.58491069   -0.78460252   -0.20561703
   -0.33532459    0.14152207   -0.93141233    0.93254071   -0.09063957   -0.34950292   -0.13388519   -0.98577684   -0.10158142
   -0.17739468   -0.05360019   -0.98267907   -0.15097068   -0.98521478    0.08099195   -0.97249112    0.16272327    0.16667980
   -0.06444465    0.62098757   -0.78116665   -0.99770766   -0.05629034    0.03756090   -0.02064728    0.78179655    0.62319166
    0.13901449    0.52041104   -0.84252437   -0.53281730    0.75644855    0.37933009    0.83473391    0.39617918    0.38244132
   -0.08508581    0.59924302   -0.79603279    0.78929799    0.52812413    0.31319895    0.60808641   -0.60165830   -0.51791718
   -0.40802399    0.86847559   -0.28154320    0.87429369    0.28288628   -0.39444379   -0.26292009   -0.40709397   -0.87472711
   -0.21950794    0.88562521   -0.40924839   -0.41552261   -0.46439783   -0.78209694   -0.88269883   -0.00162453    0.46993631
    0.01701615    0.99756112   -0.06769236   -0.99866121    0.02026450    0.04759339    0.04884907    0.06679188    0.99657043
    0.12712571    0.98476502    0.11864616   -0.05552662   -0.11236358    0.99211452    0.99033118   -0.13271129    0.04039637
   -0.09946027    0.99145570    0.08439929    0.83568459    0.03718865    0.54794915    0.54012861    0.12503035   -0.83224305
    0.12361643    0.81042237    0.57265571    0.76134399    0.29266897   -0.57853280   -0.63645448    0.50750414   -0.58083151
   -0.04338183    0.79550785    0.60438834   -0.36577822    0.55030651   -0.75057913   -0.92969044   -0.25363359    0.26710615
    0.16056451    0.77519867    0.61097141   -0.98702411    0.12708604    0.09814554   -0.00156365   -0.61880220    0.78554529
    0.07812272    0.59550714    0.79954242   -0.39151197   -0.71923648    0.57394883    0.91685071   -0.35786887    0.17695946
   -0.01394170    0.16335648    0.98646860    0.91345202   -0.39920146    0.07901642    0.40670755    0.90219336   -0.14365276
   -0.19586798   -0.05561837    0.97905175    0.57081318    0.80535042    0.15994691   -0.79737573    0.59018412   -0.12599466
    0.24709557   -0.04808579    0.96779726   -0.50087473    0.84865081    0.17004798   -0.82949881   -0.52676329    0.18561290
    0.34986435   -0.17675201    0.91997482   -0.82158760   -0.52972699    0.21067306    0.45009860   -0.82954689   -0.33054985
    0.17606989   -0.51956232    0.83609473    0.03278639   -0.84579729   -0.53249600    0.98383151    0.12116904   -0.13188487
    0.19429708   -0.65994216    0.72575822    0.84880468   -0.25775576   -0.46161952    0.49171054    0.70571830    0.51008080
    0.51658361   -0.43540422    0.73726829    0.37236386    0.88960837    0.26446570   -0.77102953    0.13791342    0.62168590
    0.30015318   -0.93812250    0.17272590   -0.55017197   -0.02233446    0.83475264   -0.77924250   -0.34558261   -0.52283247
    0.44264826   -0.83794425    0.31923651   -0.80524584   -0.52809430   -0.26962113    0.39451445   -0.13771655   -0.90851114
    0.33525548   -0.89522075    0.29357038    0.09531767   -0.27777487   -0.95590568    0.93729307    0.34845506   -0.00779519
    0.42222805   -0.84254633   -0.33442361    0.86891916    0.48128895   -0.11550083    0.25826919   -0.24181939    0.93531835
    0.49818455   -0.85045415   -0.16893753    0.47679266    0.10596085    0.87260590   -0.72421055   -0.51526695    0.45827835
    0.38893233   -0.79033132   -0.47340051   -0.52917031   -0.61228334    0.58744182   -0.75412892    0.02203437   -0.65635666
    0.30737227   -0.67889741   -0.66679877   -0.85820040    0.10496230   -0.50246889    0.41111356    0.72669198   -0.55036753
    0.45876581   -0.78983352   -0.40705889    0.05233750    0.48133658   -0.87497194    0.88701450    0.38010276    0.26215867
    0.36866361   -0.45873011   -0.80848861    0.89699797    0.40375450    0.17993595    0.24388887   -0.79154847    0.56032957
    0.30222658   -0.30636775   -0.90266156    0.30166886   -0.86753429    0.39544930   -0.90424277   -0.39182017   -0.16977031
    0.45230116    0.07061226   -0.88906556   -0.79181266   -0.42696007   -0.43673540   -0.41043437    0.90150929   -0.13720286
    0.56879605    0.03971750   -0.82151906   -0.68048527    0.58374305   -0.44292645    0.46196411    0.81096644    0.35905792
    0.88398840    0.26404044   -0.38580716    0.26013545    0.40788526    0.87519093    0.38845085   -0.87402074    0.29187956
    0.53880962    0.53995317   -0.64663342    0.84234627   -0.33465284    0.42244555    0.01170311   -0.77230697   -0.63514170
    0.72387120    0.44270773   -0.52916949    0.00999560   -0.77363323   -0.63355482   -0.68986272    0.45332272   -0.56443595
    0.87115269    0.48248672    0.09110194   -0.20947018    0.53299686   -0.81977838   -0.44408922    0.69506900    0.56538823
    0.82027873    0.53715902   -0.19647645   -0.46334275    0.82546685    0.32236313    0.33534506   -0.17339168    0.92600163
    0.51968166    0.83941388   -0.15910786    0.26394089    0.01938197    0.96434410    0.81256765   -0.54314702   -0.21148319
    0.74842955    0.56257953    0.35122284    0.65988160   -0.57865062   -0.47929086   -0.06640391    0.59048093   -0.80431511
    0.91076598    0.36727424    0.18871927    0.16487285    0.09556939   -0.98167379   -0.37857928    0.92518978    0.02648780
    0.51342758    0.85070661    0.11265155   -0.84954386    0.52241688   -0.07318353   -0.12110879   -0.05812799    0.99093582
    0.75058452    0.45597220    0.47823867   -0.59142891    0.14082612    0.79396464    0.29467730   -0.87878175    0.37537705
    0.80945912    0.44048076    0.38826876    0.34913102   -0.89271554    0.28489734    0.47210536   -0.09505608   -0.87640223
    0.88369457   -0.05069922    0.46531011    0.39352970   -0.45774514   -0.79724761    0.25341328    0.88763673   -0.38455525
    0.78530215    0.03522353    0.61810989    0.27926693    0.87088643   -0.40443394   -0.55254911    0.49022049    0.67407222
    0.77482469    0.08408959    0.62655857   -0.40598299    0.82591400    0.39120823   -0.48458695   -0.55748992    0.67407750
    0.80794189   -0.35707723    0.46874913   -0.58689468   -0.55886026    0.58585821    0.05276864   -0.74844576   -0.66109335
    0.98744110   -0.03920107   -0.15304692   -0.12011589   -0.81555207   -0.56608038   -0.10262677    0.57735440   -0.81001830
    0.90436983    0.37431579   -0.20494606   -0.42637342    0.81271247   -0.39711981    0.01791401    0.44652673    0.89459095
