# Rotation matrices: 53 entries, row-major flattening of 3x3 -> 1x9
# https://github.com/Neurophysics-CFIN/GFO
# Col:  1    2    3    4    5    6    7    8    9
#       R11  R12  R13  R21  R22  R23  R31  R32  R33
# where Rij = R(i,j), i = row index, j = column index

   -0.98515424   -0.15108373    0.08151578   -0.15884859    0.98231672   -0.09910093   -0.06510177   -0.11057837   -0.99173292
   -0.99313402   -0.10933857   -0.04159197   -0.05146943    0.72768493   -0.68397774    0.10505100   -0.67714085   -0.72831625
   -0.96368684    0.21071540   -0.16403261    0.07753802   -0.36700231   -0.92698282   -0.25552991   -0.90603991    0.33733684
   -0.63811147   -0.03543970   -0.76912793   -0.26509033   -0.92775267    0.26268252   -0.72286988    0.37150911    0.58261490
   -0.24960355    0.80349100   -0.54046302   -0.84980603    0.08582466    0.52006138    0.46424969    0.58909790    0.66138936
   -0.58275240    0.68784750   -0.43274179   -0.23980913    0.36323575    0.90030626    0.77646071    0.62843107   -0.04672440
   -0.75529041    0.58965896   -0.28607466    0.65178206    0.72153813   -0.23358697    0.06867713   -0.36288433   -0.92929996
   -0.71069569    0.70036957   -0.06628803    0.43378886    0.36209550   -0.82505399   -0.55384011   -0.61511732   -0.56115222
   -0.39589117    0.87604075   -0.27535939   -0.67323795   -0.48081471   -0.56175429   -0.62451649   -0.03701117    0.78013417
   -0.63437686    0.65393535    0.41223119   -0.53240308   -0.75623623    0.38033370    0.56045782    0.02180175    0.82789596
   -0.50685143    0.79127094    0.34204082    0.15317897   -0.30779745    0.93904043    0.84831470    0.52834745    0.03480151
   -0.72323310    0.60231555    0.33786072    0.68727706    0.67569773    0.26661363   -0.06770619    0.42502772   -0.90264462
   -0.74900263    0.10902912    0.65353478   -0.07655810    0.96551949   -0.24881914   -0.65812910   -0.23639958   -0.71482958
   -0.55517607    0.75561494    0.34759975   -0.63737641   -0.11801268   -0.76146196   -0.53435086   -0.64429734    0.54712895
   -0.59561675    0.07326890    0.79992022   -0.55179027   -0.76101289   -0.34115521    0.58375353   -0.64458595    0.49370109
   -0.75791873    0.21250354    0.61676693    0.39394332   -0.60450126    0.69237771    0.51996910    0.76773724    0.37444848
   -0.34873991    0.07887941    0.93389427    0.92478278    0.19075428    0.32922579   -0.15217519    0.97846351   -0.13946995
   -0.82966005   -0.40576123    0.38343452   -0.01485215    0.70262705    0.71140329   -0.55807134    0.58452806   -0.58896802
   -0.41902750   -0.67117519    0.61150619   -0.87797108    0.47120930   -0.08443093   -0.23147946   -0.57226363   -0.78672206
    0.00118084   -0.50785275    0.86144309   -0.46735249   -0.76185756   -0.44850274    0.88407028   -0.40206796   -0.23824588
   -0.22976951   -0.93731070    0.26202027    0.50921549   -0.34521236   -0.78837048    0.82940072   -0.04771871    0.55661240
    0.14904060   -0.90216967    0.40481699    0.98074630    0.18711070    0.05591314   -0.12618873    0.38868944    0.91268665
    0.23397906   -0.92574770    0.29706060    0.15140829    0.33650950    0.92942826   -0.96037978   -0.17248931    0.21890205
    0.01486711   -0.96775300   -0.25146192   -0.99070385   -0.04826765    0.12718532   -0.13522145    0.24723341   -0.95947423
   -0.22752974   -0.97186182   -0.06094935   -0.78800729    0.22053497   -0.57481200    0.57207930   -0.08275829   -0.81601246
    0.04550404   -0.94612319   -0.32059364    0.66732102    0.26760642   -0.69503198    0.74337880   -0.18231212    0.64354507
   -0.00801242   -0.63433172   -0.77301945    0.99441772   -0.08638930    0.06058293   -0.10521028   -0.76821882    0.63148289
   -0.01313133   -0.87925353   -0.47617308   -0.06033703   -0.47464960    0.87810432   -0.99809168    0.04026154   -0.04681877
   -0.18332076   -0.54403252   -0.81879309   -0.83781110   -0.34925497    0.41963499   -0.51426263    0.76292174   -0.39177080
    0.02563998   -0.55402830   -0.83210290   -0.75987292    0.53005986   -0.37633722    0.64956581    0.64194173   -0.40740038
    0.06869486   -0.36287372   -0.92930279    0.44630658    0.84427016   -0.29667885    0.89223957   -0.39437363    0.21994995
    0.26860300    0.07263781   -0.96050829    0.82138674   -0.53814720    0.18900108   -0.50316622   -0.83971503   -0.20421169
    0.06395283   -0.37896169   -0.92319991    0.17382898   -0.90672144    0.38423915   -0.98269706   -0.18505208    0.00788712
    0.03395628    0.49096083   -0.87051964   -0.90400852   -0.35632388   -0.23622423   -0.42616378    0.79497847    0.43173334
    0.31318321    0.31702338   -0.89521643   -0.05103570    0.94689407    0.31746964    0.94832043   -0.05373817    0.31273084
    0.68574324    0.62027790   -0.38080381    0.66648588   -0.32488120    0.67100579    0.29249406   -0.71393805   -0.63619155
    0.55687715    0.61199129   -0.56156433    0.52589092   -0.78311007   -0.33192974   -0.64290479   -0.11047749   -0.75793677
    0.78642479    0.43491721   -0.43861496   -0.39872301   -0.18489787   -0.89823869   -0.47175843    0.88128304    0.02800323
    0.67498255    0.73563442    0.05692587   -0.73707243    0.66877247    0.09730165    0.03350799   -0.10763541    0.99362560
    0.35851981    0.88309276   -0.30267263    0.22440853    0.23319057    0.94618337    0.90614809   -0.40714780   -0.11457011
    0.66672084    0.19671537    0.71887856    0.33587132   -0.94034812   -0.05418366    0.66533734    0.27757607   -0.69302074
    0.71180609    0.64119549    0.28670619    0.31981651    0.06754529   -0.94506880   -0.62533950    0.76439910   -0.15698575
    0.57470426    0.69100659    0.43843461   -0.50097052    0.72069522   -0.47919405   -0.64710397    0.05575205    0.76036055
    0.71321776    0.54948523    0.43518549   -0.67964069    0.39021954    0.62114189    0.17149041   -0.73877919    0.65176402
    0.65794461    0.64107375    0.39513712    0.01584655   -0.53637407    0.84383159    0.75289958   -0.54893289   -0.36306323
    0.57758202    0.14306763    0.80369812    0.70834270   -0.57720616   -0.40630490    0.40577042    0.80396810   -0.43472481
    0.51615554   -0.02550564    0.85611502    0.71060816    0.57075902   -0.41142458   -0.47814172    0.82072139    0.31272494
    0.22516452   -0.37530043    0.89913877   -0.42555831    0.79227495    0.43726483   -0.87647080   -0.48109250    0.01867999
    0.49240042   -0.23834765    0.83709750   -0.86166363    0.00219259    0.50747510   -0.12279091   -0.97117742   -0.20429587
    0.73942487   -0.40944550    0.53442048   -0.21426589   -0.89565086   -0.38974308    0.63823271    0.17367765   -0.74999672
    0.94698246   -0.07528426    0.31234036    0.32113077    0.25193698   -0.91290897   -0.00996241    0.96481088    0.26275599
    0.99792776   -0.05889165   -0.02592212    0.06353697    0.83828714    0.54151428   -0.01016049   -0.54203915    0.84029181
    0.84074136   -0.17701111   -0.51168451    0.52994251    0.07533034    0.84468117   -0.11097258   -0.98132177    0.15713904
