# Rotation matrices: 57 entries, row-major flattening of 3x3 -> 1x9
# https://github.com/Neurophysics-CFIN/GFO
# Col:  1    2    3    4    5    6    7    8    9
#       R11  R12  R13  R21  R22  R23  R31  R32  R33
# where Rij = R(i,j), i = row index, j = column index

   -0.96400570   -0.21713809   -0.15344071   -0.24597087    0.94743988    0.20458739    0.10095213    0.23496536   -0.96674710
   -0.94554992   -0.30357371   -0.11738122   -0.05218078    0.49736846   -0.86596870    0.32126705   -0.81269159   -0.48612742
   -0.87896076   -0.47441437   -0.04856941    0.35442126   -0.58169206   -0.73213381    0.31908236   -0.66073092    0.67942704
   -0.82207522    0.13479914   -0.55319212   -0.23179154   -0.96664985    0.10890703   -0.52006251    0.21775503    0.82590419
   -0.95484934    0.28693587    0.07701009   -0.15787534   -0.70965328    0.68663498    0.25167066    0.64347496    0.72291206
   -0.89772784    0.42633324   -0.11101668    0.07287497    0.39223176    0.91697518    0.43448127    0.81510381   -0.38318639
   -0.27371807    0.65306281   -0.70610721    0.93444794    0.35443170   -0.03442695    0.22778382   -0.66924370   -0.70726756
   -0.56755045    0.74358218   -0.35351383    0.60605498    0.08667252   -0.79068656   -0.55730050   -0.66300333   -0.49984271
   -0.45006116    0.89078995    0.06275515   -0.70543282   -0.31156201   -0.63662678   -0.54754861   -0.33079053    0.76861443
   -0.75325380    0.62223944    0.21313562   -0.54076664   -0.77034729    0.33784093    0.37440640    0.13922334    0.91675335
   -0.46596367    0.74850948    0.47181714    0.08089913   -0.49497013    0.86513577    0.88109772    0.44129143    0.17008433
   -0.55378587    0.54491669    0.62959274    0.83132229    0.31900297    0.45512674    0.04716420    0.77543724   -0.62966072
   -0.34097449    0.57391737    0.74455037    0.28435008    0.81787863   -0.50021953   -0.89603651    0.04115086   -0.44206920
   -0.49953280    0.54858970    0.67045979   -0.66528760    0.25276354   -0.70249769   -0.55485078   -0.79696922    0.23870624
   -0.49123899    0.49479040    0.71684497   -0.69465237   -0.71905944    0.02028805    0.52549248   -0.48799178    0.69693736
   -0.40598134   -0.01596185    0.91374196    0.27801446   -0.95461591    0.10684772    0.87056712    0.29741165    0.39199387
   -0.66873004   -0.19749990    0.71679420    0.72604555    0.03423491    0.68679388   -0.16018110    0.97970494    0.12050001
   -0.71152027   -0.27038781    0.64855943   -0.00130576    0.92350593    0.38358193   -0.70266435    0.27207946   -0.65744625
   -0.67979505   -0.22418039    0.69829925   -0.69092554    0.51508739   -0.50725426   -0.24596868   -0.82730172   -0.50504581
   -0.59570740   -0.16289806    0.78650932   -0.55913860   -0.61888444   -0.55167570    0.57662528   -0.76840502    0.27759145
   -0.45234508   -0.85458635    0.25508056    0.42601485   -0.45832338   -0.78003271    0.78351469   -0.24417585    0.57138681
   -0.40949103   -0.80936846    0.42099856    0.83447635   -0.14577665    0.53141169   -0.36873610    0.56892167    0.73509307
    0.17341518   -0.94897325    0.26339505   -0.10995299    0.24711958    0.96272647   -0.97869174   -0.19591246   -0.06148816
    0.25910677   -0.96229643    0.08276025   -0.94546668   -0.23519579    0.22533462   -0.19737384   -0.13663279   -0.97076004
    0.06237538   -0.98469015   -0.16277169   -0.47794700    0.11370254   -0.87099851    0.87617120    0.13212510   -0.46353746
    0.17856466   -0.98216894   -0.05881193    0.60596402    0.15686664   -0.77987208    0.77519176    0.10361968    0.62316988
   -0.11744762   -0.98488137   -0.12733711    0.93514790   -0.15283752    0.31959209   -0.33422219   -0.08154370    0.93896014
   -0.28450357   -0.80962984   -0.51337827   -0.08356466   -0.51252613    0.85459576   -0.95502600    0.28603583    0.07815907
   -0.03400017   -0.72684546   -0.68595894   -0.99011967   -0.06892921    0.12211390   -0.13604054    0.68333333   -0.71732038
    0.03659567   -0.28011970   -0.95926728   -0.61482013    0.75043027   -0.24259147    0.78781785    0.59865463   -0.14476074
   -0.06428846   -0.21654390   -0.97415386    0.51693165    0.82777153   -0.21811915    0.85360920   -0.51759350    0.05872223
   -0.01556312   -0.13315040   -0.99097364    0.97577163   -0.21834232    0.01401280   -0.21823730   -0.96674588    0.13332247
    0.10319166    0.45860714   -0.88262731   -0.26393470   -0.84292910   -0.46883793   -0.95900467    0.28133614    0.03405909
   -0.05689194    0.09073244   -0.99424893   -0.93952016   -0.34174891    0.02257324   -0.33773536    0.93540115    0.10468771
   -0.07491382    0.51116688   -0.85621045   -0.30906715    0.80443973    0.50730092    0.94808513    0.30263037    0.09772124
   -0.21993743    0.64535482   -0.73153584    0.63238974    0.66530707    0.39679935    0.74277233   -0.37534473   -0.55444169
    0.20635173    0.78861756   -0.57922475    0.88099884   -0.40731394   -0.24069981   -0.42574641   -0.46062751   -0.77882109
    0.41895809    0.79127256   -0.44537832   -0.37444942   -0.29629034   -0.87863511   -0.82720115    0.53488295    0.17215831
    0.59719049    0.78655359   -0.15715267   -0.77234767    0.61676132    0.15193600    0.21643150    0.03064176    0.97581683
    0.67906927    0.73303176    0.03910709    0.08234260   -0.12900222    0.98821967    0.72944131   -0.66784943   -0.14796118
    0.85577200    0.50761211    0.09992115    0.40173246   -0.77370450    0.48989017    0.32598363   -0.37909272   -0.86603891
    0.28642548    0.83308415    0.47321374    0.69013171    0.16320513   -0.70504065   -0.66458910    0.52852141   -0.52819168
    0.37248657    0.70366179    0.60507342   -0.54583070    0.69340944   -0.47037452   -0.75054820   -0.15505946    0.64236591
    0.70563206    0.33959890    0.62189709   -0.70290140    0.22460047    0.67489573    0.08951547   -0.91336040    0.39718984
    0.43305538    0.27211555    0.85931145    0.00919344   -0.95462599    0.29766542    0.90132043   -0.12100558   -0.41590760
    0.54862031    0.65638071    0.51786111    0.80463435   -0.58276759   -0.11377828    0.22711080    0.47910991   -0.84786460
    0.62471561    0.31378652    0.71503037    0.59421234    0.40304942   -0.69603366   -0.50659855    0.85970296    0.06533545
    0.64774922   -0.04477772    0.76053659   -0.41825689    0.81347700    0.40412417   -0.63677478   -0.57987078    0.50820050
    0.77255450   -0.23810236    0.58861432   -0.59708031   -0.58778223    0.54590032    0.21599689   -0.77318776   -0.59626004
    0.55740366   -0.66268956    0.50014368   -0.14008510   -0.66883983   -0.73008866    0.81833815    0.33689141   -0.46564670
    0.02635504   -0.40156624    0.91545069    0.84505910   -0.48026177   -0.23499734    0.53402297    0.77980330    0.32668988
    0.70287941   -0.67283698    0.23076165    0.64273947    0.73974384    0.19916078   -0.30470725    0.00833361    0.95240960
    0.69685470   -0.26134613    0.66790098   -0.62625556    0.23216212    0.74424775   -0.34956758   -0.93690925   -0.00188621
    0.95183228   -0.21771368   -0.21590754   -0.29731223   -0.82750395   -0.47628001   -0.07497167    0.51753064   -0.85237391
    0.92235367   -0.33606648   -0.19058600   -0.10849015    0.24815552   -0.96262595    0.37080128    0.90855829    0.19242725
    0.85420390    0.16145541   -0.49423461   -0.30161291    0.92815415   -0.21808148    0.42351547    0.33535359    0.84152992
    0.98343580    0.15417546   -0.09530979    0.05914987    0.22406384    0.97277782    0.17133394   -0.96230210    0.21123294
