# Rotation matrices: 61 entries, row-major flattening of 3x3 -> 1x9
# https://github.com/Neurophysics-CFIN/GFO
# Col:  1    2    3    4    5    6    7    8    9
#       R11  R12  R13  R21  R22  R23  R31  R32  R33
# where Rij = R(i,j), i = row index, j = column index

   -0.96035308   -0.21675401   -0.17532731   -0.23536945    0.96742474    0.09322331    0.14940945    0.13079399   -0.98008660
   -0.86664821   -0.46297360   -0.18594711    0.02409783    0.33342121   -0.94246994    0.49833741   -0.82127081   -0.27780224
   -0.94582203   -0.02080694   -0.32401814    0.30592639   -0.39140529   -0.86787726   -0.10876455   -0.91998313    0.37656514
   -0.88407173   -0.00304338   -0.46734132   -0.17967293   -0.92091317    0.34588521   -0.43143344    0.38975592    0.81360649
   -0.83349428    0.25923370   -0.48793972   -0.53296437   -0.14429582    0.83374318    0.14572666    0.95497466    0.25843207
   -0.88170088    0.18379920   -0.43453585   -0.13009736    0.79058315    0.59837526    0.45351762    0.58411996   -0.67314608
   -0.74409130    0.37747220   -0.55121944    0.65854498    0.55330743   -0.51006804    0.11245730   -0.74253998   -0.66029367
   -0.71273102    0.68069651    0.16931258    0.26486960    0.48468497   -0.83362136   -0.64950642   -0.54930204   -0.52574583
   -0.56648054    0.82404910    0.00654766   -0.46828398   -0.31535673   -0.82538491   -0.67809285   -0.47063065    0.56453245
   -0.46599648    0.88193166   -0.07101995   -0.75028700   -0.35134021    0.56002631    0.46895277    0.31425563    0.82542516
   -0.48107271    0.77047438    0.41825624    0.25344327   -0.33449238    0.90767910    0.83924702    0.54266387   -0.03435639
   -0.29600214    0.62406196    0.72313858    0.95400024    0.15541845    0.25637599    0.04760542    0.76576222   -0.64135945
   -0.32977329    0.42552241    0.84272194    0.33581805    0.88714578   -0.31654164   -0.88231276    0.17861426   -0.43545509
   -0.46710342    0.16945722    0.86781257   -0.66841168    0.57482377   -0.47202061   -0.57882659   -0.80053850   -0.15523496
   -0.69427854    0.30433139    0.65219608   -0.55842308   -0.79946473   -0.22140420    0.45402751   -0.51791752    0.72499687
   -0.49118897    0.03947340    0.87015817    0.19356403   -0.96904887    0.15322292    0.84927402    0.24369273    0.46834548
   -0.52637135    0.03110193    0.84968575    0.84715739    0.10440634    0.52098337   -0.07250900    0.99404828   -0.08130474
   -0.59736709   -0.37192696    0.71050890    0.19366800    0.79283257    0.57784878   -0.77823214    0.48279069   -0.40158174
   -0.64012827   -0.44277723    0.62784084   -0.69258325    0.68627898   -0.22214772   -0.33251202   -0.57703509   -0.74596666
   -0.74619711   -0.50311070    0.43596962   -0.44042410   -0.11800597   -0.89000068    0.49921588   -0.85612745   -0.13352636
   -0.76074558   -0.46626477    0.45151226    0.39621482   -0.88460723   -0.24593466    0.51408168   -0.00819786    0.85770206
   -0.45515239   -0.74380037    0.48948678    0.86976582   -0.25369272    0.42325811   -0.19064031    0.61838581    0.76240099
   -0.11098101   -0.91575875    0.38609470   -0.10805500    0.39731027    0.91130053   -0.98793083    0.05941759   -0.14304621
   -0.45031792   -0.88937231   -0.07893452   -0.64291195    0.26163655    0.71986842   -0.61957889    0.37491759   -0.68960772
   -0.16332551   -0.98446373   -0.06446664   -0.79491267    0.17001734   -0.58241561    0.58432749   -0.04387798   -0.81033086
    0.00402145   -0.87722629   -0.48006026    0.48047721    0.42271371   -0.76841054    0.87699799   -0.22756789    0.42318717
    0.12212952   -0.79950219   -0.58811617    0.82478576   -0.24786068    0.50822586   -0.55209856   -0.54713922    0.62914692
   -0.10343347   -0.88373176   -0.45642053    0.16943868   -0.46782987    0.86742478   -0.98009798    0.01238546    0.19812760
    0.12982064   -0.73180976   -0.66902996   -0.87903174   -0.39712057    0.26381517   -0.45874807    0.55384992   -0.69483845
   -0.04928368   -0.42484439   -0.90392387   -0.44937378    0.81768005   -0.35980904    0.89198337    0.38846697   -0.23121221
    0.10807479    0.00696297   -0.99411838    0.76930643    0.63278107    0.08806664    0.62967250   -0.77429945    0.06303103
    0.04266779    0.11875355   -0.99200658    0.93689585   -0.34960514   -0.00155400   -0.34699514   -0.92934054   -0.12617658
    0.02367490    0.42653931   -0.90415912   -0.23949354   -0.87565756   -0.41936462   -0.97060926    0.22646868    0.08142230
    0.21838919    0.54871418   -0.80698136   -0.83440896   -0.32381185   -0.44599054   -0.50603146    0.77075199    0.38713502
    0.08038116    0.51030058   -0.85623138   -0.46444624    0.77923541    0.42081096    0.88194589    0.36384818    0.29964304
   -0.36120777    0.60755699   -0.70739201    0.83590111    0.54718280    0.04313133    0.41327749   -0.57573039   -0.70550424
    0.17830502    0.89782924   -0.40262883    0.86171994   -0.34001827   -0.37659836   -0.47502218   -0.27980392   -0.83430432
    0.11211865    0.91921163   -0.37746443   -0.47486926   -0.28411421   -0.83293355   -0.87288521    0.27263364    0.40465084
   -0.13367647    0.98945659   -0.05573388   -0.98897004   -0.13680797   -0.05676125   -0.06378763    0.04753150    0.99683093
    0.53138439    0.84427264    0.06952933   -0.08084652   -0.03115970    0.99623939    0.84326417   -0.53500727    0.05169873
    0.58126905    0.80095468    0.14351965    0.80442459   -0.59219762    0.04693667    0.12258614    0.08816790   -0.98853379
    0.75975126    0.46241188    0.45711407    0.52279797   -0.01643322   -0.85229821   -0.38660096    0.88651294   -0.25423315
    0.67647230    0.68596661    0.26802058   -0.41873628    0.65762772   -0.62624732   -0.60584251    0.31140903    0.73210605
    0.46119157    0.69786618    0.54798278   -0.88136220    0.28897012    0.37376054    0.10248419   -0.65534652    0.74834346
    0.42809047    0.30966596    0.84902623   -0.09920192   -0.91768427    0.38472660    0.89827475   -0.24892282   -0.36213243
    0.52615457    0.37227168    0.76457515    0.66082169   -0.74487362   -0.09207597    0.53523459    0.55369404   -0.63792386
    0.44973249    0.30074523    0.84100713    0.59882787    0.59709238   -0.53374700   -0.66268082    0.74366188    0.08843722
    0.41690606   -0.20834375    0.88474981   -0.54899558    0.71805602    0.42778429   -0.72442611   -0.66406960    0.18498211
    0.39251070    0.20073574    0.89757479   -0.91918549    0.05150498    0.39044240    0.03214617   -0.97829055    0.20472964
    0.54879370   -0.21668840    0.80738567   -0.08652511   -0.97535740   -0.20295654    0.83146791    0.04152213   -0.55401898
    0.22197860   -0.59849984    0.76975545    0.94123058   -0.07459273   -0.32942513    0.25457905    0.79764270    0.54676836
    0.56605980   -0.68724573    0.45526872    0.48594945    0.72429074    0.48913809   -0.66590498   -0.05564382    0.74395855
    0.33086232   -0.87555335    0.35204609   -0.45912560    0.17657440    0.87064641   -0.82445970   -0.44969747   -0.34356714
    0.64127437   -0.76674042   -0.02960252   -0.76696012   -0.64167106    0.00551533   -0.02322391    0.01916711   -0.99954653
    0.77026607   -0.57263170    0.28068330    0.13423030   -0.28469321   -0.94917438    0.62343597    0.76879302   -0.14242499
    0.92860715   -0.34709158   -0.13121051    0.37094014    0.87747245    0.30404853    0.00960092   -0.33101288    0.94357739
    0.89282197   -0.21307146   -0.39682424    0.29721754   -0.38327023    0.87450882   -0.33842379   -0.89872381   -0.27886351
    0.89103683   -0.29686017   -0.34340560   -0.17910293   -0.92505582    0.33495354   -0.41710371   -0.23695100   -0.87742733
    0.88136404   -0.26728858   -0.38955646   -0.46114437   -0.30751184   -0.83233547    0.10268054    0.91323233   -0.39428851
    0.97657894    0.17964104   -0.11841737   -0.21037421    0.68180365   -0.70063291   -0.04512503    0.70913530    0.70362693
    0.89788540    0.37223608   -0.23503639   -0.10032883    0.69286995    0.71404857    0.42864429   -0.61755286    0.65946382
