# Rotation matrices: 44 entries, row-major flattening of 3x3 -> 1x9
# https://github.com/Neurophysics-CFIN/GFO
# Col:  1    2    3    4    5    6    7    8    9
#       R11  R12  R13  R21  R22  R23  R31  R32  R33
# where Rij = R(i,j), i = row index, j = column index

   -0.93164409   -0.02840257   -0.36226039   -0.05827360    0.99571548    0.07179744    0.35866905    0.08799988   -0.92930756
   -0.93164048   -0.02840264   -0.36226966    0.35867864    0.08799374   -0.92930444    0.05827217   -0.99571602   -0.07179111
   -0.54052166    0.32742606   -0.77500227    0.46229282   -0.65405158   -0.59875027   -0.70293790   -0.68191547    0.20216233
   -0.41482474    0.11417403   -0.90270966    0.00075702   -0.99205255   -0.12582193   -0.90990102   -0.05287742    0.41144151
   -0.56876824    0.20080487   -0.79760899   -0.72282099   -0.58476016    0.36821919   -0.39246975    0.78595990    0.47773898
   -0.69824566    0.68601762   -0.20453075    0.18147045    0.44600843    0.87643879    0.69247489    0.57485330   -0.43591538
   -0.69823524    0.68602862   -0.20452943    0.69248221    0.57484014   -0.43592110   -0.18148262   -0.44600846   -0.87643626
   -0.69823234    0.68603176   -0.20452880    0.35867043    0.08799168   -0.92930780   -0.61953783   -0.72223119   -0.30749794
   -0.69823697    0.68602644   -0.20453083   -0.61953144   -0.72223591   -0.30749973   -0.35867245   -0.08799440    0.92930676
   -0.93800477    0.11256209    0.32783657    0.07549587   -0.85675208    0.51017277    0.33830078    0.50329480    0.79513956
   -0.93331860    0.11764682    0.33922798    0.31188172   -0.20246703    0.92829785    0.17789377    0.97219665    0.15227436
   -0.51953221    0.67404613    0.52511722    0.71393374    0.68009589   -0.16663791   -0.46945170    0.28832515   -0.83455600
   -0.48699292    0.63945390    0.59492571    0.13942569    0.72933808   -0.66979582   -0.86220553   -0.24323789   -0.44433879
   -0.49376908    0.59828152    0.63107156   -0.86230729   -0.24312322   -0.44420405   -0.11233092   -0.76351183    0.63594924
    0.18147041    0.44602066    0.87643258   -0.69248089   -0.57484133    0.43592162    0.69823972   -0.68601969    0.20454409
   -0.35867337   -0.08799651    0.92930621    0.05826886   -0.99571589   -0.07179553    0.93164272    0.02839847    0.36226423
    0.31180737   -0.20286650    0.92823561    0.93338188   -0.11730336   -0.33917280    0.17769196    0.97215488    0.15277586
    0.00790307   -0.86959783    0.49369743    0.20008106    0.48510417    0.85125878   -0.97974747    0.09205194    0.17782387
    0.07555645   -0.85665083    0.51033379   -0.93817239    0.11231959    0.32743989   -0.33782214   -0.50352126   -0.79519969
    0.22913411   -0.54107191    0.80915928   -0.61954664   -0.72222329   -0.30749875    0.75077261   -0.43085347   -0.50070528
   -0.13924945   -0.72928402    0.66989134    0.48664632   -0.63955552   -0.59510008    0.86242968    0.24313279    0.44396114
   -0.16573072   -0.77305703    0.61230397    0.93338251    0.07745440    0.35042533   -0.31832440    0.62959006    0.70872134
    0.00078821   -0.99205089   -0.12583489    0.41485131   -0.11417145    0.90269778   -0.90988888   -0.05291429    0.41146361
   -0.11862026   -0.96606103   -0.22946745   -0.90605479    0.01077198    0.42302326   -0.40619446    0.25808921   -0.87658201
    0.05827489   -0.99571502   -0.07180273   -0.93164648   -0.02840246   -0.36225423    0.35866261    0.08800508   -0.92930955
    0.05827770   -0.99571543   -0.07179475    0.35867580    0.08799906   -0.92930503    0.93164123    0.02840672    0.36226741
   -0.18147786   -0.44600847   -0.87643724    0.69824050   -0.68602332    0.20452922   -0.69247815   -0.57484645    0.43591922
   -0.20000660   -0.48510044   -0.85127841    0.00797889   -0.86961117    0.49367272   -0.97976206    0.09194555    0.17779853
   -0.28548070   -0.55400088   -0.78203823   -0.95789102    0.13875761    0.25137845   -0.03075012    0.82087109   -0.57028509
    0.46229036   -0.65405549   -0.59874790   -0.54005915    0.32787258   -0.77513591    0.70329491    0.68169714   -0.20165632
    0.35867476    0.08799963   -0.92930538    0.61952506    0.72223970    0.30750368    0.69824144   -0.68602178    0.20453118
    0.35867740    0.08799727   -0.92930458    0.69823795   -0.68602466    0.20453345   -0.61952747   -0.72223725   -0.30750457
    0.90606302   -0.01079790   -0.42300497   -0.11870318   -0.96601956   -0.22959916   -0.40615189    0.25824334   -0.87655634
    0.72280737    0.58478144   -0.36821213   -0.56882004    0.20089562   -0.79754919   -0.39241976    0.78592087    0.47784424
    0.71407753    0.68000581   -0.16638921   -0.51948759    0.67402410    0.52518964    0.46928235   -0.28858899    0.83456005
    0.35868422    0.08798912   -0.92930272    0.93163327    0.02849040    0.36228130    0.05835302   -0.99571392   -0.07175454
    0.69248146    0.57484092   -0.43592126    0.69823471   -0.68603114    0.20452277   -0.18148750   -0.44600358   -0.87643773
    0.69248455    0.57483663   -0.43592200   -0.18147328   -0.44602007   -0.87643228   -0.69823534    0.68602402   -0.20454452
    0.61952823    0.72223650    0.30750481   -0.69823808    0.68602525   -0.20453103   -0.35867584   -0.08799882    0.92930504
    0.61952553    0.72223764    0.30750757   -0.35867559   -0.08800363    0.92930468    0.69824060   -0.68602343    0.20452852
    0.61953429    0.72223057    0.30750651    0.22918769   -0.54110213    0.80912390    0.75076645   -0.43080330   -0.50075768
    0.86232408    0.24326376    0.44409451    0.49377970   -0.59824669   -0.63109627    0.11215522    0.76349437   -0.63600123
    0.93343577    0.07734978    0.35030655    0.16573229    0.77305262   -0.61230912   -0.31816737    0.62960834    0.70877560
    0.95789451   -0.13880971   -0.25133637    0.28548017    0.55388641    0.78211950    0.03064602   -0.82093953    0.57019217
