# Rotation matrices: 74 entries, row-major flattening of 3x3 -> 1x9
# https://github.com/Neurophysics-CFIN/GFO
# Col:  1    2    3    4    5    6    7    8    9
#       R11  R12  R13  R21  R22  R23  R31  R32  R33
# where Rij = R(i,j), i = row index, j = column index

   -0.99713720    0.06514405    0.03838825    0.07380950    0.94881454    0.30708815   -0.01641836    0.30904244   -0.95090652
   -0.98622235   -0.05920356   -0.15446814    0.07744281    0.65988865   -0.74736175    0.14617825   -0.74902731   -0.64621204
   -0.62773174   -0.36096894   -0.68967695    0.72293248   -0.59887317   -0.34455704   -0.28865463   -0.71487926    0.63688787
   -0.89781711   -0.09146189   -0.43076579   -0.04233462   -0.95573688    0.29116112   -0.43832889    0.27964574    0.85420492
   -0.78618138    0.02563087   -0.61746409   -0.59484403   -0.30230074    0.74483209   -0.16756915    0.95286795    0.25290958
   -0.82718404    0.35148862   -0.43843167   -0.26335856    0.44673909    0.85502424    0.49639585    0.82272713   -0.27696791
   -0.79616057    0.55728825   -0.23570777    0.60300203    0.76304304   -0.23270983    0.05016872   -0.32740665   -0.94355073
   -0.71222474    0.68642341   -0.14682923    0.33874744    0.15289734   -0.92837093   -0.61480574   -0.71094677   -0.34142144
   -0.91397144    0.39800264    0.07905767   -0.31553964   -0.57460164   -0.75516071   -0.25512929   -0.71514114    0.65075509
   -0.87720781    0.46416586    0.12270499   -0.28053119   -0.70294325    0.65358476    0.38962638    0.53890707    0.74684031
   -0.76235105    0.59703137    0.24974869    0.34084954    0.04236344    0.93916289    0.55012950    0.80109854   -0.23579368
   -0.66545423    0.73542885    0.12773046    0.73470412    0.61510883    0.28609611    0.13183520    0.28422797   -0.94964938
   -0.64157450    0.09283465    0.76142228    0.02663645    0.99474694   -0.09883834   -0.76659811   -0.04313058   -0.64067705
   -0.64998191    0.22815010    0.72489382   -0.72627597    0.09430779   -0.68090327   -0.22371128   -0.96904777    0.10440158
   -0.71441426    0.32271609    0.62085956   -0.61701100   -0.70902327   -0.34144316    0.33001467   -0.62700904    0.70565571
   -0.28932141   -0.08553772    0.95340255    0.39657212   -0.91721452    0.03805356    0.87121965    0.38910258    0.29929167
   -0.32655476   -0.35372690    0.87649259    0.93545003    0.01175257    0.35326352   -0.13525985    0.93527491    0.32705598
   -0.50296233   -0.19521588    0.84197366    0.35898732    0.83897292    0.40896521   -0.78622961    0.50795197   -0.35189175
   -0.26837486   -0.69163454    0.67053456   -0.73257826    0.59853708    0.32416425   -0.62554299   -0.40422150   -0.66730873
   -0.28692436   -0.73790344    0.61087882   -0.75312012   -0.22033783   -0.61988816    0.59201732   -0.63792614   -0.49250963
   -0.52251983   -0.78434049    0.33433968    0.43686303   -0.58302874   -0.68500232    0.73220470   -0.21186666    0.64729344
   -0.57750743   -0.75167887    0.31853423    0.80173012   -0.44859057    0.39496242   -0.15399345    0.48347221    0.86170798
   -0.50689742   -0.75917155    0.40830573    0.12222251    0.40558551    0.90584880   -0.85329753    0.50907657   -0.11280240
   -0.60669135   -0.77074403    0.19462589   -0.75911487    0.63438802    0.14593307   -0.23594538   -0.05920707   -0.96996098
   -0.50552696   -0.85921147    0.07872826   -0.36030477    0.12731504   -0.92410570    0.78397893   -0.49552651   -0.37393918
   -0.60539564   -0.72513569   -0.32813770    0.50179275   -0.02771024   -0.86454392    0.61781887   -0.68804824    0.38064349
   -0.61697379   -0.69854859   -0.36245443    0.71291009   -0.69116408    0.11853865   -0.33332049   -0.18526218    0.92443246
   -0.36815960   -0.72154718   -0.58636864   -0.17284144   -0.56655830    0.80569072   -0.91355588    0.39797157    0.08387062
   -0.32026126   -0.48808022   -0.81191775   -0.88380161   -0.15462930    0.44157049   -0.34106809    0.85899213   -0.38184431
   -0.46571570   -0.33073783   -0.82080532   -0.30634536    0.93043690   -0.20109622    0.83021769    0.15779623   -0.53463907
    0.26969694   -0.47508180   -0.83759229    0.57122529    0.77918286   -0.25802277    0.77521947   -0.40886594    0.48152198
    0.03374522    0.27034716   -0.96217133    0.91452382   -0.39666737   -0.07937993   -0.40312211   -0.87724991   -0.26062455
   -0.05817240    0.01069264   -0.99824929   -0.18596966   -0.98255544    0.00031274   -0.98083192    0.18566227    0.05914611
    0.00943092    0.77384669   -0.63330274   -0.99784253    0.04843347    0.04432243    0.06497181    0.63151841    0.77263391
    0.10630449    0.59772857   -0.79461935   -0.12013403    0.80101425    0.58646737    0.98704973    0.03311671    0.15695896
    0.02418182    0.41186759   -0.91092279    0.64640133    0.68864746    0.32852700    0.76261429   -0.59676609   -0.24957900
   -0.33367234    0.92157842   -0.19838342    0.78477507    0.15496092   -0.60009599   -0.52229384   -0.35592180   -0.77493795
   -0.12139961    0.98803424   -0.09513399   -0.60326330   -0.14955291   -0.78339474   -0.78824839   -0.03771297    0.61420046
   -0.00974850    0.99984207   -0.01485925   -0.99592739   -0.00837622    0.08976904    0.08963040    0.01567384    0.99585176
    0.01873544    0.99471106   -0.10098959   -0.29702297    0.10198462    0.94940850    0.95468651    0.01220864    0.29736276
    0.09566214    0.97361222    0.20719075    0.90229631   -0.17271505    0.39500744    0.42036903    0.14916019   -0.89500901
    0.07846871    0.95253773    0.29413355    0.78581313    0.12245978   -0.60621888   -0.61346588    0.27870322   -0.73890739
   -0.16116256    0.77702988    0.60848270   -0.64119673    0.38625813   -0.66307722   -0.75026221   -0.49702034    0.43597867
   -0.08998956    0.78693362    0.61044029   -0.97611376   -0.19138680    0.10282523    0.19774685   -0.58660597    0.78535955
    0.35702285    0.24194249    0.90221866   -0.52827322   -0.74427515    0.40863419    0.77036491   -0.62250970   -0.13791150
    0.06882410    0.36681450    0.92774477    0.83658564   -0.52784586    0.14663975    0.54349582    0.76604561   -0.34320026
    0.60846215   -0.29066600    0.73843557    0.60715309    0.76969568   -0.19731621   -0.51101755    0.56840288    0.64480945
    0.43397066   -0.11281536    0.89383565   -0.66574375    0.62829591    0.40252890   -0.60700472   -0.76975122    0.19755587
    0.28038687   -0.08529877    0.95608960   -0.94560137   -0.19574872    0.25984707    0.16498868   -0.97693734   -0.13554400
    0.42825066   -0.35082675    0.83277966    0.03995873   -0.91330988   -0.40530035    0.90277609    0.20684696   -0.37710696
    0.51422063   -0.54785533    0.65987248    0.80466693    0.04192842   -0.59224416    0.29679671    0.83552172    0.46240152
    0.61537806   -0.67434152    0.40813399    0.40945891    0.71592122    0.56550881   -0.67353785   -0.18088761    0.71667736
    0.32354090   -0.69266930    0.64461657   -0.50249907    0.45147261    0.73733789   -0.80175805   -0.56247819   -0.20199583
    0.31102307   -0.82127084    0.47830832   -0.83897784   -0.47370196   -0.26781082    0.44652081   -0.31799473   -0.83636028
    0.38381182   -0.86324698    0.32786146   -0.11834743   -0.39811211   -0.90967062    0.91579603    0.31034077   -0.25496320
    0.68880652   -0.63586189   -0.34817415    0.58535942    0.77116445   -0.25031926    0.42766800   -0.03138548    0.90339085
    0.14985549   -0.93903859   -0.30943475    0.14053274   -0.28956113    0.94678662   -0.97866944   -0.18536689    0.08857334
    0.32635487   -0.80478651   -0.49579348   -0.36303864   -0.59100129    0.72036131   -0.87275165   -0.05510123   -0.48504475
    0.31675219   -0.68012762   -0.66113120   -0.91496520   -0.03536971   -0.40197969    0.25001348    0.73223999   -0.63349654
    0.12552351   -0.54548797   -0.82866563   -0.22527113    0.79778246   -0.55928174    0.96617637    0.25687744   -0.02274224
    0.29566176   -0.13872463   -0.94516644    0.89469952    0.38697428    0.22307772    0.33480873   -0.91159551    0.23853036
    0.76340902   -0.46950128   -0.44359353    0.15878560   -0.52927992    0.83345660   -0.62609408   -0.70670455   -0.32950702
    0.80292643    0.18372059   -0.56705899   -0.50365919   -0.29969491   -0.81025328   -0.31880491    0.93617824   -0.14810040
    0.59783389    0.04815936   -0.80017206   -0.60337839    0.68421010   -0.40962306    0.52775862    0.72769308    0.43810230
    0.91425018    0.29997048   -0.27233126    0.03280347    0.61516048    0.78771919    0.40381993   -0.72910582    0.55257051
    0.95135264    0.22065443   -0.21503436    0.28682560   -0.88914290    0.35658937   -0.11251325   -0.40091960   -0.90917778
    0.88352295    0.29611214   -0.36291154    0.23443942   -0.95034226   -0.20466496   -0.40549396    0.09574542   -0.90906956
    0.84377028    0.31885294   -0.43172273   -0.53059434    0.37453912   -0.76038812   -0.08075493    0.87066254    0.48520654
    0.70318677    0.66982135    0.23846956   -0.67403899    0.52127514    0.52339628    0.22627375   -0.52878312    0.81803948
    0.81060381    0.51933486    0.27057857   -0.09645740   -0.33733390    0.93643036    0.57759626   -0.78517332   -0.22335045
    0.85550866   -0.05241575    0.51512865    0.11563294   -0.95039749   -0.28874493    0.50471176    0.30658963   -0.80701229
    0.91519829    0.18551079    0.35776784    0.39887269   -0.29017964   -0.86988295   -0.05755573    0.93881922   -0.33956710
    0.61513165    0.70695568    0.34903684   -0.40490617    0.66312691   -0.62953451   -0.67650872    0.24591943    0.69416107
    0.99983026    0.00406822   -0.01796919    0.01813689   -0.04583342    0.99878444    0.00323969   -0.99894081   -0.04589943
