# Rotation matrices: 22 entries, row-major flattening of 3x3 -> 1x9
# https://github.com/Neurophysics-CFIN/GFO
# Col:  1    2    3    4    5    6    7    8    9
#       R11  R12  R13  R21  R22  R23  R31  R32  R33
# where Rij = R(i,j), i = row index, j = column index

   -0.73727826   -0.55629638    0.38334724   -0.45259827    0.82798091    0.33106256   -0.50157310    0.07058293   -0.86223110
   -0.88369002   -0.37051697   -0.28602294    0.11390610    0.42246857   -0.89919170    0.45400148   -0.82718649   -0.33112712
   -0.89173387    0.13534810   -0.43184672    0.09745312   -0.87441510   -0.47529056   -0.44194297   -0.46591751    0.76655547
    0.73859006    0.28879098   -0.60916705   -0.39529385   -0.54644732   -0.73833468   -0.54610210    0.78612664   -0.28944326
   -0.75840800    0.54290560   -0.36065332   -0.61015297   -0.39679788    0.68575856    0.22919569    0.74013847    0.63219015
   -0.44859185    0.88389721   -0.13225380    0.53149112    0.38280219    0.75563197    0.71852804    0.26867863   -0.64150546
   -0.05637198    0.78834037   -0.61265134    0.97690579    0.17022248    0.12914873    0.20610019   -0.59122227   -0.77973004
    0.30875599    0.93732185   -0.16154718    0.21580439   -0.23445191   -0.94787170   -0.92633590    0.25779848   -0.27466661
    0.55344423    0.80612723    0.20942390   -0.76228512    0.59156949   -0.26261555   -0.33559034   -0.01429766    0.94189952
   -0.05925518    0.99666303    0.05613945   -0.95670954   -0.07275313    0.28180460    0.28494854   -0.03701076    0.95782803
   -0.10676892    0.86960085    0.48207340    0.31982415   -0.42904050    0.84477024    0.94144193    0.24437392   -0.23231117
   -0.79222322    0.50507782    0.34245988    0.56779350    0.81573310    0.11040854   -0.22359096    0.28191471   -0.93302260
    0.17418520    0.74987427    0.63823827    0.54656409    0.46551530   -0.69610574   -0.81910146    0.47008944   -0.32876848
   -0.25366567    0.58852656    0.76765240   -0.93351552    0.05893825   -0.35365951   -0.25338211   -0.80632671    0.53444807
    0.11972024   -0.07538040    0.98994185   -0.92725364   -0.36480685    0.08436025    0.35477846   -0.92802681   -0.11357151
    0.27825293    0.28666591    0.91673222    0.41097396   -0.89817934    0.15612268    0.86814498    0.33331147   -0.36773326
   -0.57754506   -0.27104868    0.77004826    0.79413323   -0.40514247    0.45300329    0.18919331    0.87315073    0.44923680
    0.10083045   -0.55802681    0.82367427    0.16214296    0.82604181    0.53978198   -0.98160220    0.07912653    0.17377029
    0.49910321   -0.06829852    0.86384680   -0.80582251    0.33001518    0.49167069   -0.31866294   -0.94150162    0.10967515
    0.43642981   -0.22841031   -0.87026304   -0.11213458   -0.97350706    0.19927328   -0.89272328    0.01061778   -0.45048019
    0.94450332   -0.31993787   -0.07452005   -0.11512810   -0.10992438   -0.98724979    0.30766703    0.94104006   -0.14065778
    0.98113572    0.10098355   -0.16484848   -0.16705036    0.87204073   -0.46004254    0.09729786    0.47890217    0.87245965
