# Rotation matrices: 6 entries, row-major flattening of 3x3 -> 1x9
# https://github.com/Neurophysics-CFIN/GFO
# Col:  1    2    3    4    5    6    7    8    9
#       R11  R12  R13  R21  R22  R23  R31  R32  R33
# where Rij = R(i,j), i = row index, j = column index

   -0.97090844   -0.03339158    0.23711136   -0.09888949    0.95775486   -0.27004907   -0.21807719   -0.28564075   -0.93319435
   -0.21806506   -0.28564498   -0.93319589    0.97091157    0.03339012   -0.23709878    0.09888559   -0.95775365    0.27005480
   -0.21806945   -0.28564342   -0.93319534    0.09888931   -0.95775401    0.27005213   -0.97091020   -0.03339293    0.23710398
   -0.09888798    0.95775271   -0.27005725   -0.21805861   -0.28564772   -0.93319656   -0.97091277   -0.03339362    0.23709335
   -0.09888513    0.95775389   -0.27005411   -0.97091303   -0.03339171    0.23709256    0.21805876    0.28564399    0.93319767
    0.97091144    0.03339418   -0.23709870    0.21806491    0.28563504    0.93319897    0.09888711   -0.95775647    0.27004423
