# Rotation matrices: 76 entries, row-major flattening of 3x3 -> 1x9
# https://github.com/Neurophysics-CFIN/GFO
# Col:  1    2    3    4    5    6    7    8    9
#       R11  R12  R13  R21  R22  R23  R31  R32  R33
# where Rij = R(i,j), i = row index, j = column index

   -0.99388200    0.06125507    0.09190426    0.08543373    0.95374273    0.28822888   -0.06999754    0.29431722   -0.95314098
   -0.98634094   -0.09805501   -0.13235090    0.05458159    0.56354376   -0.82428107    0.15541042   -0.82024609   -0.55049428
   -0.56817081   -0.18596752   -0.80162212    0.77678600   -0.44275349   -0.44785361   -0.27163476   -0.87714619    0.39601657
   -0.82991614   -0.05951184   -0.55470491    0.13296346   -0.98674157   -0.09306879   -0.54181170   -0.15099478    0.82682565
   -0.80571552    0.15999145   -0.57028522   -0.58033642   -0.40580136    0.70607004   -0.11845735    0.89984887    0.41980932
   -0.80450263    0.33798277   -0.48840881   -0.37014704    0.35780067    0.85730382    0.46450692    0.87048626   -0.16274826
   -0.74675588    0.55452094   -0.36723586    0.62079358    0.77928145   -0.08564897    0.23868595   -0.29193654   -0.92617605
   -0.83718193    0.53823353   -0.09711371    0.31093684    0.32231440   -0.89410945   -0.44993854   -0.77872851   -0.43719242
   -0.82079215    0.55350885   -0.14116726   -0.35787646   -0.69089743   -0.62816016   -0.44522431   -0.46506849    0.76517097
   -0.85853406    0.51150880    0.03574941   -0.41733366   -0.73756984    0.53087036    0.29791255    0.44085085    0.84669867
   -0.77700088    0.60409157    0.17703957    0.19433655   -0.03731049    0.98022509    0.59875115    0.79604102   -0.08840679
   -0.76865446    0.42606327    0.47711676    0.62197801    0.67200752    0.40193191   -0.14937763    0.60570289   -0.78154356
   -0.81692791    0.19404722    0.54311552    0.13196709    0.97960813   -0.15150117   -0.56143876   -0.05209216   -0.82587706
   -0.88107700    0.01873956    0.47260146   -0.45309297    0.25320734   -0.85474722   -0.13568375   -0.96723052   -0.21460440
   -0.37102904    0.64499592    0.66807014   -0.74717740   -0.63454919    0.19766955    0.55141942   -0.42582577    0.71736255
   -0.45978799   -0.15448307    0.87448841    0.32029185   -0.94731833    0.00105398    0.82825608    0.28057612    0.48504526
   -0.37498420   -0.27625041    0.88491387    0.91142167    0.06457320    0.40637525   -0.16940305    0.95891398    0.22756668
   -0.53120960   -0.00736182    0.84720845    0.27538187    0.94416638    0.18087198   -0.80123728    0.32938678   -0.49952293
   -0.34128831   -0.63118600    0.69651025   -0.83511345    0.54370236    0.08350611   -0.43140215   -0.55316542   -0.71267118
   -0.39967459   -0.77088224    0.49598467   -0.67833948   -0.11519559   -0.72566213    0.61653530   -0.62647470   -0.47687911
   -0.24712003   -0.89439443    0.37281402    0.48809263   -0.44726735   -0.74947815    0.83707663   -0.00324329    0.54707605
   -0.62926384   -0.76426607    0.14115382    0.77549478   -0.60545182    0.17898590   -0.05133101    0.22209340    0.97367328
   -0.52916318   -0.73345676    0.42664682    0.10191199    0.44423604    0.89009454   -0.84237775    0.51448568   -0.16032532
   -0.47329674   -0.84769739   -0.23958156   -0.85091683    0.36959461    0.37328323   -0.22788317    0.38053772   -0.89624790
   -0.45310172   -0.88550996   -0.10281507   -0.29380043    0.25722327   -0.92060714    0.84165322   -0.38692157   -0.37671151
   -0.54100129   -0.80958883   -0.22777955    0.46240776   -0.06010843   -0.88462763    0.70249318   -0.58391172    0.40687890
   -0.45006101   -0.77853305   -0.43741443    0.82008502   -0.55419291    0.14258606   -0.35341994   -0.29454459    0.88788391
   -0.21359347   -0.78812648   -0.57726466   -0.08979207   -0.57256179    0.81492968   -0.97278734    0.22589745    0.05152795
   -0.31968555   -0.58548644   -0.74498777   -0.90656620   -0.03966684    0.42019551   -0.27557008    0.80971116   -0.51810130
   -0.34069676   -0.36132458   -0.86796905   -0.40710025    0.88886129   -0.21022605    0.84746393    0.28172708   -0.44992749
   -0.18026162   -0.44391121   -0.87775200    0.62393543    0.63825612   -0.45092539    0.76040143   -0.62894511    0.16191885
   -0.05385886    0.07417537   -0.99578976    0.96966220   -0.23424349   -0.06989427   -0.23844170   -0.96934411   -0.05930896
   -0.10352547    0.08198083   -0.99124246   -0.21903588   -0.97401045   -0.05767953   -0.97020913    0.21114636    0.11879163
   -0.02915995    0.66882158   -0.74285085   -0.97912470   -0.16866947   -0.11342593   -0.20115797    0.72403612    0.65977812
    0.06380686    0.57388223   -0.81644833   -0.19878573    0.80902967    0.55313220    0.97796366    0.12700465    0.16570124
    0.08303454    0.52993548   -0.84396307    0.52439434    0.69691896    0.48919785    0.84741716   -0.48318977   -0.22002682
   -0.12275104    0.93698509   -0.32709499    0.85877417   -0.06491311   -0.50822556   -0.49743252   -0.34328594   -0.79669044
   -0.01690424    0.92391359   -0.38222759   -0.35641791   -0.36273717   -0.86103892   -0.93417371    0.12167755    0.33543114
   -0.00818165    0.94625159   -0.32332798   -0.99989863   -0.00397356    0.01367291    0.01165325    0.32340707    0.94618818
   -0.05746125    0.99657250    0.05951007   -0.14977673   -0.06753919    0.98641035    0.98704870    0.04776715    0.15314426
    0.14126544    0.98924141    0.03801986    0.86957962   -0.14234994    0.47282954    0.47315468   -0.03373318   -0.88033330
    0.01630457    0.95508376    0.29588710    0.80619262    0.16248503   -0.56890427   -0.59142846    0.24781774   -0.76733223
   -0.14739238    0.73744997    0.65912292   -0.41814442    0.55746076   -0.71721178   -0.89634298   -0.38132012    0.22619512
   -0.18092252    0.83821193    0.51445875   -0.97945760   -0.10619999   -0.17141869   -0.08904967   -0.53490403    0.84020702
    0.58675462    0.18300733    0.78881388   -0.23097529   -0.89583440    0.37964606    0.77612462   -0.40495560   -0.48336480
    0.10034362    0.48073104    0.87110781    0.85139739   -0.49452483    0.17483615    0.51483361    0.72411522   -0.45891557
    0.41190163   -0.34523778    0.84329587    0.73436445    0.67367400   -0.08289878   -0.53948671    0.65343265    0.53101776
    0.05697132   -0.25526092    0.96519228   -0.64623575    0.72748263    0.23053934   -0.76100830   -0.63687588   -0.12351308
    0.39850752    0.06074391    0.91515132   -0.86901827   -0.29403195    0.39793524    0.29325587   -0.95386340   -0.06438637
    0.57920233   -0.23942928    0.77922928    0.27933066   -0.83973092   -0.46564618    0.76583225    0.48736598   -0.41949417
    0.40618833   -0.52582768    0.74733948    0.85397890   -0.07258602   -0.51521967    0.32516316    0.84748836    0.41956215
    0.51838463   -0.53636638    0.66602439    0.35640137    0.84348544    0.40188354   -0.77733869    0.02904175    0.62841160
    0.44175890   -0.84853831    0.29125900   -0.47634705    0.05325730    0.87764295   -0.76022534   -0.52644695   -0.38067183
    0.42044032   -0.88585320    0.19619901   -0.79159630   -0.46381184   -0.39781135    0.44340188    0.01194552   -0.89624331
    0.52370717   -0.74387538    0.41518697    0.03406536   -0.46869068   -0.88270527    0.85121698    0.47642257   -0.22011629
    0.57237858   -0.80537785   -0.15410802    0.79495726    0.59109992   -0.13654242    0.20106148   -0.04435533    0.97857391
    0.27748186   -0.95162163   -0.13198517    0.55129233    0.04520551    0.83308657   -0.78681675   -0.30392882    0.53716541
    0.41084438   -0.80150067   -0.43451532   -0.35465806   -0.57955916    0.73370896   -0.83989556   -0.14733584   -0.52236730
    0.49907831   -0.66795192   -0.55205169   -0.71799763    0.03794391   -0.69501055    0.48518063    0.74323650   -0.46065092
    0.17985544   -0.42724125   -0.88606824    0.03603942    0.90301402   -0.42809677    0.98303265    0.04506215    0.17780951
    0.38046086   -0.32052603   -0.86747484    0.92416644    0.09714054    0.36943214   -0.03414564   -0.94224561    0.33317757
    0.69284829   -0.41425125   -0.59021788    0.21924724   -0.65874081    0.71971605   -0.68694388   -0.62805768   -0.36558400
    0.33303859   -0.06433695   -0.94071571   -0.76010605   -0.60868432   -0.22746909   -0.55796424    0.79079969   -0.25161827
    0.48075067   -0.03898642   -0.87599021   -0.71651327    0.55840610   -0.41808057    0.50545774    0.82865113    0.24051982
    0.75334793    0.22978023   -0.61617201    0.48699225    0.43473081    0.75752734    0.44193377   -0.87075264    0.21560236
    0.86919054    0.23558558   -0.43474964    0.40694788   -0.84025379    0.35828339   -0.28089363   -0.48833698   -0.82621169
    0.85728359    0.41413319   -0.30587343    0.07921561   -0.69313574   -0.71644102   -0.50871381    0.58996317   -0.62701971
    0.78405875    0.54855190   -0.29041812   -0.56118580    0.42660442   -0.70928074   -0.26518364    0.71909630    0.64232247
    0.68588306    0.60625868   -0.40251068   -0.49888478    0.79441522    0.34643678    0.52979091   -0.03680867    0.84732917
    0.94432455    0.32529751   -0.04932210    0.04742157    0.01377379    0.99877999    0.32557999   -0.94551140   -0.00241919
    0.88989052    0.38212270    0.24915277    0.45547537   -0.77451101   -0.43894747    0.02523978    0.50409814   -0.86327748
    0.71542076    0.50704985    0.48070114    0.30515234    0.39215977   -0.86780918   -0.62853416    0.76753578    0.12583179
    0.69273319    0.61420852    0.37797966   -0.37020971    0.75262920   -0.54451267   -0.61892286    0.23727026    0.74875719
    0.90311188    0.22901088    0.36323952   -0.42002681    0.29530036    0.85812306    0.08925475   -0.92755146    0.36287997
    0.98546789    0.06310568    0.15770449    0.00761572   -0.94390919    0.33011732    0.16969099   -0.32411899   -0.93067279
    0.96616870   -0.19922274   -0.16379360   -0.23888366   -0.45185054   -0.85951480    0.09722466    0.86956391   -0.48415491
