# Rotation matrices: 36 entries, row-major flattening of 3x3 -> 1x9
# https://github.com/Neurophysics-CFIN/GFO
# Col:  1    2    3    4    5    6    7    8    9
#       R11  R12  R13  R21  R22  R23  R31  R32  R33
# where Rij = R(i,j), i = row index, j = column index

   -0.88807408   -0.32046592   -0.32958462   -0.34976398    0.93628900    0.03206344    0.29831121    0.14375154   -0.94358143
   -0.96226045   -0.20205723   -0.18228465   -0.02904057    0.74226486   -0.66947705    0.27057617   -0.63891764   -0.72011998
   -0.77512780   -0.17220252   -0.60788418    0.59923103   -0.50531988   -0.62094604   -0.20024749   -0.84557561    0.49487658
   -0.58042048    0.28724043   -0.76197441   -0.45243063   -0.89175941    0.00846570   -0.67706617    0.34965423    0.64755179
   -0.73056294    0.05303123   -0.68078299   -0.65975424   -0.31189340    0.68370085   -0.17607423    0.94863597    0.26284534
   -0.58583325    0.50520846   -0.63369063   -0.16154967    0.69342728    0.70218253    0.79416693    0.51373438   -0.32461650
   -0.74939441    0.63868773   -0.17460243    0.64676867    0.64964396   -0.39956604   -0.14176851   -0.41235994   -0.89992276
   -0.76994221    0.62941756   -0.10498824    0.25443452    0.15193025   -0.95508129   -0.58519405   -0.76207003   -0.27712306
   -0.93104848    0.36287795   -0.03831876   -0.30357649   -0.82857302   -0.47043392   -0.20245999   -0.42636411    0.88160286
   -0.50906120    0.70941973    0.48742214   -0.70506483   -0.66850492    0.23661099    0.49370060   -0.22321474    0.84049682
   -0.45467494    0.75190242    0.47740282    0.43205298   -0.28252243    0.85645274    0.77884589    0.59567091   -0.19640581
    0.29665660    0.77986942    0.55117924    0.95286419   -0.20328458   -0.22522261   -0.06359799    0.59201273   -0.80341535
    0.49192258    0.66543862    0.56142997    0.33076924    0.45365700   -0.82751860   -0.80535948    0.59277885    0.00305749
    0.01639866    0.26902155    0.96299454   -0.89013762    0.44259043   -0.10848380   -0.45539664   -0.85541868    0.24672409
    0.00221603    0.33319854    0.94285408   -0.90155460   -0.40727126    0.14604599    0.43265968   -0.85035807    0.29949415
    0.23165545    0.21516739    0.94870372    0.39648651   -0.91143853    0.10990111    0.88833226    0.35068903   -0.29645066
    0.07865426   -0.41571978    0.90608530    0.99224770    0.12037152   -0.03090624   -0.09621853    0.90149196    0.42196473
    0.04380021    0.25503589    0.96593904    0.32496002    0.91065215   -0.25517377   -0.94471293    0.32506823   -0.04298971
    0.07093524   -0.59491348    0.80065357   -0.77086854    0.47670736    0.42250656   -0.63303230   -0.64716925   -0.42478473
   -0.31112034   -0.46998627    0.82602484   -0.61421409   -0.56381340   -0.55213721    0.72522078   -0.67913722   -0.11325837
   -0.21062546   -0.49488174    0.84304744    0.10095263   -0.86879407   -0.48477358    0.97234021   -0.01699780    0.23294977
    0.18532603   -0.92027878    0.34458849    0.85543220    0.32366226    0.40432474   -0.48362177    0.21984019    0.84721914
   -0.04325225   -0.97217334    0.23023520    0.22840644    0.21472533    0.94959124   -0.97260462    0.09365916    0.21276330
    0.04055571   -0.97600864    0.21392141   -0.97272097    0.01037498    0.23174613   -0.22840565   -0.21748447   -0.94896331
   -0.36409206   -0.85266960   -0.37468856   -0.53447040    0.52075011   -0.66570317    0.76274397   -0.04211729   -0.64532764
   -0.04069096   -0.99888964    0.02374325    0.50813009   -0.04114823   -0.86029683    0.86031858   -0.02294164    0.50924024
    0.46158561   -0.82841007   -0.31729399    0.80355601    0.23892818    0.54517068   -0.37581440   -0.50660643    0.77595970
    0.40221262   -0.67706673   -0.61628374   -0.14124696   -0.71096206    0.68889930   -0.90458516   -0.19003579   -0.38159153
    0.64890073   -0.18124735   -0.73897039   -0.75667310   -0.05181584   -0.65173687    0.07983521    0.98207154   -0.17076833
    0.71115600    0.03265701   -0.70227535   -0.40274216    0.83769061   -0.36888100    0.57624291    0.54516783    0.60888106
    0.80760990    0.01851031   -0.58942652    0.19520285    0.93477093    0.29681503    0.55647291   -0.35476849    0.75131699
    0.64914601    0.61521702   -0.44734492    0.72810402   -0.33232894    0.59951815    0.22016811   -0.71488845   -0.66367199
    0.74761181    0.64040338   -0.17595480    0.34603301   -0.60174178   -0.71983886   -0.56686659    0.47727386   -0.67146998
    0.78436749    0.59393893   -0.17889716   -0.14834704   -0.10042215   -0.98382343   -0.60229627    0.79821798    0.00934121
    0.69738681    0.66927724   -0.25635836   -0.68552323    0.72726532    0.03380918    0.20906826    0.15216153    0.96599034
    0.99565214   -0.06910796   -0.06245731    0.06937126    0.10264363    0.99229628   -0.06216473   -0.99231466    0.10699145
