# Rotation matrices: 24 entries, row-major flattening of 3x3 -> 1x9
# https://github.com/Neurophysics-CFIN/GFO
# Col:  1    2    3    4    5    6    7    8    9
#       R11  R12  R13  R21  R22  R23  R31  R32  R33
# where Rij = R(i,j), i = row index, j = column index

   -0.77008855   -0.62788618    0.11279442   -0.55008288    0.74311464    0.38103735   -0.32306727    0.23138622   -0.91765351
   -0.97828733   -0.06637363   -0.19633756    0.18084056    0.18940783   -0.96510174    0.10124517   -0.97965260   -0.17329223
   -0.86736091    0.12186133   -0.48252966    0.25840303   -0.71835529   -0.64590521   -0.42533860   -0.68492006    0.59158397
   -0.47100722   -0.72743441   -0.49899036    0.76459530   -0.61876861    0.18033146   -0.43993888   -0.29658826    0.84763741
   -0.68198621    0.56765525   -0.46115326   -0.73104641   -0.54770905    0.40692254   -0.02158610    0.61463999    0.78851234
   -0.33690388    0.65837208   -0.67308393    0.50229044    0.73032925    0.46295087    0.79636681   -0.18211367   -0.57674476
    0.05456608    0.95880120   -0.27878810    0.99369476   -0.02475590    0.10935203    0.09794521   -0.28299719   -0.95410656
    0.05793071    0.85727968   -0.51158145    0.23580002   -0.50969256   -0.82741274   -0.97007339   -0.07269831   -0.23167342
   -0.66906302    0.71839408    0.19043272   -0.74319591   -0.64540430   -0.17638916   -0.00381083   -0.25954428    0.96572369
    0.43040648    0.77417230    0.46412016   -0.72253972   -0.01268468    0.69121303    0.54100519   -0.63284781    0.55391066
   -0.12110986    0.93978549    0.31958667   -0.07650876   -0.32983645    0.94093269    0.98968622    0.08950504    0.11184827
   -0.23823424    0.52317316    0.81825075    0.97005027    0.16930007    0.17418369   -0.04740168    0.83524088   -0.54783734
    0.61418163    0.68096940    0.39882527   -0.01956935    0.51836319   -0.85493663   -0.78892202    0.51728163    0.33169528
   -0.46714952    0.35941849    0.80783022   -0.74293899    0.33580555   -0.57903047   -0.47938814   -0.87066238    0.11015461
   -0.14431753    0.49109044    0.85907079   -0.56260483   -0.75490754    0.33703176    0.81403210   -0.43467779    0.38523625
    0.06019047    0.21729435    0.97424857    0.40997065   -0.89527941    0.17435266    0.91011053    0.38891895   -0.14297159
   -0.13654174   -0.34185686    0.92977967    0.89090255    0.36804268    0.26615263   -0.43318471    0.86468403    0.25430796
   -0.44532373   -0.28299927    0.84946936    0.17782321    0.90188306    0.39368242   -0.87753386    0.32637149   -0.35130609
    0.07672292   -0.51149399    0.85585483   -0.84468394    0.42271916    0.32835584   -0.52973827   -0.74811925   -0.39961851
   -0.72568264   -0.58583679    0.36080461   -0.66956583    0.48064450   -0.56627066    0.15832343   -0.65251523   -0.74105167
    0.72398396   -0.67126301    0.15891255    0.05357048   -0.17496185   -0.98311675    0.68773355    0.72027378   -0.09070969
    0.96581987    0.01763112    0.25861383    0.04889688    0.96738100   -0.24856207   -0.25456053    0.25271159    0.93345369
    0.93600687    0.04035546   -0.34966066    0.28009794    0.51620147    0.80937086    0.21315788   -0.85551592    0.47186464
    0.78121734   -0.32775890   -0.53129425    0.03616612   -0.82588731    0.56267411   -0.62321063   -0.45878563   -0.63334372
