# Rotation matrices: 68 entries, row-major flattening of 3x3 -> 1x9
# https://github.com/Neurophysics-CFIN/GFO
# Col:  1    2    3    4    5    6    7    8    9
#       R11  R12  R13  R21  R22  R23  R31  R32  R33
# where Rij = R(i,j), i = row index, j = column index

   -0.91007474   -0.39664220   -0.12016211   -0.39975990    0.91661768    0.00201501    0.10934347    0.04986980   -0.99275224
   -0.90015043   -0.23271716   -0.36820092    0.22120021    0.48397372   -0.84666398    0.37523281   -0.84357108   -0.38417207
   -0.89895229   -0.27480448   -0.34112648    0.38997847   -0.14739529   -0.90895072    0.19950329   -0.95013532    0.23966917
   -0.89768755    0.17177804   -0.40577009   -0.11854238   -0.98107868   -0.15307622   -0.42438752   -0.08931367    0.90106509
   -0.72770263    0.33254944   -0.59988312   -0.64185828   -0.02184426    0.76651209    0.24179916    0.94283280    0.22934574
   -0.92696462    0.33801547   -0.16273332    0.04721003    0.53544078    0.84325227    0.37216636    0.77398237   -0.51229238
   -0.65555979    0.29613151   -0.69465638    0.66910267    0.65422571   -0.35254835    0.35006139   -0.69591296   -0.62702646
   -0.90976486    0.40526304    0.08994315    0.11228626    0.44882466   -0.88653721   -0.39964947   -0.79644102   -0.45383037
   -0.82981549    0.55793895    0.01050669   -0.52814061   -0.77913834   -0.33765507   -0.18020475   -0.28574041    0.94121128
   -0.77715703    0.59419476   -0.20726682   -0.61348836   -0.64196965    0.45989890    0.14021051    0.48456945    0.86344280
   -0.38008331    0.65824707    0.64980572    0.19197480   -0.63109068    0.75157849    0.90481067    0.41040876    0.11350019
   -0.44256061    0.79331994    0.41807125    0.89303028    0.34754704    0.28584608    0.08146797    0.49985450   -0.86226936
   -0.18172429    0.56580879    0.80426159    0.24758351    0.81785841   -0.51943241   -0.95167152    0.10472842   -0.28870966
   -0.44897975    0.41308043    0.79232679   -0.73340746    0.33616491   -0.59085247   -0.51042206   -0.84637918    0.15202503
   -0.66524842    0.14891521    0.73162066   -0.58444329   -0.71365468   -0.38616452    0.46461874   -0.68448613    0.56179014
   -0.43308791   -0.02989472    0.90085580    0.12167418   -0.99224074    0.02556775    0.89310148    0.12068397    0.43336489
   -0.35286949   -0.02518565    0.93533353    0.93361188    0.05682990    0.35375023   -0.06206434    0.99806615    0.00346009
   -0.24808550   -0.42818034    0.86897364    0.24375908    0.84056273    0.48377248   -0.93756872    0.33183715   -0.10415858
   -0.47230176   -0.36912361    0.80042414   -0.75272273    0.64140159   -0.14836608   -0.45862789   -0.67257101   -0.58078283
   -0.64433000   -0.55808229    0.52286041   -0.46331667   -0.25907269   -0.84747803    0.60842133   -0.78830546   -0.09164053
   -0.59325813   -0.72600608    0.34779299    0.28384017   -0.59293630   -0.75356572    0.75331239   -0.34834137    0.55783397
   -0.61438132   -0.76909708    0.17613993    0.77736641   -0.55182957    0.30196951   -0.13504464    0.32244969    0.93690402
   -0.39714862   -0.89358088    0.20925147    0.11929851    0.17580388    0.97716982   -0.90996750    0.41304503    0.03678259
   -0.60613268   -0.78864102    0.10319164   -0.72989366    0.60308505    0.32178200   -0.31600382    0.11972367   -0.94117364
   -0.51207276   -0.84508072    0.15368822   -0.58901171    0.21525098   -0.77893017    0.62517733   -0.48939308   -0.60798661
   -0.54154366   -0.76245462   -0.35410934    0.44906666    0.09372538   -0.88856890    0.71068249   -0.64021755    0.29163656
   -0.17985702   -0.82103724   -0.54180191    0.95856059   -0.26998765    0.09093004   -0.22093677   -0.50299555    0.83557311
   -0.38101437   -0.79285235   -0.47561876    0.01948452   -0.52119347    0.85321611   -0.92436378    0.31582040    0.21403055
    0.17330257   -0.47939037   -0.86032035   -0.94594406   -0.32417837   -0.00991089   -0.27414606    0.81553250   -0.50965741
   -0.03289875   -0.16521362   -0.98570895   -0.63189346    0.76755564   -0.10755928    0.77435672    0.61932447   -0.12964903
    0.05077942   -0.21155612   -0.97604583    0.61754173    0.77472741   -0.13579272    0.78489723   -0.59585355    0.16998494
   -0.20457015   -0.11747286   -0.97177733    0.94306807   -0.28963003   -0.16351473   -0.26224735   -0.94990240    0.17003456
   -0.22603601   -0.06641099   -0.97185251    0.04383072   -0.99735629    0.05795951   -0.97313236   -0.02949606    0.22834928
    0.16115099    0.65502310   -0.73822429   -0.96886207   -0.03747413   -0.24474879   -0.18798043    0.75467902    0.62858805
    0.19198699    0.52103005   -0.83166621   -0.46812160    0.79343056    0.38901172    0.86255618    0.31463572    0.39623376
    0.11604304    0.42589051   -0.89730223    0.75277421    0.55165002    0.35918412    0.64796990   -0.71714680   -0.25658425
    0.00693518    0.94364762   -0.33087926    0.69046537   -0.24386601   -0.68101904   -0.72333220   -0.22373768   -0.65324726
   -0.21855652    0.95423282   -0.20413908   -0.40415174   -0.27892664   -0.87112645   -0.88819728   -0.10788720    0.44661610
    0.11246824    0.98288987   -0.14587118   -0.98005776    0.13393042    0.14679722    0.16382208    0.12645216    0.97835177
   -0.13125670    0.96925931    0.20810589   -0.21359924   -0.23264223    0.94881661    0.96806355    0.08008727    0.23756890
   -0.18356257    0.98176366   -0.04944593    0.88038158    0.18656724    0.43602859    0.43730202    0.03650724   -0.89857341
   -0.02995244    0.86632191    0.49858720    0.76733304    0.33958523   -0.54395025   -0.64054887    0.36628979   -0.67492883
    0.41011509    0.80938749    0.42035403   -0.59757057    0.58665255   -0.54657863   -0.68899567   -0.02703105    0.72426120
    0.51687891    0.62630677    0.58358892   -0.82935627    0.19742373    0.52267776    0.21214232   -0.75416424    0.62147561
    0.67884725    0.29167764    0.67386242    0.18210971   -0.95592535    0.23031017    0.71133850   -0.03362854   -0.70204463
    0.57189653    0.36500937    0.73464448    0.67274327   -0.72115057   -0.16540359    0.46941543    0.58882087   -0.65798111
    0.52346401    0.24437883    0.81625021    0.40050436    0.77498579   -0.48886939   -0.75205165    0.58281730    0.30780239
    0.56483737   -0.34227572    0.75087022   -0.54077405    0.53377846    0.65011075   -0.62331547   -0.77325797    0.11640420
    0.39035862    0.14323099    0.90945315   -0.86839568   -0.27081794    0.41538727    0.30579256   -0.95191519    0.01866506
    0.52880240   -0.51447078    0.67504654    0.01999751   -0.78757371   -0.61589589    0.84850935    0.33918648   -0.40618274
    0.15642360   -0.60721089    0.77899075    0.92966949   -0.17582158   -0.32373045    0.33353604    0.77484302    0.53700280
    0.42483291   -0.56979946    0.70345261    0.46525795    0.80401131    0.37027132   -0.77656425    0.16998348    0.60667420
    0.61057593   -0.78321657    0.11734071   -0.32559155   -0.11318620    0.93871136   -0.72193295   -0.61135970   -0.32411747
    0.32032825   -0.79650956    0.51279853   -0.89352961   -0.43383946   -0.11570724    0.31463416   -0.42113637   -0.85067591
    0.12641322   -0.84689180    0.51652103    0.19407393   -0.48952115   -0.85012020    0.97280780    0.20770970    0.10247768
    0.40382352   -0.91422805   -0.03337118    0.80061759    0.37082005   -0.47064209    0.44264890    0.16333879    0.88169291
    0.15530346   -0.86469470   -0.47768599    0.63182641   -0.28477135    0.72090267   -0.75939201   -0.41377331    0.50211097
    0.62569880   -0.49421778   -0.60353111   -0.51223210   -0.84382296    0.15994089   -0.58831904    0.20907318   -0.78113322
    0.70338678   -0.68349137   -0.19515782   -0.39396011   -0.14633606   -0.90740354    0.59164387    0.71514005   -0.37219919
    0.95156977   -0.21672531   -0.21804843    0.16209676    0.95634854   -0.24315039    0.26122714    0.19602962    0.94516283
    0.82182537   -0.12844373   -0.55507231    0.56928264    0.14611973    0.80905271   -0.02281073   -0.98089308    0.19320569
    0.79445679   -0.17813367   -0.58060900    0.23652989   -0.78977734    0.56595526   -0.55936752   -0.58695838   -0.58531003
    0.92245482    0.16060520   -0.35111688   -0.18144256   -0.62239891   -0.76137914   -0.34081622    0.76604540   -0.54499426
    0.97401686    0.21407646    0.07390818   -0.13370812    0.80696036   -0.57527134   -0.18279302    0.55044186    0.81461676
    0.85384578    0.29140526   -0.43131236   -0.17306905    0.94039872    0.29274110    0.49091189   -0.17530893    0.85338871
    0.75702691    0.34638391   -0.55401123    0.65337465   -0.39686327    0.64467132    0.00343707   -0.85001043   -0.52675464
    0.93662490    0.17604420    0.30288981    0.33426623   -0.70790173   -0.62220674    0.10488033    0.68402016   -0.72188402
    0.98357478    0.14019288   -0.11369529   -0.12812608    0.09859237   -0.98684510   -0.12713917    0.98520328    0.11493533
