# Rotation matrices: 93 entries, row-major flattening of 3x3 -> 1x9
# https://github.com/Neurophysics-CFIN/GFO
# Col:  1    2    3    4    5    6    7    8    9
#       R11  R12  R13  R21  R22  R23  R31  R32  R33
# where Rij = R(i,j), i = row index, j = column index

   -0.89474906   -0.38722449   -0.22244394   -0.42268417    0.89507239    0.14206868    0.14409096    0.22113935   -0.96453885
   -0.91041803   -0.40481062    0.08524887   -0.26322811    0.40788847   -0.87426424    0.31913941   -0.81838583   -0.47790656
   -0.99473291   -0.09966560   -0.02394166    0.08861812   -0.71883824   -0.68950592    0.05150984   -0.68799590    0.72388423
   -0.89866993    0.02894969   -0.43766915   -0.09368213   -0.98746335    0.12704245   -0.42850440    0.15517101    0.89011569
   -0.94113666    0.15709230   -0.29930553   -0.31966561   -0.12576860    0.93914650    0.10988944    0.97954289    0.16858244
   -0.89692260    0.37579745   -0.23303676   -0.06695820    0.40550687    0.91163632    0.43708861    0.83327094   -0.33854555
   -0.77389639    0.56476729   -0.28656987    0.58555793    0.81047383    0.01594004    0.24125979   -0.15546732   -0.95792673
   -0.62560581    0.60408464   -0.49365891    0.54169968   -0.11900003   -0.83210603   -0.56140790   -0.78798524   -0.25278535
   -0.72062909    0.65706731    0.22126063   -0.48279861   -0.24653574   -0.84031282   -0.49759343   -0.71237818    0.49489201
   -0.57829973    0.80886514    0.10633250   -0.73205561   -0.57202183    0.36998055    0.36008888    0.13611835    0.92293434
   -0.57756080    0.79935442    0.16569863    0.07730589   -0.14850850    0.98588490    0.81267910    0.58221795    0.02397788
   -0.72856798    0.50024699    0.46791202    0.68478774    0.51603208    0.51456452    0.01595174    0.69531564   -0.71852745
   -0.75232035    0.41679793    0.51018974    0.21781156    0.88823920   -0.40446168   -0.62174931   -0.19315953   -0.75902384
   -0.58429781    0.49745491    0.64119786   -0.51227838    0.38670390   -0.76683177   -0.62941793   -0.77652992    0.02888515
   -0.53046077    0.25734642    0.80770304   -0.53971797   -0.83726580   -0.08769541    0.65369403   -0.48245082    0.58303115
   -0.71603794   -0.07846548    0.69363740    0.30857422   -0.92688686    0.21368833    0.62615623    0.36704757    0.68789858
   -0.64820097   -0.09525077    0.75548844    0.76104051   -0.11432743    0.63855037    0.02555064    0.98886628    0.14659685
   -0.79121967   -0.17268377    0.58664449    0.24486340    0.78958295    0.56267280   -0.56036894    0.58884555   -0.58244962
   -0.53235068   -0.59097124    0.60609879   -0.68369966    0.72234296    0.10380475   -0.49915682   -0.35912901   -0.78858660
   -0.65043045   -0.53889110    0.53529115   -0.45395124   -0.28923591   -0.84277569    0.60898974   -0.79116305   -0.05650244
   -0.76098875   -0.56615205    0.31680906    0.37836884   -0.78398035   -0.49215021    0.52700393   -0.25465010    0.81081452
   -0.55846449   -0.72875111    0.39628176    0.82052323   -0.41509202    0.39298887   -0.12189768    0.54462872    0.82977137
   -0.48515686   -0.66763520    0.56469997    0.02111114    0.63666290    0.77085321   -0.87417226    0.38590618   -0.29478684
   -0.62462962   -0.74013085   -0.24908666   -0.69788170    0.38592127    0.60334559   -0.35042684    0.55070055   -0.75758163
   -0.84285113   -0.52707836   -0.10858349   -0.43234023    0.78335581   -0.44658213    0.32044328   -0.32945724   -0.88812951
   -0.45447743   -0.88399438    0.10956369    0.35455244   -0.29236104   -0.88815404    0.81715533   -0.36479989    0.44629385
   -0.37132542   -0.66992615   -0.64289687    0.90450815   -0.41738429   -0.08749494   -0.20971991   -0.61399456    0.76093905
   -0.54362828   -0.78115870   -0.30701689    0.27737217   -0.51244089    0.81269245   -0.79216979    0.35664466    0.49524904
   -0.30557490   -0.54814406   -0.77856411   -0.91098536   -0.06957017    0.40652880   -0.27700119    0.83348550   -0.47809231
   -0.38321543   -0.13284131   -0.91405641   -0.62649699    0.76454955    0.15154377    0.67871014    0.63072750   -0.37621187
   -0.29425684   -0.46558764   -0.83465026    0.62516301    0.56679701   -0.53657465    0.72289980   -0.67968323    0.12428427
   -0.31454398    0.21788785   -0.92389771    0.87947560   -0.29934893   -0.37001742   -0.35719009   -0.92893224   -0.09746864
   -0.25013361    0.09357110   -0.96367921   -0.03948234   -0.99547696   -0.08641051   -0.96740598    0.01643414    0.25269665
   -0.64904619    0.16630193   -0.74234945   -0.74938188   -0.30782091    0.58623637   -0.13101844    0.93679771    0.32441364
   -0.07942131    0.73970671   -0.66822619   -0.60813787    0.49519381    0.62044454    0.78984846    0.45565017    0.41051472
   -0.34705900    0.56762649   -0.74655892    0.83313950    0.55210875    0.03247299    0.43061424   -0.61071768   -0.66452636
   -0.39009210    0.84643974   -0.36244712    0.84167679    0.16817603   -0.51312475   -0.37337426   -0.50522924   -0.77803282
   -0.50589873    0.77936315   -0.36967494   -0.11991630   -0.48794437   -0.86459839   -0.85421693   -0.39306917    0.34030878
   -0.04803763    0.94183212   -0.33263289   -0.99690122   -0.06597591   -0.04283839   -0.06229233    0.32954428    0.94208292
    0.21063229    0.88553181    0.41408628   -0.46896437   -0.28013195    0.83761477    0.85773332   -0.37062043    0.35627804
    0.07319218    0.99423746    0.07832481    0.88560309   -0.10090912    0.45334812    0.45863937    0.03618316   -0.88788553
    0.03833814    0.96618959    0.25496640    0.86554436    0.09539952   -0.49166238   -0.49936275    0.23953415   -0.83262251
    0.01945917    0.79303620    0.60886364   -0.33889147    0.57816052   -0.74221491   -0.94062421   -0.19189581    0.28000373
   -0.26120244    0.56207398    0.78475864   -0.93833962   -0.33859372   -0.06980730    0.22647748   -0.75460396    0.61585779
   -0.18821782    0.26347736    0.94612564   -0.27355191   -0.93928529    0.20715332    0.94326211   -0.21982453    0.24886496
   -0.04513507    0.43584323    0.89889015    0.75079278   -0.57877278    0.31832731    0.65899395    0.68924796   -0.30110499
   -0.02105608    0.03110055    0.99929445    0.77280600    0.63463286   -0.00346761   -0.63429294    0.77218773   -0.03739758
   -0.09990762   -0.25970618    0.96050568   -0.50312079    0.84601783    0.17641797   -0.85842177   -0.46562488   -0.21518720
    0.12889703   -0.30025456    0.94510992   -0.98339309   -0.16149314    0.08281301    0.12776379   -0.94008891   -0.31608424
    0.05433623   -0.69019972    0.72157600    0.08648104   -0.71667525   -0.69202429    0.99477063    0.10000463    0.02074776
   -0.02732699   -0.69746851    0.71609421    0.96592214   -0.20287448   -0.16073697    0.25738622    0.68729879    0.67924422
    0.00300296   -0.89175417    0.45251020    0.51134686    0.39024618    0.76565809   -0.85936917    0.22909043    0.45716759
    0.21408618   -0.97100633    0.10636643   -0.46091030   -0.00440898    0.88743578   -0.86123679   -0.23901312   -0.44849072
    0.40942079   -0.90000830    0.14953152   -0.79673952   -0.43255897   -0.42201762    0.44450056    0.05364511   -0.89417082
   -0.04294625   -0.99662580    0.06994732   -0.02657146   -0.06884775   -0.99727325    0.99872397   -0.04468775   -0.02352505
    0.10304940   -0.94335527   -0.31537543    0.99459130    0.10186762    0.02027641    0.01299868   -0.31575913    0.94875034
    0.13718159   -0.98068009   -0.13945525    0.49202516   -0.05472750    0.86885910   -0.85970486   -0.18780696    0.47501167
    0.26213177   -0.73836863   -0.62136841   -0.68320098   -0.59673661    0.42088222   -0.68155950    0.31419291   -0.66087780
    0.30155665   -0.76793494   -0.56510133   -0.84556582    0.05845716   -0.53066110    0.44054742    0.63785475   -0.63171139
    0.31458697   -0.77182753   -0.55255526    0.16309958    0.61740384   -0.76955249    0.93511153    0.15196965    0.32011195
    0.12211953   -0.21275491   -0.96944426    0.98924182   -0.05317454    0.13628312   -0.08054465   -0.97565763    0.20397241
    0.30791835   -0.30293883   -0.90189487    0.27712706   -0.87828988    0.38962481   -0.91015762   -0.36991210   -0.18648902
    0.50983565    0.04581349   -0.85905107   -0.77337292   -0.41294593   -0.48100933   -0.37677836    0.90960254   -0.17510365
    0.30845583    0.09036305   -0.94693691   -0.82720495    0.51699066   -0.22011956    0.46966686    0.85120807    0.23421755
    0.12426549    0.43706490   -0.89080433    0.41971667    0.79033835    0.44632187    0.89910845   -0.42934784   -0.08523164
    0.73030709    0.25822004   -0.63243496    0.64522103   -0.56482066    0.51445840   -0.22436886   -0.78377295   -0.57910153
    0.43401425    0.28884992   -0.85334481    0.06953848   -0.95512242   -0.28793325   -0.89821825    0.06562683   -0.43462293
    0.22212330    0.61274687   -0.75842106   -0.86125285   -0.24133052   -0.44721708   -0.45706102    0.75252964    0.47412485
    0.26191161    0.93466169   -0.24043676   -0.79521552    0.35016912    0.49498876    0.54684056    0.06155574    0.83497084
    0.46362416    0.84634120   -0.26221978    0.64576168   -0.12012785    0.75402994    0.60666671   -0.51891798   -0.60222889
    0.57336470    0.81788112    0.04820172    0.81918824   -0.57326617   -0.01722014    0.01354839    0.04935970   -0.99868917
    0.63358799    0.77366004   -0.00404942   -0.02692453    0.01681835   -0.99949598   -0.77320200    0.63337768    0.03148634
    0.36636497    0.80044562    0.47440859   -0.71845608    0.56734434   -0.40241926   -0.59126776   -0.19340941    0.78294012
    0.74618576    0.46274347    0.47861811   -0.34919372   -0.34004499    0.87317418    0.56680734   -0.81868058   -0.09214961
    0.51454955    0.38956092    0.76385931    0.33621318   -0.91116350    0.23820532    0.78879621    0.13425113   -0.59981428
    0.71005862    0.24381512    0.66058379    0.69906447   -0.13162525   -0.70283971   -0.08441345    0.96084805   -0.26390413
    0.37765668    0.50412193    0.77668302    0.08501010    0.81638023   -0.57122378   -0.92203510    0.28175237    0.26545599
    0.80451846    0.21431282    0.55391340   -0.54820112    0.62680487    0.55370678   -0.22852916   -0.74912327    0.62176261
    0.54380966   -0.03214023    0.83859290   -0.49911854   -0.81570842    0.29240461    0.67464934   -0.57756972   -0.45963191
    0.58418771   -0.35729722    0.72874098    0.41506466   -0.64006934   -0.64655438    0.69745684    0.68018375   -0.22561919
    0.92738494    0.12078657    0.35407312    0.16708887    0.71307042   -0.68089051   -0.33472150    0.69060928    0.64110868
    0.74321656   -0.14860877    0.65233778   -0.11362855    0.93281813    0.34196330   -0.65933125   -0.32827698    0.67639968
    0.82378946   -0.44284272    0.35392266   -0.56670534   -0.65948915    0.49388168    0.01469625   -0.60742438   -0.79424155
    0.45037952   -0.57539403    0.68270052   -0.46435453   -0.80404537   -0.37132992    0.76258321   -0.14977569   -0.62931239
    0.76644360   -0.64229203    0.00501514    0.36472225    0.42876746   -0.82652050    0.52871721    0.63531048    0.56288428
    0.84804329   -0.49217393    0.19643677    0.32659693    0.77733718    0.53766287   -0.41732125   -0.39180574    0.81995807
    0.90416520   -0.24529275   -0.34973812    0.12987383   -0.62211063    0.77208235   -0.40696201   -0.74351182   -0.53063367
    0.79247967   -0.52712532   -0.30678145   -0.57857236   -0.80888095   -0.10471690   -0.19295074    0.26048129   -0.94600186
    0.96314301   -0.08949926   -0.25366400   -0.23748811    0.15989675   -0.95814009    0.12631288    0.98306811    0.13274843
    0.96856421    0.04030076   -0.24547753    0.00091534    0.98620603    0.16551990    0.24876200   -0.16054135    0.95516697
    0.93448859   -0.05136869   -0.35226740    0.34612888    0.36243449    0.86535313    0.08322180   -0.93059255    0.35647108
    0.99047117   -0.00173076   -0.13770933    0.04918507   -0.92953255    0.36544504   -0.12863780   -0.36873602   -0.92059006
    0.92803780    0.36887614    0.05173229    0.13930189   -0.21489691   -0.96665107   -0.34545741    0.90429514   -0.25081760
