# Rotation matrices: 20 entries, row-major flattening of 3x3 -> 1x9
# https://github.com/Neurophysics-CFIN/GFO
# Col:  1    2    3    4    5    6    7    8    9
#       R11  R12  R13  R21  R22  R23  R31  R32  R33
# where Rij = R(i,j), i = row index, j = column index

   -0.85086055   -0.52084084   -0.06900101   -0.52310050    0.85206408    0.01877954    0.04901213    0.05207323   -0.99743982
   -0.92987774    0.21701525    0.29703833   -0.02422294    0.76958427   -0.63808565   -0.36707034   -0.60053678   -0.71036254
   -0.84326527    0.30977714   -0.43925143    0.13077542   -0.67441224   -0.72668145   -0.52134583   -0.67022852    0.52819718
    0.52404846    0.61846856   -0.58555089   -0.85107831    0.35425527   -0.38751633   -0.03223217    0.70142700    0.71201211
    0.16200644    0.67701804   -0.71791399   -0.58964294    0.64977565    0.47970075    0.79124909    0.34559830    0.50446675
   -0.09347264    0.80393777   -0.58732182    0.38757553    0.57275410    0.72231430    0.91708673   -0.16011494   -0.36512345
   -0.00435285    0.99892525   -0.04614550    0.96097283   -0.00858592   -0.27650949   -0.27660851   -0.04554818   -0.95990265
    0.49751800    0.86680034   -0.03366010    0.31736407   -0.21799655   -0.92290712   -0.80731399    0.44848040   -0.38354849
    0.21089828    0.89749738    0.38732464   -0.60705925    0.43081919   -0.66773789   -0.76615989   -0.09430423    0.63569311
    0.46117663    0.47112685    0.75190133   -0.86033964    0.44475791    0.24901025   -0.21709865   -0.76172823    0.61044106
   -0.02630273    0.71274629    0.70092860   -0.19140184   -0.69178943    0.69627058    0.98115926   -0.11584521    0.15461690
   -0.58310472    0.70335362    0.40654959    0.78134669    0.34851161    0.51772291    0.22245503    0.61954285   -0.75278179
    0.79763623    0.34740627    0.49303685    0.16358550    0.66220065   -0.73125241   -0.58053099    0.66392709    0.47136460
   -0.32640890    0.21869296    0.91958177   -0.79988436    0.45444784   -0.39199767   -0.50362908   -0.86351060    0.02659326
   -0.04590885   -0.04676827    0.99785024   -0.84959779   -0.52357914   -0.06362773    0.52542933   -0.85069243   -0.01569730
   -0.50203345   -0.24535862    0.82931391   -0.20231700   -0.89898675   -0.38844646    0.84085091   -0.36279742    0.40168120
    0.60345051   -0.42580056    0.67419683    0.77133067    0.09727345   -0.62895697    0.20222878    0.89957310    0.38713275
    0.80733424   -0.44877849    0.38315701    0.48834352    0.87262425   -0.00689391   -0.33125825    0.19267794    0.92365750
    0.97509481   -0.00241686   -0.22177527    0.22164289    0.04683884    0.97400234    0.00803367   -0.99889954    0.04620799
    0.52470492   -0.65620104   -0.54229600   -0.63879734   -0.72457900    0.25869523   -0.56269237    0.21067858   -0.79936965
