# Rotation matrices: 23 entries, row-major flattening of 3x3 -> 1x9
# https://github.com/Neurophysics-CFIN/GFO
# Col:  1    2    3    4    5    6    7    8    9
#       R11  R12  R13  R21  R22  R23  R31  R32  R33
# where Rij = R(i,j), i = row index, j = column index

   -0.73654724   -0.66888051    0.10048399   -0.67256481    0.74002830   -0.00383390   -0.07179657   -0.07040584   -0.99493129
   -0.97957841   -0.19598799    0.04488713   -0.15730495    0.60800487   -0.77819357    0.12522500   -0.76936258   -0.62641833
   -0.94057110    0.05605516   -0.33493855    0.07778403   -0.92450194   -0.37315655   -0.33056869   -0.37703313    0.86519961
    0.59168722   -0.17631943   -0.78664967    0.61190875   -0.53706195    0.58063082   -0.52485610   -0.82490965   -0.20988129
   -0.70761991    0.47802568   -0.52035134   -0.70548186   -0.43667910    0.55821744    0.03961572    0.76210420    0.64624127
   -0.37629185    0.70577093   -0.60024314    0.11602591    0.67865641    0.72523338    0.91920750    0.20325566   -0.33726059
    0.22659276    0.80935737   -0.54184534    0.90477947    0.03105018    0.42474698    0.36059649   -0.58649513   -0.72525419
    0.14286220    0.91326856   -0.38148516    0.39933136   -0.40586065   -0.82207761   -0.90560745   -0.03489517   -0.42267893
   -0.00784934    0.94523234    0.32630387   -0.55687427    0.26689959   -0.78654667   -0.83055971   -0.18788410    0.52428058
   -0.07617820    0.99305142    0.08969815   -0.95885936   -0.09763292    0.26656433    0.27346958   -0.06570152    0.95963415
    0.54694815    0.83468959    0.06435076    0.07023602   -0.12234805    0.98999892    0.83421498   -0.53695833   -0.12554332
   -0.67434507    0.64725127    0.35542160    0.73399139    0.53493298    0.41845352    0.08071783    0.54305846   -0.83580628
   -0.03522132    0.67989304    0.73246496    0.32882648    0.69999428   -0.63394097   -0.94373333    0.21852564   -0.24822156
    0.26072725    0.44927360    0.85450250   -0.90150348    0.42998989    0.04899157   -0.34541682   -0.78311042    0.51713180
   -0.47636552    0.28097422    0.83314427   -0.60902577   -0.78888208   -0.08217466    0.63416362   -0.54655151    0.54691677
    0.06816537    0.07690846    0.99470527    0.28013547   -0.95838914    0.05490340    0.95753726    0.27490972   -0.08687374
    0.05900404   -0.10715947    0.99248948    0.96133326    0.27400438   -0.02756743   -0.26899235    0.95573974    0.11918333
    0.21888840   -0.21124493    0.95260876    0.50269673    0.86116322    0.07545792   -0.83629173    0.46235645    0.29469078
    0.18293875   -0.51894129    0.83500500   -0.80594536    0.40723687    0.42966290   -0.56301464   -0.75157040   -0.34373892
   -0.72001680   -0.66048381   -0.21292474   -0.57301875    0.39278801    0.71928235   -0.39144006    0.63990524   -0.66128357
    0.84137080   -0.54039543   -0.00824336   -0.05091400   -0.06406762   -0.99664593    0.53805477    0.83896849   -0.08141832
    0.89501568   -0.31846661   -0.31229144    0.22755571    0.92819959   -0.29438735    0.38362133    0.19241760    0.90322209
    0.91754007    0.18098152   -0.35407048    0.31881570    0.19733374    0.92704689    0.23764841   -0.96348590    0.12336187
