# Rotation matrices: 65 entries, row-major flattening of 3x3 -> 1x9
# https://github.com/Neurophysics-CFIN/GFO
# Col:  1    2    3    4    5    6    7    8    9
#       R11  R12  R13  R21  R22  R23  R31  R32  R33
# where Rij = R(i,j), i = row index, j = column index

   -0.90485500   -0.34370853   -0.25120086   -0.36355601    0.93088102    0.03588258    0.22150497    0.12379412   -0.96726965
   -0.86953221   -0.35582964   -0.34248943    0.11462784    0.52912929   -0.84076314    0.48038963   -0.77032945   -0.41930698
   -0.83482554   -0.33367792   -0.43786454    0.50377852   -0.14233978   -0.85202499    0.22197639   -0.93187898    0.28692866
   -0.93252073    0.17887997   -0.31369896   -0.23548796   -0.95980326    0.15271912   -0.27377090    0.21628607    0.93716051
   -0.89690230    0.22670446   -0.37969903   -0.41955218   -0.16479742    0.89264650    0.13979352    0.95992026    0.24292153
   -0.90956961    0.28795982   -0.29960351   -0.17389001    0.39106884    0.90378505    0.37741938    0.87415348   -0.30563100
   -0.84407442    0.42260542   -0.33006519    0.53439975    0.61219999   -0.58277618   -0.04421846   -0.66829322   -0.74258259
   -0.88722724    0.29529838    0.35443856   -0.10077032    0.62568903   -0.77353641   -0.45019237   -0.72201947   -0.52537104
   -0.68260645    0.66484428   -0.30336533   -0.45268143   -0.71056992   -0.53867422   -0.57369675   -0.23037464    0.78600227
   -0.26573219    0.96392007   -0.01563623   -0.61643108   -0.15742180    0.77151222    0.74121463    0.21465429    0.63602233
   -0.48057358    0.77587169    0.40874461    0.13940155   -0.39258212    0.90909102    0.86580381    0.49386476    0.08050688
   -0.41524372    0.85501336    0.31068442    0.90015533    0.33680940    0.27618800    0.13150300    0.39434957   -0.90950282
   -0.17771876    0.39863777    0.89972439    0.51025973    0.81909998   -0.26212634   -0.84145769    0.41250836   -0.34897824
   -0.30001688    0.15370024    0.94147018   -0.78853419    0.51545975   -0.33543267   -0.53684607   -0.84301689   -0.03344873
   -0.79065351    0.43260755    0.43326406   -0.56196695   -0.79364089   -0.23308212    0.24302299   -0.42776728    0.87060610
   -0.34935039    0.22353129    0.90993850    0.25720220   -0.91094677    0.32252597    0.90100018    0.34671276    0.26074687
   -0.49775647    0.08093224    0.86353255    0.86670726    0.00909260    0.49873426    0.03251192    0.99667813   -0.07467046
   -0.41221378   -0.44278424    0.79625494    0.14096797    0.83244002    0.53588398   -0.90011546    0.33314520   -0.28072485
   -0.58709915   -0.26191232    0.76597423   -0.60228564    0.77355766   -0.19713079   -0.54089425   -0.57707060   -0.61190108
   -0.55361985   -0.55881265    0.61744108   -0.60658137   -0.23740703   -0.75874696    0.57058225   -0.79458563   -0.20753210
   -0.62288772   -0.58207070    0.52268976    0.41381084   -0.81215906   -0.41128853    0.66390623   -0.03989188    0.74675107
   -0.50901148   -0.81912102    0.26447697    0.84274965   -0.41172823    0.34677499   -0.17515805    0.39940032    0.89988835
   -0.80279282   -0.58681122    0.10571792    0.09524458    0.04882152    0.99425597   -0.58860187    0.80825061    0.01669702
   -0.60807531   -0.79295561   -0.03828595   -0.77773926    0.58534446    0.22911460   -0.15926723    0.16909542   -0.97264623
   -0.40300671   -0.86343867   -0.30341268   -0.24853153    0.42232024   -0.87170963    0.88080512   -0.27589722   -0.38478963
   -0.11102537   -0.81686272   -0.56604652    0.62605926    0.38485740   -0.67818477    0.77183105   -0.42967438    0.46867554
    0.00412599   -0.74351071   -0.66871130    0.83319264   -0.36722583    0.41344311   -0.55296744   -0.55887120    0.61797248
   -0.00225403   -0.71847149   -0.69555275   -0.05269689   -0.69450274    0.71755765   -0.99860801    0.03827087   -0.03629579
    0.15441675   -0.55606620   -0.81666753   -0.97090298   -0.23853640   -0.02116118   -0.18303792    0.79617257   -0.57672034
   -0.25872929   -0.28794386   -0.92203443   -0.53101330    0.83976216   -0.11324486    0.80689778    0.46031278   -0.37017309
    0.49237757   -0.11650172   -0.86254952    0.69523090    0.64887148    0.30922451    0.52365860   -0.75192629    0.40048536
   -0.41026073   -0.16021422   -0.89778479    0.90076625   -0.22501454   -0.37146819   -0.14250015   -0.96109306    0.23663019
   -0.10706380    0.07003315   -0.99178259   -0.01257124   -0.99753177   -0.06908204   -0.99417267    0.00507175    0.10767995
    0.35377352    0.58994889   -0.72581307   -0.93254925    0.16266988   -0.32232035   -0.07208461    0.79088484    0.60770469
   -0.00081659    0.69029897   -0.72352379   -0.26491128    0.69752519    0.66579323    0.96427244    0.19221330    0.18229839
    0.05371068    0.33668892   -0.94008283    0.66346242    0.69156148    0.28558771    0.74627929   -0.63904874   -0.18623621
    0.12623027    0.76424774   -0.63244867    0.83073428   -0.42988539   -0.35366526   -0.54216832   -0.48075352   -0.68915134
    0.15822391    0.91643000   -0.36758843   -0.36571150   -0.29141184   -0.88393113   -0.91718062    0.27429036    0.28904067
    0.03530324    0.99936946    0.00379032   -0.97236958    0.03347321    0.23103453    0.23076198   -0.01184186    0.97293817
    0.08428924    0.98401608   -0.15686837   -0.23351526    0.17255141    0.95692039    0.96869291   -0.04402693    0.24432699
    0.06452068    0.99663566   -0.05054152    0.80982610   -0.02269790    0.58623076    0.58311129   -0.07875385   -0.80856605
    0.54054931    0.81674360    0.20183245    0.49954452   -0.11855426   -0.85813761   -0.67695031    0.56468998   -0.47208421
    0.56501835    0.73106826    0.38248328   -0.58830355    0.68199699   -0.43448711   -0.57849218    0.02047692    0.81543087
    0.30212681    0.75332607    0.58413973   -0.93818462    0.12640482    0.32222887    0.16890533   -0.64538489    0.74494921
    0.57316193    0.26282695    0.77614908   -0.06746932   -0.92881549    0.36434829    0.81665984   -0.26119682   -0.51462893
    0.71995407    0.28551435    0.63257228    0.59431788   -0.72432300   -0.34948885    0.35840257    0.62756493   -0.69116557
    0.59796821    0.12347747    0.79195160    0.58547089    0.60752346   -0.53678589   -0.54741014    0.78464550    0.29098725
    0.22965985   -0.31791390    0.91988429   -0.72803230    0.57115008    0.37915240   -0.64592981   -0.75678156   -0.10028134
    0.14626324   -0.05032024    0.98796505   -0.93816448   -0.32383089    0.12239677    0.31377457   -0.94477586   -0.09457322
    0.57163849   -0.40447568    0.71388294    0.11774938   -0.82060684   -0.55923116    0.81201263    0.40373733   -0.42146370
    0.34711822   -0.55730892    0.75426501    0.92777047    0.08663321   -0.36295542    0.13693389    0.82577325    0.54712672
    0.46106337   -0.50141049    0.73212573    0.55330004    0.80747226    0.20456689   -0.69374321    0.31076689    0.64972633
    0.55542770   -0.71490555    0.42474713   -0.49070504    0.13059283    0.86148365   -0.67134837   -0.68691744   -0.27827288
    0.28260214   -0.82046025    0.49697184   -0.92381511   -0.37228252   -0.08928250    0.25826667   -0.43387867   -0.86316141
    0.42393225   -0.89271929    0.15275379   -0.17047834   -0.24429806   -0.95459708    0.88950468    0.37864328   -0.25575513
    0.59421869   -0.80385779   -0.02677325    0.77909088    0.58354186   -0.22912072    0.19980379    0.11528902    0.97302975
    0.51920626   -0.80071714   -0.29879244    0.63179379    0.12415971    0.76512808   -0.57555319   -0.58603449    0.57035261
    0.83002313   -0.02448682   -0.55719116   -0.04140981   -0.99898396   -0.01778412   -0.55618956    0.03783441   -0.83019379
    0.88767465   -0.28188074   -0.36411121   -0.35066847    0.09866821   -0.93128739    0.29843818    0.95436253   -0.01126141
    0.66482281   -0.61750785   -0.42035067    0.37748752    0.76330222   -0.52428321    0.64460360    0.18987830    0.74056224
    0.91134857   -0.00998997   -0.41151425    0.36827959    0.46637595    0.80427832    0.18388563   -0.88453020    0.42871016
    0.95171989    0.26528553   -0.15444364    0.30548795   -0.86786756    0.39176908   -0.03010596   -0.42003510   -0.90700835
    0.87554294    0.45203863   -0.17054510    0.20260598   -0.66398058   -0.71977816   -0.43860617    0.59564323   -0.67292924
    0.89943270    0.33501385   -0.28068941   -0.41234370    0.43753837   -0.79908250   -0.14489132    0.83446144    0.53167717
    0.98500008   -0.13585776    0.10638378    0.05571761    0.83391669    0.54907057   -0.16331071   -0.53490711    0.82897768
