# Rotation matrices: 9 entries, row-major flattening of 3x3 -> 1x9
# https://github.com/Neurophysics-CFIN/GFO
# Col:  1    2    3    4    5    6    7    8    9
#       R11  R12  R13  R21  R22  R23  R31  R32  R33
# where Rij = R(i,j), i = row index, j = column index

   -0.81383272    0.31337232    0.48936091    0.51889141    0.77098965    0.36922440   -0.26158749    0.55441207   -0.79006281
   -0.85319854   -0.35950933   -0.37789586    0.12323744    0.56505163   -0.81579972    0.50681829   -0.74261005   -0.43779622
   -0.06860567    0.10353829   -0.99225656    0.71987209   -0.68346288   -0.12108953   -0.69070793   -0.72260523   -0.02764489
   -0.06365405   -0.09723942   -0.99322337   -0.68122911   -0.72306863    0.11444935   -0.72929765    0.68389784   -0.02021608
   -0.05323191    0.90556691   -0.42085025   -0.67085943    0.27974483    0.68679725    0.73967154    0.31889088    0.59261675
    0.20675784    0.97778430   -0.03448265    0.30076021   -0.02998073    0.95322844    0.93101799   -0.20745846   -0.30027736
   -0.26313620    0.96475407   -0.00298646    0.94978480    0.25959413    0.17469893    0.16931678    0.04313312   -0.98461737
    0.89006332    0.16759074    0.42391110    0.38261588   -0.78016289   -0.49492520    0.24777483    0.60270989   -0.75851725
    0.83396465   -0.11965631   -0.53868852   -0.37902948    0.58527184   -0.71679392    0.40104814    0.80195962    0.44274276
