# Rotation matrices: 64 entries, row-major flattening of 3x3 -> 1x9
# https://github.com/Neurophysics-CFIN/GFO
# Col:  1    2    3    4    5    6    7    8    9
#       R11  R12  R13  R21  R22  R23  R31  R32  R33
# where Rij = R(i,j), i = row index, j = column index

   -0.86623187   -0.41741079   -0.27460986   -0.42801283    0.90347566   -0.02316789    0.25777385    0.09746778   -0.96127658
   -0.70897441   -0.47350336   -0.52263740    0.35007571    0.40703965   -0.84366209    0.61221098   -0.78109749   -0.12281867
   -0.97972392   -0.04309004   -0.19566369    0.19177311    0.08103208   -0.97808838    0.05800090   -0.99577962   -0.07112555
   -0.93257151    0.18222045   -0.31161851   -0.11516037   -0.96831594   -0.22159047   -0.34212348   -0.17076285    0.92400843
   -0.72409795    0.45071962   -0.52204787   -0.61098702   -0.06804607    0.78871072    0.31996409    0.89006829    0.32465586
   -0.92643409    0.10203193   -0.36236634   -0.22652952    0.61770360    0.75307811    0.30067301    0.77976391   -0.54914842
   -0.67657945    0.39844574   -0.61925862    0.70067347    0.60700495   -0.37496891    0.22648828   -0.68759434   -0.68986743
   -0.88935700    0.45091760    0.07561378    0.15827630    0.45878870   -0.87433491   -0.42894375   -0.76562801   -0.47939651
   -0.76266876    0.64634484   -0.02397320   -0.50453114   -0.61770665   -0.60323032   -0.40470321   -0.44796969    0.79720667
   -0.43795872    0.88902033   -0.13354778   -0.79456696   -0.31329869    0.52010314    0.42054192    0.33389636    0.84359807
   -0.49880839    0.73952739    0.45198388    0.12675576   -0.45364003    0.88212454    0.85739324    0.49730269    0.13254010
   -0.15257064    0.85647329    0.49312849    0.98335642    0.08175241    0.16225501    0.09865264    0.50967642   -0.85469152
   -0.31641581    0.12088811    0.94088634    0.24650076    0.96825334   -0.04150722   -0.91603407    0.21879566   -0.33616967
   -0.48103526    0.18980959    0.85590736   -0.68580090    0.52671854   -0.50223969   -0.54615218   -0.82857703   -0.12319860
   -0.65075194    0.30735838    0.69430018   -0.65375241   -0.69187268   -0.30646368    0.38617315   -0.65333225    0.65117377
   -0.57493147    0.25668654    0.77689499    0.15642271   -0.89751936    0.41229958    0.80311005    0.35856802    0.47586052
   -0.57927530    0.14591554    0.80196557    0.81398469    0.15572994    0.55962229   -0.04323247    0.97696307   -0.20898352
   -0.24178333   -0.49405057    0.83513763    0.36107337    0.75305675    0.55002868   -0.90064801    0.43453373   -0.00368806
   -0.32902696   -0.50933863    0.79518263   -0.76790562    0.63440398    0.08861462   -0.54960187   -0.58146861   -0.59986001
   -0.56236708   -0.59882147    0.57022462   -0.52452628   -0.27476211   -0.80583991    0.63923036   -0.75227564   -0.15958043
   -0.65391542   -0.52061064    0.54896192    0.09095541   -0.77442894   -0.62608860    0.75108038   -0.35947793    0.55376337
   -0.60545838   -0.73451995    0.30643204    0.72325847   -0.34711544    0.59699921   -0.33214054    0.58308774    0.74141173
   -0.66052677   -0.75005293    0.03354084    0.07549911   -0.02190798    0.99690517   -0.74699684    0.66101485    0.07109914
   -0.71524642   -0.60052084    0.35748745   -0.60091186    0.78961558    0.12414579   -0.35682980   -0.12602362   -0.92562981
   -0.05310553   -0.95114912   -0.30413017   -0.47599532    0.29184472   -0.82961142    0.87784296    0.10070759   -0.46824109
    0.31580661   -0.82644396   -0.46610789    0.47153223    0.56299277   -0.67874627    0.82336113   -0.00543234    0.56749180
    0.05246292   -0.71586657   -0.69626338    0.82790908   -0.35868965    0.43117083   -0.55840325   -0.59906326    0.57385453
   -0.18904756   -0.77068244   -0.60853068   -0.11838700   -0.59729732    0.79323416   -0.97480539    0.22200110    0.02167882
    0.01375986   -0.80891103   -0.58777004   -0.87573042   -0.29346322    0.38337393   -0.48260429    0.50945293   -0.71242601
   -0.02498495   -0.21541681   -0.97620251   -0.47876672    0.85981576   -0.17748039    0.87758656    0.46293894   -0.12461685
    0.17484575   -0.04227093   -0.98368803    0.85803456    0.49655838    0.13117341    0.48291371   -0.86697344    0.12309104
   -0.14567553   -0.27164830   -0.95130744    0.95176478   -0.30094267   -0.05981061   -0.27004155   -0.91413386    0.30238527
   -0.28679099   -0.04396699   -0.95698372   -0.18190097   -0.97827410    0.09945763   -0.94056524    0.20259982    0.27256256
    0.34231302    0.42908681   -0.83588654   -0.93922937    0.18077477   -0.29183671    0.02588391    0.88498870    0.46489249
    0.08914641    0.51491525   -0.85259322   -0.31579912    0.82644816    0.46610552    0.94462894    0.22769655    0.23628466
   -0.09877421    0.53470337   -0.83924726    0.89683338    0.41328180    0.15775942    0.43120012   -0.73708239   -0.52036142
    0.09494979    0.97052640   -0.22150178    0.68270298   -0.22542242   -0.69505494   -0.72450064   -0.08522460   -0.68398508
   -0.10526103    0.94940911   -0.29587576   -0.42701329   -0.31185461   -0.84876755   -0.89809786    0.03700073    0.43823644
    0.18837810    0.97027443   -0.15192503   -0.97088955    0.20728991    0.12001820    0.14794312    0.12489362    0.98107819
    0.05020217    0.99466096   -0.09016274   -0.13214755    0.09609819    0.98656077    0.98995796   -0.03761271    0.13626635
    0.19478196    0.98062441   -0.02087467    0.86860522   -0.16256750    0.46807775    0.45561493   -0.10930495   -0.88344070
    0.52516947    0.84132553    0.12793893    0.57081748   -0.23675746   -0.78620183   -0.63116117    0.48591898   -0.60458111
    0.44631320    0.59158082    0.67144371   -0.41731734    0.80132894   -0.42862357   -0.79161276   -0.08890475    0.60452062
    0.55745829    0.71282888    0.42557636   -0.82452300    0.53523917    0.18352346   -0.09696431   -0.45320417    0.88611732
    0.78875874    0.05685894    0.61206758   -0.24133255   -0.88712261    0.39341082    0.56534791   -0.45801805   -0.68600379
    0.74197022    0.45417848    0.49315524    0.64925392   -0.30333665   -0.69746414   -0.16718114    0.83768060   -0.51994392
    0.17724078    0.42174752    0.88922142    0.64231828    0.63499331   -0.42919777   -0.74566275    0.64723452   -0.15834944
    0.54248531   -0.08932799    0.83530246   -0.60497393    0.64834174    0.46223320   -0.58285182   -0.75609093    0.29767476
    0.42586952    0.09720281    0.89954809   -0.88489487   -0.16257124    0.43649933    0.18866961   -0.98189725    0.01678013
    0.52062201   -0.28344535    0.80536418    0.06474065   -0.92746259   -0.36826864    0.85132918    0.24386856   -0.46450700
    0.23160920   -0.52607090    0.81829493    0.91179048   -0.17582842   -0.37110981    0.33910958    0.83206597    0.43894295
    0.34913026   -0.69731517    0.62598692    0.51878775    0.70013964    0.49057492   -0.78036359    0.15347980    0.60619850
    0.34942748   -0.79347648    0.49829259   -0.36728804    0.37325449    0.85192757   -0.86197444   -0.48070381   -0.16100905
    0.35778008   -0.87990997    0.31265293   -0.91096617   -0.40248251   -0.09026885    0.20526579   -0.25251985   -0.94556844
    0.75964340   -0.64007155    0.11510999   -0.05800205   -0.24297521   -0.96829686    0.64774815    0.72888371   -0.22169998
    0.69443882   -0.69617775   -0.18191005    0.71591094    0.69388064    0.07746731    0.07229284   -0.18402770    0.98025892
    0.60120490   -0.68427717   -0.41269532    0.60576753    0.05344994    0.79384432   -0.52115100   -0.72726052    0.44664726
    0.83044197   -0.21690047   -0.51314747   -0.19161018   -0.97610439    0.10249757   -0.52311727    0.01320599   -0.85215839
    0.89971401   -0.00601086   -0.43643851   -0.42661698    0.19925196   -0.88221121    0.09226408    0.97992986    0.17670545
    0.95496445   -0.29619495    0.01764811    0.27984724    0.87929504   -0.38539039    0.09863279    0.37297290    0.92258484
    0.95816409    0.12753929   -0.25623292    0.18412865    0.41072564    0.89297317    0.21913059   -0.90279465    0.37005892
    0.89560140    0.17346079   -0.40964556    0.38878486   -0.75273923    0.53125322   -0.21620468   -0.63505512   -0.74159324
    0.96688675    0.17762465   -0.18324709    0.05552800   -0.84725706   -0.52827276   -0.24909165    0.50060459   -0.82906477
    0.86297738    0.48034925    0.15663537   -0.24194149    0.66505007   -0.70652156   -0.44354747    0.57181553    0.69013958
