# Rotation matrices: 77 entries, row-major flattening of 3x3 -> 1x9
# https://github.com/Neurophysics-CFIN/GFO
# Col:  1    2    3    4    5    6    7    8    9
#       R11  R12  R13  R21  R22  R23  R31  R32  R33
# where Rij = R(i,j), i = row index, j = column index

   -0.98767797   -0.05016403    0.14824237   -0.00871887    0.96340243    0.26791741   -0.15625687    0.26332361   -0.95196873
   -0.95338225   -0.12518922   -0.27457228    0.12688434    0.65924043   -0.74114939    0.27379306   -0.74143760   -0.61262358
   -0.69931888   -0.07293042   -0.71107964    0.51061488   -0.74711818   -0.42554303   -0.50022549   -0.66067812    0.55971321
   -0.55958576    0.26323379   -0.78585733   -0.39683658   -0.91755494   -0.02477214   -0.72758814    0.29799480    0.61791148
   -0.75761193    0.42662583   -0.49397831   -0.64153721   -0.34732021    0.68395810    0.12022554    0.83508028    0.53683028
   -0.74064091    0.51740630   -0.42865111   -0.22198586    0.41371164    0.88292976    0.63417137    0.74908838   -0.19155488
   -0.74042317    0.51862167   -0.42755713    0.63479231    0.74865440   -0.19119444    0.22093495   -0.41297477   -0.88353811
   -0.95295840    0.29691559   -0.06092147    0.12457888    0.20045443   -0.97175003   -0.27631576   -0.93362688   -0.22801414
   -0.92438952    0.35654782   -0.13556427   -0.18587832   -0.73138491   -0.65614431   -0.33309649   -0.58133447    0.74235906
   -0.85386351    0.51956113    0.03119839   -0.41788778   -0.72003667    0.55400089    0.31030131    0.46000372    0.83193129
   -0.67716579    0.54738871    0.49174393    0.31094021   -0.39281725    0.86545410    0.66690530    0.73895887    0.09579724
   -0.80243093    0.52838136    0.27734046    0.57799234    0.80377080    0.14098707   -0.14842322    0.27343305   -0.95037094
   -0.73420499    0.27243996    0.62186775    0.07582094    0.94312840   -0.32366649   -0.67468083   -0.19048696   -0.71310624
   -0.87168452    0.01002651    0.48996487   -0.47577278    0.22239973   -0.85098685   -0.11750048   -0.97490401   -0.18909207
   -0.42591853    0.51860035    0.74138187   -0.76383480   -0.64528947    0.01256565    0.48492246   -0.56094133    0.67096574
   -0.44689888   -0.12279877    0.88611616    0.35577150   -0.93322914    0.05010008    0.82079719    0.33764454    0.46074736
   -0.33114885    0.07480832    0.94060839    0.94071604    0.10376309    0.32293428   -0.07344226    0.99178472   -0.10473442
   -0.43238738   -0.01472049    0.90156778    0.21470767    0.96942606    0.11880118   -0.87575211    0.24494165   -0.41600700
   -0.32455301   -0.59844900    0.73247808   -0.81689955    0.56771213    0.10187275   -0.47680234   -0.56529791   -0.67312540
   -0.57264788   -0.56593030    0.59312503   -0.63643047   -0.14915582   -0.75677526    0.51675010   -0.81084859   -0.27476152
   -0.27749033   -0.82497802    0.49235189    0.44280232   -0.56462307   -0.69651051    0.85259910    0.02473963    0.52197963
   -0.63491318   -0.74831744    0.19211005    0.77233276   -0.62110626    0.13315076    0.01968172    0.23291206    0.97229862
   -0.48181978   -0.71963583    0.49997397    0.11761967    0.51229406    0.85071759   -0.86834055    0.46869934   -0.16219009
   -0.38922084   -0.91921409   -0.05960369   -0.83092003    0.32243262    0.45344141   -0.39759156    0.22601474   -0.88929089
   -0.30898665   -0.79619589   -0.52019165   -0.32599124    0.60248576   -0.72851947    0.89345227   -0.05552487   -0.44571294
   -0.73021389   -0.68245023    0.03239381    0.35014816   -0.41452572   -0.83997899    0.58667192   -0.60202169    0.54165113
   -0.40942411   -0.79776287   -0.44265822    0.81836795   -0.53560115    0.20833939   -0.40329368   -0.27695813    0.87215159
   -0.45426954   -0.72741433   -0.51430301   -0.22123102   -0.46711112    0.85607478   -0.86295772    0.50266848    0.05126774
   -0.16292830   -0.36483710   -0.91670511   -0.95700610   -0.16755850    0.23677727   -0.23998687    0.91587010   -0.32185131
   -0.38384169   -0.42272097   -0.82095831   -0.51214440    0.83724408   -0.19165194    0.76835778    0.34688519   -0.53786336
   -0.10317534   -0.39613364   -0.91237766    0.59074624    0.71356671   -0.37661841    0.80023354   -0.57784141    0.16039197
   -0.61024492    0.05594463   -0.79023499    0.76628034   -0.21144823   -0.60671582   -0.20103628   -0.97578678    0.08616594
    0.01749243    0.55086775   -0.83440921   -0.36516297   -0.77336871   -0.51822471   -0.93077925    0.31376036    0.18762841
    0.20001174    0.49671722   -0.84455154   -0.97240915   -0.00499323   -0.23322847   -0.12006563    0.86789808    0.48201366
   -0.25337313    0.62634764   -0.73721821   -0.60681695    0.49059604    0.62537086    0.75337590    0.60580868    0.25577451
   -0.06984637    0.80795745   -0.58508652    0.80085200    0.39511694    0.45002074    0.59477521   -0.43713540   -0.67465183
   -0.21433739    0.92683555   -0.30827804    0.85683196    0.02688779   -0.51489419   -0.46893333   -0.37450356   -0.79990538
    0.22060623    0.96947507   -0.10700922   -0.40636594   -0.00838028   -0.91367199   -0.88667898    0.24504663    0.39211290
    0.06013985    0.93263890   -0.35576379   -0.99817188    0.05833438   -0.01581105    0.00600726    0.35606429    0.93444215
    0.10844380    0.99124911    0.07526717   -0.33328222   -0.03507938    0.94217429    0.93656975   -0.12725817    0.32656156
    0.04209876    0.99859763    0.03210077    0.83900937   -0.05277947    0.54155111    0.54248592    0.00413421   -0.84005472
    0.14300294    0.86444513    0.48195931    0.72469518    0.24019966   -0.64584907   -0.67406754    0.44163190   -0.59210996
   -0.28302757    0.90583043    0.31522471   -0.17922502    0.27292388   -0.94519360   -0.94221748   -0.32401201    0.08510249
    0.02081725    0.86987815    0.49282720   -0.99636847   -0.02265599    0.08207665    0.08256217   -0.49274610    0.86624752
    0.31715732    0.21091152    0.92462293   -0.06595819   -0.96769077    0.24336002    0.94607650   -0.13816986   -0.29299887
    0.05899983    0.46426970    0.88372658    0.94041931   -0.32280728    0.10680346    0.33485898    0.82477216   -0.45565376
    0.15493357   -0.26593707    0.95145839    0.80541006    0.59172823    0.03423946   -0.57211033    0.76100931    0.30586696
    0.13526739   -0.06683864    0.98855214   -0.67969545    0.71968402    0.14166509   -0.72091388   -0.69107706    0.05191986
    0.59469468    0.03720143    0.80309047   -0.68090321   -0.50780362    0.52773697    0.42744481   -0.86066924   -0.27665754
    0.16208372   -0.35007181    0.92259341    0.11767910   -0.92142667   -0.37030328    0.97973491    0.16859010   -0.10815213
    0.26785732   -0.49324615    0.82762352    0.94605159   -0.02789806   -0.32281278    0.18231525    0.86944231    0.45916360
    0.59039907   -0.63321649    0.50046560    0.27934608    0.74206155    0.60935246   -0.75722830   -0.21995802    0.61499900
    0.49418120   -0.85998011    0.12735444   -0.41219213   -0.10280043    0.90527881   -0.76542968   -0.49986627   -0.40527907
    0.51758858   -0.83551814    0.18442208   -0.78311467   -0.54942611   -0.29131145    0.34472231    0.00635584   -0.93868319
    0.23595640   -0.88312296    0.40548540   -0.00008106   -0.41728540   -0.90877549    0.97176364    0.21439853   -0.09853275
    0.38815378   -0.89590571   -0.21607778    0.87058848    0.43336929   -0.23295227    0.30234475   -0.09769352    0.94817911
    0.52378003   -0.84882073   -0.07181821    0.51994981    0.25178224    0.81624622   -0.67476416   -0.46487534    0.57322269
    0.49117672   -0.75963057   -0.42627083   -0.39601575   -0.63061148    0.66745838   -0.77583307   -0.15903006   -0.61056734
    0.32720985   -0.78903368   -0.51996111   -0.85392046   -0.01126053   -0.52028170    0.40466475    0.61424673   -0.67745656
    0.14927368   -0.57443101   -0.80482692    0.06050772    0.81772768   -0.57241615    0.98694285    0.03674843    0.15682273
    0.73913825   -0.37236449   -0.56126583    0.66388129    0.26204277    0.70042503   -0.11373775   -0.89032481    0.44089166
    0.21230736   -0.45833222   -0.86305107    0.55595599   -0.66966943    0.49239800   -0.80364079   -0.58435814    0.11263680
    0.45332162    0.09772230   -0.88597396   -0.64400995   -0.65128101   -0.40135301   -0.61623915    0.75251804   -0.23230563
    0.50597302    0.00975012   -0.86249420   -0.74063243    0.51743196   -0.42863477    0.44210282    0.85566880    0.26902787
    0.90479110    0.31703210   -0.28433030    0.17214195    0.33841030    0.92511924    0.38951280   -0.88598483    0.25161610
    0.82146658    0.27366815   -0.50029832    0.54750947   -0.62381631    0.55775138   -0.15945546   -0.73209218   -0.66228015
    0.85922551    0.02625200   -0.51092304   -0.29598470   -0.78906366   -0.53830437   -0.41728237    0.61375025   -0.67021344
    0.62043562    0.76887312   -0.15457609   -0.66003608    0.40546844   -0.63241420   -0.42357055    0.49439809    0.75905106
    0.73237429    0.45244898   -0.50883967   -0.35596675    0.89146261    0.28032495    0.58044428   -0.02417279    0.81394110
    0.84403557    0.53615155    0.01206077    0.16010240   -0.27337725    0.94848938    0.51183119   -0.79862782   -0.31657927
    0.83277458    0.51467326    0.20395570    0.55360396   -0.77620176   -0.30171757    0.00302481    0.36417341   -0.93132625
    0.80259427    0.39354265    0.44829300    0.43603263    0.12581444   -0.89109274   -0.40708473    0.91065631   -0.07061949
    0.89469679   -0.03455259    0.44533557   -0.02634913    0.99118476    0.12984026   -0.44589615   -0.12790187    0.88589939
    0.65799405    0.51791627    0.54663202   -0.73737466    0.29593285    0.60720866    0.15271687   -0.80261228    0.57662039
    0.80338264    0.39360019    0.44682797    0.19252710   -0.88177879    0.43058041    0.56347995   -0.25989433   -0.78418447
    0.99006587   -0.13189638    0.04871259    0.00054732   -0.34283371   -0.93939595    0.14060324    0.93009053   -0.33935577
    0.98280724    0.12223295   -0.13838003   -0.16170787    0.93157033   -0.32561833    0.08910944    0.34239719    0.93532009
