# Rotation matrices: 37 entries, row-major flattening of 3x3 -> 1x9
# https://github.com/Neurophysics-CFIN/GFO
# Col:  1    2    3    4    5    6    7    8    9
#       R11  R12  R13  R21  R22  R23  R31  R32  R33
# where Rij = R(i,j), i = row index, j = column index

   -0.99644300   -0.08409370   -0.00544084   -0.08299249    0.96809745    0.23643092   -0.01461509    0.23604148   -0.97163307
   -0.78459908   -0.48919231   -0.38091359    0.13997333    0.45875121   -0.87747068    0.60399648   -0.74178043   -0.29146190
   -0.81946789   -0.37455474   -0.43379848    0.53953382   -0.24883924   -0.80435210    0.19332781   -0.89318967    0.40600071
   -0.72159320    0.01753847   -0.69209512    0.06088112   -0.99419873   -0.08867007   -0.68963522   -0.10611925    0.71633928
   -0.72266745    0.26914717   -0.63664084   -0.69060712   -0.24315312    0.68113021    0.02852306    0.93189933    0.36159380
   -0.66737034    0.37879662   -0.64119416   -0.42007089    0.51946887    0.74410520    0.61494494    0.76594074   -0.18755668
   -0.78060453    0.52032275   -0.34629582    0.60574011    0.76635771   -0.21395038    0.15406322   -0.37677591   -0.91340267
   -0.91979643    0.37030251    0.12980977   -0.07826891    0.15102905   -0.98542590   -0.38451073   -0.91655130   -0.10993281
   -0.61951414    0.73552973   -0.27422300   -0.44778897   -0.61805440   -0.64613760   -0.64473814   -0.27749734    0.71225554
   -0.69784644    0.58183772    0.41770229   -0.64474253   -0.76429708   -0.01253143    0.31195738   -0.27805545    0.90849753
   -0.30099940    0.92747931    0.22176899    0.24039520   -0.15124608    0.95881947    0.92282691    0.34191629   -0.17743660
   -0.05523738    0.91116331    0.40832616    0.95715069    0.16475263   -0.23815778   -0.28427344    0.37767445   -0.88122110
    0.16477971    0.47080791    0.86671077    0.44744228    0.74742165   -0.49107666   -0.87900117    0.46872251   -0.08749944
    0.38972957    0.47660515    0.78800913   -0.82609012    0.55912427    0.07039289   -0.40704542   -0.67840075    0.61162607
    0.20862689    0.37755923    0.90217728   -0.93284143   -0.20023975    0.29951781    0.29373746   -0.90407581    0.31042749
   -0.12778463    0.51259155    0.84907066    0.30367711   -0.79475065    0.52550130    0.94416699    0.32499432   -0.05410540
    0.06289365   -0.40322406    0.91293743    0.99726957    0.06086373   -0.04182127   -0.03870144    0.91307501    0.40595102
    0.01204340   -0.19718257    0.98029281   -0.04604674    0.97921451    0.19753138   -0.99886669   -0.04751824    0.00271345
   -0.19207955   -0.50547077    0.84119246   -0.78466097    0.59390848    0.17770732   -0.58941718   -0.62591695   -0.51070085
    0.05744552   -0.57212145    0.81815467   -0.59642746   -0.67685744   -0.43143746    0.80060870   -0.46318576   -0.38011137
    0.02220470   -0.82606164    0.56314219    0.25169587   -0.54051892   -0.80280040    0.96755162    0.15956651    0.19591424
    0.01455536   -0.94706097    0.32072365    0.96893980    0.09255267    0.22932437   -0.24686799    0.30742401    0.91899220
   -0.31154576   -0.93154907    0.18749816    0.38928436    0.05487761    0.91948145   -0.86683154    0.35945065    0.34554060
    0.27130061   -0.90689431    0.32239523   -0.78662315   -0.01590016    0.61722865   -0.55463502   -0.42105806   -0.71769778
   -0.51476261   -0.70580532   -0.48668090   -0.42771851    0.70339973   -0.56770212    0.74301839   -0.08406939   -0.66396989
   -0.37498203   -0.91436518   -0.15272461    0.49114808   -0.05622963   -0.86925934    0.78623282   -0.40096703    0.47017380
    0.13626374   -0.91328510   -0.38385222    0.88086089   -0.06561242    0.46880604   -0.45333905   -0.40200167    0.79553653
    0.61530927   -0.71693407   -0.32771945   -0.35197489   -0.62186477    0.69956978   -0.70534259   -0.31510275   -0.63498195
    0.53192864   -0.32763938   -0.78083568   -0.76262974    0.21541129   -0.60991299    0.36803234    0.91991870   -0.13528410
    0.72028749   -0.03750668   -0.69266094   -0.33401521    0.85640292   -0.39371039    0.60796362    0.51494396    0.60432851
    0.47943859   -0.07534293   -0.87433522    0.77398912    0.50588121    0.38082153    0.41361755   -0.85930649    0.30085359
    0.68798277    0.43668898   -0.57963993    0.70859599   -0.23169014    0.66649186    0.15675279   -0.86926545   -0.46883488
    0.66657220    0.22086400   -0.71196952   -0.01279885   -0.95156738   -0.30717374   -0.74533060    0.21386586   -0.63146156
    0.77387000    0.46605376   -0.42885792   -0.25001911   -0.39733787   -0.88295700   -0.58190692    0.79051661   -0.19096551
    0.61759743    0.78266316   -0.07753580   -0.74509597    0.61380175    0.26092029    0.25180431   -0.10337209    0.96224155
    0.98233221   -0.13934125   -0.12492975    0.18217609    0.55917184    0.80878843   -0.04284039   -0.81725814    0.57467716
    0.96854208    0.24625161   -0.03586609    0.23069356   -0.83445933    0.50045790    0.09330977   -0.49298862   -0.86501764
