# Rotation matrices: 84 entries, row-major flattening of 3x3 -> 1x9
# https://github.com/Neurophysics-CFIN/GFO
# Col:  1    2    3    4    5    6    7    8    9
#       R11  R12  R13  R21  R22  R23  R31  R32  R33
# where Rij = R(i,j), i = row index, j = column index

   -0.97903786   -0.13074203    0.15617743   -0.13358401    0.99100683   -0.00779601   -0.15375363   -0.02849539   -0.98769825
   -0.92194712   -0.06249319   -0.38224090    0.27783956    0.58087852   -0.76510478    0.26984937   -0.81158779   -0.51817620
   -0.95358296   -0.22667340    0.19823902   -0.13816433   -0.25559259   -0.95686104    0.26756337   -0.93983594    0.21241056
   -0.86596908    0.08843236   -0.49221669   -0.05756420   -0.99532545   -0.07754747   -0.49677351   -0.03881965    0.86701160
   -0.75458874    0.22704595   -0.61566710   -0.64711839   -0.10193922    0.75554364    0.10878250    0.96853422    0.22384780
   -0.73816837    0.60474605   -0.29898105   -0.00924516    0.43407669    0.90082848    0.67455317    0.66772722   -0.31483071
   -0.88885783    0.38479799   -0.24872127    0.44735029    0.84618731   -0.28955960    0.09904282   -0.36864285   -0.92427970
   -0.95896809    0.27995696   -0.04476948    0.08195274    0.12255384   -0.98907245   -0.27141104   -0.95215790   -0.14046846
   -0.82049347    0.57133049    0.01928565   -0.53353716   -0.75323298   -0.38467931   -0.20525244   -0.32591647    0.92284879
   -0.71286586    0.67644743    0.18504360   -0.60706095   -0.72731737    0.32013505    0.35113996    0.11588061    0.92912454
   -0.84239686    0.36142339    0.39967570    0.16474601   -0.53345171    0.82963126    0.51305583    0.76472374    0.38983498
   -0.55096982    0.66192600    0.50821868    0.82903296    0.36438712    0.42417730    0.09558564    0.65503893   -0.74952478
   -0.83524309    0.28793776    0.46846646    0.11939899    0.92658302   -0.35663397   -0.53676145   -0.24194164   -0.80830155
   -0.87253491    0.42902026    0.23371875   -0.38387466   -0.30613283   -0.87116183   -0.30219709   -0.84983782    0.43180158
   -0.54497839    0.48419354    0.68451090   -0.69264556   -0.72004697   -0.04212464    0.47248352   -0.49708046    0.72778454
   -0.74499847   -0.23786025    0.62321728    0.40519639   -0.90351889    0.13953313    0.52989920    0.35647736    0.76950031
   -0.78903244   -0.00938347    0.61427987    0.61279898   -0.08306137    0.78586145    0.04364882    0.99650026    0.07128829
   -0.49137523    0.02047996    0.87070716    0.12350621    0.99125917    0.04638407   -0.86214651    0.13032972   -0.48960960
   -0.30223887   -0.73219924    0.61035722   -0.82827943    0.51864784    0.21203209   -0.47181019   -0.44146199   -0.76322111
   -0.63059626   -0.60332604    0.48820696   -0.45352343   -0.22401313   -0.86263238    0.62981335   -0.76538605   -0.13236065
   -0.24457941   -0.70266071    0.66816828    0.38150150   -0.70325293   -0.59990993    0.89142443    0.10818159    0.44006730
   -0.63455509   -0.75413656    0.16916824    0.77286529   -0.61792080    0.14440617   -0.00436940    0.22237792    0.97495075
   -0.32718964   -0.91518206    0.23534811   -0.21164117    0.31370066    0.92563487   -0.92095328    0.25304879   -0.29632981
   -0.33258166   -0.94181240   -0.04877335   -0.86066979    0.28197252    0.42395637   -0.38553462    0.18297786   -0.90436837
   -0.29968297   -0.95364784   -0.02731130   -0.48718803    0.17758599   -0.85505031    0.82026699   -0.24293828   -0.51782531
   -0.72903845   -0.67858870   -0.08955616    0.44266808   -0.36764283   -0.81785312    0.52206121   -0.63589003    0.56841531
   -0.18428563   -0.68451146   -0.70532465    0.92567139   -0.36211410    0.10957127   -0.33041079   -0.63270644    0.70036510
   -0.53893685   -0.65028402   -0.53542297    0.11079964   -0.68483665    0.72022372   -0.83502725    0.32883044    0.44113494
   -0.23170673   -0.34739885   -0.90863966   -0.94420924   -0.14441986    0.29599294   -0.23405322    0.92652952   -0.29455415
   -0.51184344   -0.39600718   -0.76236121   -0.41349279    0.89142484   -0.18543318    0.75302059    0.22031811   -0.62001607
   -0.50403345   -0.27234334   -0.81962149    0.62783539    0.53614588   -0.56424314    0.59310454   -0.79898480   -0.09924867
   -0.24380318    0.05410453   -0.96831437    0.93478292   -0.25285604   -0.24948892   -0.25834262   -0.96598992    0.01107112
   -0.16323061    0.13527073   -0.97727048   -0.01900028   -0.99080318   -0.13397032   -0.98640497   -0.00329965    0.16429959
   -0.29876362    0.63383276   -0.71343979   -0.93209673   -0.35422587    0.07562885   -0.20478279    0.68759004    0.69662325
   -0.42827340    0.54359006   -0.72186684   -0.61614475    0.40868748    0.67330542    0.66102007    0.73313327    0.15990019
   -0.04030855    0.57238646   -0.81899265    0.72499149    0.58079147    0.37022777    0.68757731   -0.57883936   -0.43838618
   -0.23368180    0.92656653   -0.29473256    0.84484001    0.04344753   -0.53325197   -0.48128803   -0.37361314   -0.79295338
   -0.01870801    0.90670346   -0.42135358   -0.48073617   -0.37767296   -0.79136330   -0.87666570    0.18775508    0.44295066
    0.13042837    0.94444120   -0.30169399   -0.97308880    0.06363831   -0.22146863   -0.18996480    0.32246083    0.92732539
    0.03598106    0.95249124    0.30243314   -0.28299398   -0.28053051    0.91717885    0.95844654   -0.11858782    0.25945550
    0.03592036    0.97785504    0.20617772    0.88301636   -0.12766468    0.45164570    0.46796564    0.16583502   -0.86804776
    0.20634245    0.82614963    0.52430868    0.74818947    0.21210758   -0.62866755   -0.63058331    0.52200303   -0.57434965
    0.01128127    0.76587468    0.64289090   -0.30189162    0.61553884   -0.72799271   -0.95327550   -0.18587069    0.23815520
   -0.03249088    0.83086366    0.55552670   -0.98472800   -0.12172970    0.12446945    0.17104124   -0.54299858    0.82212982
    0.06292895    0.49614370    0.86595691   -0.34190748   -0.80445291    0.48575179    0.93762424   -0.32664499    0.11901187
    0.09552241    0.24195204    0.96557479    0.73353062   -0.67283781    0.09603179    0.67291032    0.69910549   -0.24175032
   -0.12366393    0.04990977    0.99106824    0.64001290    0.76725766    0.04122103   -0.75834737    0.63939401   -0.12682500
   -0.17495245   -0.25414130    0.95121177   -0.59211661    0.79903772    0.10457843   -0.78663179   -0.54493204   -0.29027489
   -0.10475475   -0.19126965    0.97593154   -0.93609599   -0.31237384   -0.16170000    0.33578378   -0.93050444   -0.14632411
    0.23790837   -0.69363348    0.67990602    0.04781614   -0.69079199   -0.72147075    0.97010990    0.20415442   -0.13117832
    0.15838658   -0.54682142    0.82213139    0.95623661   -0.12251434   -0.26570997    0.24601879    0.82823702    0.50348603
    0.53539098   -0.58102453    0.61299836    0.39424585    0.81378126    0.42700148   -0.74694491    0.01305932    0.66475766
    0.33599374   -0.91909943    0.20582627   -0.47591746    0.02290876    0.87919154   -0.81277966   -0.39335916   -0.42971827
    0.43293369   -0.85286053    0.29188584   -0.81711343   -0.50803190   -0.27245041    0.38064952   -0.12055088   -0.91682792
    0.29405693   -0.95324564    0.06966544   -0.06645316   -0.09310213   -0.99343645    0.95347496    0.28749738   -0.09072351
    0.28040851   -0.95363696   -0.10930513    0.93589464    0.29692068   -0.18957675    0.21324235   -0.04913915    0.97576280
    0.44827846   -0.89079002   -0.07442831    0.56377979    0.21713365    0.79687221   -0.69368492   -0.39918182    0.59954575
    0.33807453   -0.70204582   -0.62676732   -0.51684412   -0.69506217    0.49976068   -0.78649715    0.15498464   -0.59783107
    0.36312662   -0.68070440   -0.63622368   -0.66889389    0.28490239   -0.68659420    0.64862934    0.67488677   -0.35186337
    0.47089987   -0.76166089   -0.44511347    0.02242003    0.51472655   -0.85706121    0.88190172    0.39361056    0.25946113
    0.32651634   -0.32495887   -0.88757468    0.94145815    0.02843330    0.33592871   -0.08392633   -0.94530063    0.31521911
    0.25951375   -0.32699149   -0.90869642    0.23262216   -0.89206325    0.38744044   -0.93730440   -0.31192905   -0.15543721
    0.64566528   -0.00666262   -0.76359149   -0.63268246   -0.56459100   -0.53004708   -0.42758538    0.82534393   -0.36875213
    0.56193195   -0.12976064   -0.81694226   -0.62435191    0.58130686   -0.52179213    0.54260222    0.80327113    0.24563859
    0.30276055    0.51850770   -0.79967857    0.23828899    0.77122729    0.59027691    0.92279706   -0.36926716    0.10994252
    0.44488774    0.40568556   -0.79843229    0.88809392   -0.31491887    0.33483622   -0.11560317   -0.85804739   -0.50039042
    0.77192028    0.41837309   -0.47864710   -0.06066829   -0.70100512   -0.71057102   -0.63281786    0.57754288   -0.51573809
    0.50709934    0.71554603   -0.48046242   -0.77189789    0.12904128   -0.62251265   -0.38343697    0.68654368    0.61776522
    0.69032394    0.64324202   -0.33119868   -0.50241965    0.75559832    0.42029237    0.52060288   -0.12373717    0.84478504
    0.88026941    0.47424054   -0.01488893    0.20363251   -0.34926069    0.91463149    0.42855521   -0.80815399   -0.40401429
    0.81584153    0.50694666    0.27822235    0.57820095   -0.72284449   -0.37839068    0.00928760    0.46957526   -0.88284360
    0.56146827    0.80757831    0.18047343    0.09204379    0.15579235   -0.98349209   -0.82236325    0.56881106    0.01313989
    0.53838330    0.75662417    0.37103004   -0.71963099    0.64189553   -0.26476662   -0.43849135   -0.12445879    0.89007603
    0.82392419    0.39344127    0.40786382   -0.43172457   -0.03044293    0.90149161    0.36710057   -0.91884558    0.14477560
    0.88565830    0.40091623    0.23425532    0.24452895   -0.83157150    0.49869272    0.39473405   -0.38438914   -0.83452383
    0.64251858    0.34428756    0.68456990    0.76152501   -0.38616591   -0.52053391    0.08514421    0.85576981   -0.51030236
    0.51055672    0.08896073    0.85522969    0.23544322    0.94215527   -0.23855806   -0.82698146    0.32315545    0.46007850
    0.91615537   -0.10767298    0.38609048   -0.30652925    0.43243542    0.84796193   -0.25826179   -0.89521290    0.36317311
    0.65631120   -0.30697302    0.68921925   -0.65912857   -0.67780978    0.32576591    0.36715820   -0.66808791   -0.64718884
    0.54459595   -0.16625189    0.82205569    0.38690215   -0.81983154   -0.42211725    0.74412497    0.54793846   -0.38215373
    0.78018573   -0.61539319    0.11225620    0.45761312    0.43912123   -0.77315120    0.42649790    0.65457144    0.62420812
    0.94689058   -0.07297231    0.31316652   -0.09725042    0.86331263    0.49521073   -0.30649728   -0.49936595    0.81036601
    0.93556698    0.22165981   -0.27492065    0.34893219   -0.70015907    0.62291541   -0.05441288   -0.67870775   -0.73238994
    0.95477828   -0.04690692   -0.29359527   -0.19829225   -0.83624622   -0.51124597   -0.22153697    0.54634421   -0.80773100
