# Rotation matrices: 13 entries, row-major flattening of 3x3 -> 1x9
# https://github.com/Neurophysics-CFIN/GFO
# Col:  1    2    3    4    5    6    7    8    9
#       R11  R12  R13  R21  R22  R23  R31  R32  R33
# where Rij = R(i,j), i = row index, j = column index

   -0.94711064    0.27565800    0.16429883    0.18668106    0.88971151   -0.41660967   -0.26102035   -0.36390397   -0.89411536
   -0.38555085    0.52851686   -0.75632035    0.92168370    0.18239690   -0.34238944   -0.04300811   -0.82909668   -0.55744866
   -0.41005505    0.24072773   -0.87971871    0.57388527   -0.68156802   -0.45400521   -0.70887979   -0.69102474    0.14133031
   -0.23068267   -0.15698705   -0.96028151   -0.66295842   -0.69702466    0.27320829   -0.71223005    0.69965112    0.05671562
    0.59082317    0.61264143   -0.52497471   -0.78076797    0.59812193   -0.18069734    0.20329621    0.51664362    0.83171511
   -0.13601612    0.89292566   -0.42916592    0.18267910    0.44836863    0.87498224    0.97371863    0.04061204   -0.22410422
   -0.39938467    0.91660788    0.01794114    0.91454476    0.39696635    0.07762474    0.06402942    0.04741011   -0.99682121
    0.75523997    0.60172916   -0.25987423   -0.03201401   -0.36214508   -0.93157182   -0.65466609    0.71187988   -0.25424268
   -0.42385783    0.81712155    0.39071334   -0.58913879    0.07892126   -0.80416846   -0.68793897   -0.57103749    0.44794661
   -0.24112988    0.68660071    0.68588326   -0.68284681   -0.62223003    0.38281852    0.68962063   -0.37604421    0.61888136
    0.25371230    0.45679798    0.85262282    0.32526442   -0.87042400    0.36954717    0.91095177    0.18356921   -0.36941741
    0.91426477    0.39107416    0.10573990    0.40257950   -0.84787530   -0.34501771   -0.04527326    0.35800626   -0.93262096
    0.92184794    0.15376178   -0.35574385   -0.38386545    0.23596124   -0.89273154   -0.05332624    0.95952051    0.27654422
