# Rotation matrices: 59 entries, row-major flattening of 3x3 -> 1x9
# https://github.com/Neurophysics-CFIN/GFO
# Col:  1    2    3    4    5    6    7    8    9
#       R11  R12  R13  R21  R22  R23  R31  R32  R33
# where Rij = R(i,j), i = row index, j = column index

   -0.98258624   -0.12664194   -0.13596363   -0.16639583    0.92537206    0.34058624    0.08268444    0.35727913   -0.93033054
   -0.96976311   -0.23923493    0.04823018   -0.12518863    0.31800181   -0.93978862    0.20949299   -0.91741021   -0.33833592
   -0.94747844   -0.12877654   -0.29274770    0.31473599   -0.53799883   -0.78198371   -0.05679677   -0.83305094    0.55027290
   -0.92733203    0.22281294   -0.30068207   -0.29220132   -0.93307282    0.20974627   -0.23382408    0.28236413    0.93037455
   -0.81430786    0.37878850   -0.43979766   -0.56843836   -0.36718912    0.73624043    0.11739049    0.84952424    0.51432290
   -0.77889187    0.47149106   -0.41355004   -0.02050668    0.63990383    0.76818133    0.62682289    0.60681073   -0.48874718
   -0.48756664    0.64235807   -0.59131624    0.82672623    0.55743041   -0.07612544    0.28071786   -0.52597287   -0.80283873
   -0.46814569    0.88181729   -0.05690231    0.51679295    0.22098757   -0.82709706   -0.71677379   -0.41660863   -0.55917134
   -0.57333900    0.78363850    0.23915079   -0.61416329   -0.21786215   -0.75851140   -0.54229683   -0.58176180    0.60619086
   -0.54813423    0.83022512    0.10136625   -0.76088327   -0.54529655    0.35172194    0.34728305    0.11566295    0.93060011
   -0.37962385    0.81604336    0.43584283    0.14078965   -0.41466332    0.89901758    0.91436536    0.40265067    0.04252563
   -0.17840772    0.75029588    0.63657425    0.98385767    0.14520336    0.10459475   -0.01395571    0.64495897   -0.76408977
   -0.37771946    0.40811673    0.83112498    0.36486591    0.89059578   -0.27149958   -0.85099993    0.20069850   -0.48530324
   -0.38947518    0.47574417    0.78865491   -0.77047086    0.30088468   -0.56199917   -0.50466201   -0.82652035    0.24935990
   -0.78974498    0.11997341    0.60158893   -0.54565860   -0.58547652   -0.59956145    0.28028476   -0.80176282    0.52784167
   -0.69401461    0.13560948    0.70707411    0.22686565   -0.89087659    0.39353638    0.68328303    0.43353082    0.58751624
   -0.57156436   -0.09780616    0.81470740    0.81537037   -0.17915679    0.55052158    0.09211596    0.97894678    0.18214788
   -0.73679121   -0.23436291    0.63420245    0.05580290    0.91372347    0.40248659   -0.67381359    0.33193892   -0.66014529
   -0.46796592   -0.31078299    0.82729791   -0.67957669    0.72499611   -0.11205428   -0.56496320   -0.61464997   -0.55047434
   -0.52373157   -0.46804775    0.71178406   -0.60342320   -0.38595835   -0.69779409    0.60131995   -0.79496381   -0.08029230
   -0.74585234   -0.62101003    0.24093741    0.51186567   -0.76580035   -0.38928572    0.42626028   -0.16702208    0.88904769
   -0.64642355   -0.61243146    0.45504318    0.70280656   -0.24580760    0.66756391   -0.29698407    0.75133636    0.58931667
    0.18172548   -0.91145561    0.36908606   -0.19827137    0.33366484    0.92160525   -0.96315332   -0.24065836   -0.12008015
   -0.10824986   -0.97795998   -0.17853923   -0.93233372    0.03754169    0.35964489   -0.34501564    0.20538965   -0.91584895
   -0.04237384   -0.99902894   -0.01206828   -0.36843985    0.02685290   -0.92926369    0.92868538   -0.03493004   -0.36921993
   -0.12521935   -0.80340768   -0.58211358    0.59047421    0.41115315   -0.69447339    0.79728309   -0.43068456    0.42290719
   -0.05114513   -0.93034684   -0.36309631    0.86407300   -0.22352427    0.45101525   -0.50076145   -0.29067448    0.81531976
   -0.07263493   -0.67107729   -0.73782074   -0.01995426   -0.73864891    0.67379494   -0.99715896    0.06366372    0.04026086
    0.19986467   -0.32526599   -0.92425979   -0.86243124   -0.50610476   -0.00838603   -0.46504458    0.79878659   -0.38167201
   -0.05494529   -0.42352053   -0.90421866   -0.47681741    0.80678746   -0.34891138    0.87728341    0.41197616   -0.24627113
   -0.10279269    0.14097034   -0.98466290    0.59222908    0.80400610    0.05328137    0.79918608   -0.57766906   -0.16613268
   -0.13584823   -0.10636832   -0.98500307    0.95691188   -0.27163300   -0.10264093   -0.25664160   -0.95650473    0.13868597
   -0.03219632    0.07225928   -0.99686609   -0.03026126   -0.99699639   -0.07129136   -0.99902335    0.02787111    0.03428627
   -0.10359144    0.24662134   -0.96355941   -0.93430463   -0.35635589    0.00923762   -0.34109187    0.90121496    0.26733488
    0.20629151    0.53371442   -0.82011751   -0.35143594    0.82263389    0.44695219    0.91320129    0.19601633    0.35726882
    0.05365336    0.92714753   -0.37083523    0.88762501    0.12583926    0.44304213    0.45743104   -0.35293332   -0.81620764
    0.03760082    0.84879748   -0.52737939    0.77635535   -0.35709545   -0.51937965   -0.62917291   -0.38990471   -0.67239554
    0.10104295    0.71939619   -0.68721135   -0.24623654   -0.65117185   -0.71787379   -0.96392836    0.24175263    0.11134530
    0.29858941    0.90512861   -0.30263271   -0.94869967    0.31604430    0.00921601    0.10398701    0.28435575    0.95306270
    0.54082423    0.83907863    0.05878946   -0.02277514   -0.05525944    0.99821225    0.84082724   -0.54119630   -0.01077551
    0.83108671    0.54745973   -0.09789140    0.55173901   -0.78952532    0.26876351    0.06984946   -0.27737628   -0.95821889
    0.47202496    0.88154954   -0.00792789    0.49285506   -0.27133366   -0.82672361   -0.73094892    0.38632688   -0.56255241
    0.53716052    0.78108333    0.31838249   -0.38437572    0.56266915   -0.73188710   -0.75080882    0.27076236    0.60247312
    0.54205261    0.59104239    0.59736744   -0.83415068    0.29228474    0.46772030    0.10184113   -0.75182347    0.65145211
    0.69583612    0.24560310    0.67490089   -0.10763374   -0.89343673    0.43610296    0.71008948   -0.37609830   -0.59525037
    0.57293358    0.62593963    0.52909989    0.70923136   -0.70218103    0.06271117    0.41077731    0.33932490   -0.84623910
    0.65937105    0.37581764    0.65114585    0.46508686    0.47658570   -0.74602968   -0.59069792    0.79474975    0.13945897
    0.35241409   -0.03266049    0.93527408   -0.58611892    0.77140457    0.24778942   -0.72956762   -0.63550632    0.25271091
    0.64777316    0.19320070    0.73692837   -0.74653599   -0.03189424    0.66458015    0.15190112   -0.98064073    0.12357104
    0.68173078   -0.23307223    0.69348430   -0.09570701   -0.96816260   -0.23130358    0.72531601    0.09131547   -0.68233289
    0.12051297   -0.54895786    0.82711662    0.96238051   -0.13977900   -0.23299267    0.24351670    0.82407955    0.51146116
    0.48751294   -0.78100372    0.39033873    0.56481772    0.62302076    0.54113407   -0.66581685   -0.04333963    0.74485542
    0.67101349   -0.43876796    0.59768183   -0.48845319    0.34486096    0.80155125   -0.55781214   -0.82979130    0.01708874
    0.77583387   -0.60652968   -0.17379172   -0.62486500   -0.70051967   -0.34469686    0.08732435    0.37602386   -0.92248605
    0.84424584   -0.48664099   -0.22456514    0.00759628    0.42982178   -0.90288179    0.53590228    0.76054834    0.36657191
    0.86305733   -0.34012073   -0.37342996    0.33165778    0.93920072   -0.08891080    0.38096609   -0.04711584    0.92338775
    0.91424135   -0.31101961   -0.25967201    0.30998258    0.12421713    0.94259265   -0.26090909   -0.94225098    0.20997510
    0.99493535    0.00761125   -0.10022838    0.06762932   -0.78837503    0.61146634   -0.07436353   -0.61514785   -0.78489693
    0.90132429    0.41218313   -0.13311498    0.00360395   -0.31444788   -0.94926790   -0.43312993    0.85511847   -0.28490500
