# Rotation matrices: 34 entries, row-major flattening of 3x3 -> 1x9
# https://github.com/Neurophysics-CFIN/GFO
# Col:  1    2    3    4    5    6    7    8    9
#       R11  R12  R13  R21  R22  R23  R31  R32  R33
# where Rij = R(i,j), i = row index, j = column index

   -0.61232105   -0.51460618   -0.60020280   -0.55521798    0.82035488   -0.13693377    0.56284627    0.24939596   -0.78803917
   -0.77869019   -0.17768831   -0.60172124    0.55677709    0.24637687   -0.79328287    0.28920729   -0.95274619   -0.09291847
   -0.87835814    0.07968604   -0.47131424    0.30714962   -0.66141656   -0.68424209   -0.36625959   -0.74577360    0.55648508
   -0.62289679    0.09493130   -0.77652279   -0.27802322   -0.95467349    0.10630902   -0.73123367    0.28211092    0.62105616
   -0.23985021    0.32531358   -0.91468188   -0.93469223   -0.33198711    0.12702363   -0.26234008    0.88541269    0.38369525
   -0.65920595    0.70382589   -0.26471992    0.46318644    0.65738339    0.59439498    0.59237306    0.26921403   -0.75935365
   -0.94932114    0.28106821   -0.14067707    0.31256919    0.79721884   -0.51647132   -0.03301326   -0.53426846   -0.84466996
   -0.77542510    0.63138452   -0.00833680    0.06516680    0.06688730   -0.99563014   -0.62806784   -0.77257988   -0.09301140
   -0.43911548    0.85265930   -0.28310726   -0.89828526   -0.41100851    0.15542071    0.01616142    0.32255871    0.94641148
   -0.29741444    0.77001878    0.56446057   -0.92032912   -0.38853544    0.04510575    0.25404521   -0.50607440    0.82422675
   -0.34085933    0.62383246    0.70331215    0.46936059   -0.53528039    0.70226458    0.81456464    0.56948044   -0.11034705
    0.50103804    0.80015377    0.32971930    0.77931716   -0.25148205   -0.57395256   -0.37633182    0.54452798   -0.74957564
    0.35469784    0.66025355    0.66200807    0.16722930    0.65182727   -0.73969965   -0.91990423    0.37307702    0.12078798
    0.14418345    0.31253653    0.93889938   -0.94574490    0.32270202    0.03781512   -0.29116613   -0.89341162    0.34210812
    0.01426521    0.32147347    0.94681113   -0.79772461   -0.56724525    0.20461738    0.60285318   -0.75821345    0.24835542
    0.03858588    0.00606359    0.99923689    0.33267334   -0.94301522   -0.00712388    0.94225240    0.33269436   -0.03840427
   -0.55685549   -0.24611394    0.79330945    0.77730850    0.18221528    0.60215371   -0.29275152    0.95195878    0.08983888
   -0.47938601   -0.18514729    0.85785170    0.19682784    0.92990863    0.31069074   -0.85524725    0.31778989   -0.40934305
    0.35064745   -0.50170953    0.79078057   -0.77948439    0.31167554    0.54338057   -0.51908617   -0.80693613   -0.28178651
   -0.02474754   -0.72581351    0.68744622   -0.60546381   -0.53630826   -0.58803658    0.79548798   -0.43077627   -0.42618151
    0.21289334   -0.65751691    0.72273643    0.17754270   -0.70134703   -0.69035566    0.96080956    0.27528870   -0.03257479
   -0.34783156   -0.87626143    0.33343533    0.91542286   -0.24059457    0.32266892   -0.20251959    0.41746876    0.88583613
   -0.12632048   -0.99126480    0.03791086    0.15387015    0.01817485    0.98792391   -0.97998322    0.13062837    0.15023020
   -0.31574798   -0.80166370    0.50758105   -0.77403691    0.52702501    0.35087249   -0.54878965   -0.28209919   -0.78692437
    0.02942405   -0.95921675   -0.28113601   -0.82722187    0.13451558   -0.54553600    0.56110444    0.24861374   -0.78952708
    0.24791969   -0.96814854   -0.03498900    0.57740774    0.17666806   -0.79711273    0.77790496    0.17741702    0.60281595
    0.77681825   -0.39255007   -0.49240009    0.61534331    0.30702826    0.72600707   -0.13381338   -0.86697064    0.48005822
    0.56955062   -0.59821897   -0.56368976   -0.25533390   -0.78062911    0.57045840   -0.78129168   -0.18097583   -0.59735338
    0.89689954   -0.27952025   -0.34269469   -0.36293602   -0.90801568   -0.20924860   -0.25268293    0.31205121   -0.91584681
    0.64775293    0.18888777   -0.73806338   -0.59159139    0.73512888   -0.33106669    0.48003726    0.65108136    0.58792627
    0.70038505    0.66605950   -0.25656485   -0.15262458    0.49089269    0.85774711    0.69725642   -0.56159515    0.44547095
    0.86840433    0.49564264   -0.01457055    0.34185090   -0.57714689    0.74164643    0.35918225   -0.64902992   -0.67063274
    0.92213551    0.38526951   -0.03512123    0.37971294   -0.91872372   -0.10846567   -0.07405522    0.08668406   -0.99347959
    0.96382877    0.22200046   -0.14747849   -0.13496830   -0.07059172   -0.98833211   -0.22982094    0.97248784   -0.03807530
