# Rotation matrices: 39 entries, row-major flattening of 3x3 -> 1x9
# https://github.com/Neurophysics-CFIN/GFO
# Col:  1    2    3    4    5    6    7    8    9
#       R11  R12  R13  R21  R22  R23  R31  R32  R33
# where Rij = R(i,j), i = row index, j = column index

   -0.99998936   -0.00379457    0.00262152   -0.00200603    0.86967468    0.49362123   -0.00415295    0.49361072   -0.86967305
   -0.99952931   -0.01684768    0.02563814   -0.03061325    0.49335464   -0.86928938    0.00199682   -0.86966508   -0.49363818
   -0.72943805    0.33638320   -0.59562276    0.49074212   -0.34925947   -0.79824182   -0.47654202   -0.87456513    0.08968574
   -0.85180190   -0.37925928   -0.36138059    0.18001823   -0.85973903    0.47795632   -0.49196236    0.34206901    0.80060092
   -0.72943484    0.33639288   -0.59562123   -0.68404739   -0.36124967    0.63370170   -0.00199523    0.86967724    0.49361677
   -0.72944289    0.33637871   -0.59561937   -0.00202106    0.86967182    0.49362622    0.68403873    0.36127591   -0.63369608
   -0.72944113    0.33638822   -0.59561616    0.47657755    0.87454027   -0.08973938    0.49070304   -0.34931689   -0.79824071
   -0.60473663    0.79491535    0.04902239    0.34877795    0.31966637   -0.88100361   -0.71599410   -0.51567722   -0.47056291
   -0.61631353    0.78715283   -0.02341068   -0.23495874   -0.21217584   -0.94856513   -0.75163291   -0.57911298    0.31571528
   -0.77841108    0.62302662    0.07690261   -0.57363204   -0.75570309    0.31600495    0.25499503    0.20186795    0.94563569
   -0.95981821    0.16339596    0.22814638    0.25870033    0.20018969    0.94498584    0.10873432    0.96603615   -0.23441630
   -0.00202054    0.86967626    0.49361840    0.99949876    0.01735144   -0.02647917   -0.03159330    0.49331748   -0.86927540
   -0.49073509    0.34926134    0.79824531    0.47655044    0.87456067   -0.08968447   -0.72943728    0.33639284   -0.59561826
    0.29368708    0.25882312    0.92019481   -0.73040241    0.68176403    0.04135370   -0.61665243   -0.68425755    0.38927032
    0.68205256    0.47640207    0.55483815   -0.33438997   -0.47157271    0.81596724    0.65037501   -0.74206485   -0.16233329
    0.26147883    0.21910695    0.94001115   -0.07285585   -0.96663496    0.24557868    0.96245563   -0.13269893   -0.23679136
    0.26159316    0.27658337    0.92470031    0.95853055    0.03780476   -0.28247120   -0.11308491    0.96024603   -0.25522414
    0.00461101   -0.49361767    0.86966680   -0.00199611    0.86966977    0.49362994   -0.99998738   -0.00401208    0.00302474
    0.03061768   -0.49333277    0.86930164   -0.99952916   -0.01685578    0.02563869    0.00200435   -0.86967733   -0.49361657
    0.00957477   -0.44655228    0.89470631   -0.73152036   -0.61315207   -0.29819876    0.68175236   -0.65164070   -0.33253288
   -0.09057634   -0.44491493    0.89098071    0.67898861   -0.68207318   -0.27157068    0.72853990    0.58036788    0.36387187
    0.27426427   -0.90074597    0.33680232    0.76766084    0.41601466    0.48747167   -0.57920285    0.12485389    0.80556537
   -0.10477765   -0.96208661    0.25181539    0.17311548    0.23169866    0.95726003   -0.97931235    0.14389260    0.14227525
   -0.00778195   -0.95206601    0.30579365   -0.97875060    0.06991486    0.19276715   -0.20490657   -0.29779562   -0.93237925
   -0.47657793   -0.87454077    0.08973245   -0.72943116    0.33638626   -0.59562948    0.49071750   -0.34931751   -0.79823155
    0.00200695   -0.86966682   -0.49363509    0.68405853    0.36126485   -0.63368101    0.72942436   -0.33640353    0.59562805
    0.00200641   -0.86967340   -0.49362349    0.72942746   -0.33639429    0.59562946   -0.68405522   -0.36125760    0.63368872
    0.00200156   -0.86967391   -0.49362261    0.03155536   -0.49332285    0.86927373   -0.99950000   -0.01731634    0.02645546
    0.45257064   -0.18697068   -0.87190698   -0.85217521   -0.37865939   -0.36112944   -0.26263515    0.90645410   -0.33070190
    0.49300652   -0.34712136   -0.79777900   -0.17670382    0.85789880   -0.48247840    0.85189221    0.37883559    0.36161203
    0.73887038   -0.60258754   -0.30159378    0.66640371    0.58709267    0.45959580   -0.09988320   -0.54056494    0.83535196
    0.49071128   -0.34931779   -0.79823525    0.72943042   -0.33639592    0.59562492   -0.47658546   -0.87453694    0.08972976
    0.68404359    0.36126967   -0.63369440    0.00201161   -0.86967058   -0.49362843   -0.72943836    0.33638862   -0.59561932
    0.68404495    0.36126438   -0.63369594   -0.72943711    0.33639815   -0.59561547   -0.00200051    0.86966909    0.49363110
    0.29624512    0.93511615   -0.19441352   -0.57005617    0.33643118    0.74956656    0.76633856   -0.11122881    0.63273482
    0.74082243    0.57065258   -0.35431308    0.29265619    0.20057239    0.93494549    0.60459448   -0.79632051   -0.01841649
    0.68689896    0.66422363    0.29491826    0.71644463   -0.68699979   -0.12140171    0.12197090    0.29468332   -0.94777890
    0.80690429    0.51284832    0.29307347    0.50289083   -0.33618726   -0.79629074   -0.30984880    0.78991438   -0.52917766
    0.85424010    0.34440251   -0.38943647   -0.40616885    0.90970058   -0.08643914    0.32450072    0.23201674    0.91698828
