# Rotation matrices: 18 entries, row-major flattening of 3x3 -> 1x9
# https://github.com/Neurophysics-CFIN/GFO
# Col:  1    2    3    4    5    6    7    8    9
#       R11  R12  R13  R21  R22  R23  R31  R32  R33
# where Rij = R(i,j), i = row index, j = column index

   -0.36607995   -0.64415500    0.67160242   -0.50233285   -0.47073283   -0.72530843    0.78335636   -0.60288883   -0.15125437
   -0.92261811    0.02305297    0.38502517   -0.19301695    0.83664482   -0.51261087   -0.33394652   -0.54726045   -0.76745405
   -0.88007438    0.43035668   -0.20065446    0.04543755   -0.34431072   -0.93775560   -0.47265687   -0.83441192    0.28346469
   -0.66906357    0.44020039   -0.59881346   -0.65284663   -0.73314923    0.19048223   -0.35516927    0.51837807    0.77790678
   -0.26233417    0.73319737   -0.62737740   -0.83852704    0.14854148    0.52422117    0.47754915    0.66359404    0.57583831
   -0.39605611    0.38350290   -0.83430515    0.04137997    0.91513651    0.40101480    0.91729344    0.12430084   -0.37831474
    0.52081113    0.83642522   -0.17072967    0.83370075   -0.45534474    0.31241674    0.18357238   -0.30504757   -0.93447695
    0.40236939    0.91322002    0.06425007    0.33377781   -0.08098867   -0.93916623   -0.85246188    0.39933699   -0.33739994
   -0.19133726    0.97828127   -0.07972330   -0.60532769   -0.18154998   -0.77499548   -0.77263733   -0.10002679    0.62691802
   -0.35007552    0.92036366    0.17429248   -0.78039699   -0.38947343    0.48917378    0.51810006    0.03523044    0.85459414
    0.33396198    0.54719036    0.76749730    0.01512249   -0.81725157    0.57608261    0.94246523   -0.18078322   -0.28120583
    0.05195977    0.69869602    0.71352929    0.99755374   -0.00285663   -0.06984541   -0.04676242    0.71541296   -0.69713526
   -0.53148777    0.20434984    0.82204738    0.29471080    0.95444375   -0.04671901   -0.79414501    0.21743566   -0.56749928
    0.02288630    0.15616525    0.98746576   -0.73356283    0.67369713   -0.08954189   -0.67923618   -0.72231890    0.12997546
    0.69257964    0.10297837    0.71395300   -0.69248790   -0.18221395    0.69803910    0.20197513   -0.97785149   -0.05488640
    0.92705126    0.24133082    0.28694145    0.25778704   -0.96598593   -0.02042098    0.27225320    0.09290108   -0.95773043
    0.92985014    0.25567516   -0.26459200   -0.09931751   -0.51801431   -0.84958649   -0.35428060    0.81626674   -0.45628266
    0.64737986   -0.35178562   -0.67612587    0.67044895   -0.15906398    0.72470466   -0.36248795   -0.92246709    0.13287948
