# Rotation matrices: 100 entries, row-major flattening of 3x3 -> 1x9
# https://github.com/Neurophysics-CFIN/GFO
# Col:  1    2    3    4    5    6    7    8    9
#       R11  R12  R13  R21  R22  R23  R31  R32  R33
# where Rij = R(i,j), i = row index, j = column index

   -0.93035028   -0.35206471   -0.10246358   -0.33579757    0.93030586   -0.14754999    0.14726961   -0.10286616   -0.98373280
   -0.91304491   -0.36395236    0.18408605   -0.25991804    0.17139685   -0.95029771    0.31431132   -0.91551177   -0.25109081
   -0.98776778   -0.03954211   -0.15083512    0.15591959   -0.26270214   -0.95219571   -0.00197289   -0.96406639    0.26565410
   -0.82062473   -0.01607847   -0.57124122   -0.11254662   -0.97547963    0.18913685   -0.56027521    0.21950165    0.79869313
   -0.97893959    0.04794054   -0.19844141   -0.20105494   -0.39502153    0.89640108   -0.03541468    0.91742013    0.39634089
   -0.86156689    0.38270242   -0.33352863   -0.06409618    0.56974522    0.81931805    0.50358134    0.72727522   -0.46634386
   -0.97389741    0.22362623   -0.03892479    0.22097702    0.97326477    0.06264865    0.05189400    0.05241187   -0.99727629
   -0.77780055    0.45808457   -0.43033107    0.43720739   -0.09753653   -0.89405611   -0.45152630   -0.88354126   -0.12441399
   -0.78563776    0.61242154    0.08782463   -0.45846888   -0.48097314   -0.74730926   -0.41542700   -0.62737923    0.65864688
   -0.72739668    0.68619045    0.00606111   -0.63348515   -0.67486950    0.37848080    0.26380037    0.27146606    0.92558930
   -0.88193684    0.34754120    0.31843764    0.16598744   -0.40330859    0.89988352    0.44117524    0.84649707    0.29800523
   -0.57850727    0.48440760    0.65626109    0.80455058    0.20643529    0.55685082    0.13426732    0.85013748   -0.50915473
   -0.76826097    0.45478034    0.45049964    0.14813102    0.81095578   -0.56604587   -0.62276182   -0.36813798   -0.69039275
   -0.56527955    0.20304459    0.79951981   -0.49557441    0.69123515   -0.52592772   -0.65944297   -0.69351775   -0.29011739
   -0.50384607    0.19034886    0.84255946   -0.52328519   -0.84332120   -0.12240082    0.68724940   -0.50257006    0.52451081
   -0.55684113    0.00320790    0.83061283    0.14361993   -0.98455895    0.10008495    0.81810835    0.17502397    0.54778220
   -0.58051776   -0.46182091    0.67061209    0.81421143   -0.33700137    0.47274710    0.00767270    0.82045812    0.57165514
   -0.62856907   -0.35309032    0.69298496    0.10455019    0.84456100    0.52515328   -0.77069461    0.40254681   -0.49394926
   -0.52326541   -0.33933625    0.78169318   -0.65848170    0.74326755   -0.11813213   -0.54092066   -0.57654511   -0.61237291
   -0.83736574   -0.27414605    0.47292976   -0.35738054   -0.38010364   -0.85311217    0.41363966   -0.88338280    0.22031130
   -0.84628042   -0.46723953    0.25592317    0.35107722   -0.85045742   -0.39174859    0.40069219   -0.24168037    0.88376262
   -0.67345295   -0.68987897    0.26557132    0.73480479   -0.66398140    0.13853021    0.08076534    0.28843666    0.95408661
   -0.47001659   -0.82451359    0.31505832   -0.27394193    0.47558187    0.83592925   -0.83907105    0.30659293   -0.44940021
   -0.72914185   -0.50032852   -0.46692990   -0.67710096    0.42828109    0.59842259   -0.09943064    0.75249364   -0.65105058
   -0.45533105   -0.89000110    0.02390987   -0.42205032    0.19212214   -0.88598116    0.78393059   -0.41350590   -0.46310442
   -0.38783006   -0.91120771   -0.13888248    0.71871265   -0.20461687   -0.66451792    0.57709615   -0.35753662    0.73425309
   -0.78385746   -0.51530490   -0.34645107    0.60228712   -0.76669448   -0.22232814   -0.15105534   -0.38293659    0.91134069
   -0.69110293   -0.58821068   -0.41998207   -0.04320462   -0.54642288    0.83639429   -0.72146386    0.59617971    0.35222103
   -0.17916477   -0.77439302   -0.60680758   -0.92824032   -0.07131509    0.36508091   -0.32599065    0.62867290   -0.70604567
   -0.35377601   -0.34751859   -0.86837398   -0.73179802    0.68104113    0.02558590    0.58250682    0.64452603   -0.49524943
   -0.64939464   -0.16819851   -0.74161706    0.52052098    0.61265039   -0.59474147    0.55438661   -0.77224916   -0.31030103
   -0.37613417    0.25085673   -0.89196075    0.86761372   -0.24253408   -0.43407793   -0.32522225   -0.93714893   -0.12642139
   -0.43733824    0.14214460   -0.88799222    0.21657553   -0.94171954   -0.25740891   -0.87282891   -0.30489214    0.38106492
   -0.35111107    0.21944477   -0.91025546   -0.91617436   -0.28115855    0.28561234   -0.19324997    0.93423437    0.29976755
   -0.23509662    0.55721991   -0.79638907   -0.55003735    0.59926615    0.58166915    0.80136664    0.57479218    0.16560631
   -0.20325257    0.66824225   -0.71564005    0.83667063    0.49819154    0.22756856    0.50859675   -0.55250112   -0.66035737
   -0.36309826    0.83314185   -0.41717419    0.74704535   -0.00727212   -0.66473330   -0.55685087   -0.55301155   -0.61975426
   -0.35502192    0.92941020   -0.10077757   -0.47227719   -0.27133938   -0.83864724   -0.80679223   -0.25014320    0.53527066
   -0.34417508    0.85423861   -0.38964073   -0.93736319   -0.28884762    0.19472364    0.05379365    0.43225391    0.90014599
    0.19866911    0.94550804    0.25796345   -0.35968847   -0.17450175    0.91660970    0.91167691   -0.27488851    0.30542023
   -0.31211099    0.90537362    0.28789813    0.87240664    0.15314592    0.46416913    0.37615606    0.39603653   -0.83765249
   -0.22270078    0.94070178    0.25589942    0.72673871    0.33515689   -0.59960045   -0.64981167    0.05244053   -0.75828411
    0.26375822    0.79382144    0.54797730   -0.10536551    0.58840538   -0.80167151   -0.95881683    0.15370954    0.23883816
   -0.28366889    0.63150739    0.72161650   -0.86930862   -0.48699992    0.08446070    0.40476473   -0.60334857    0.68712154
   -0.11585372    0.12640159    0.98519062   -0.12850339   -0.98544113    0.11132235    0.98491867   -0.11370322    0.13041006
   -0.22075384    0.50925940    0.83181886    0.76709780   -0.43606063    0.47054447    0.60235265    0.74196091   -0.29438970
    0.09544844    0.10926623    0.98941927    0.74413464    0.65236241   -0.14382949   -0.66117565    0.74998945   -0.01904181
   -0.04340739   -0.09832535    0.99420718   -0.56820170    0.82095540    0.05638319   -0.82174365   -0.56246276   -0.09150417
   -0.17524286   -0.35331963    0.91894242   -0.93548014   -0.23116969   -0.26727790    0.30686617   -0.90649093   -0.29001266
   -0.07184376   -0.54060567    0.83820283    0.02603023   -0.84110445   -0.54024600    0.99707618   -0.01699469    0.07450020
   -0.01659979   -0.64734641    0.76201514    0.92479545   -0.29966402   -0.23442451    0.38010238    0.70081674    0.60363738
    0.05745259   -0.83642863    0.54505628    0.50835993    0.49438765    0.70508938   -0.85922604    0.23657556    0.45361065
    0.06910632   -0.94226764    0.32765227   -0.45938106    0.26148689    0.84887788   -0.88554693   -0.20918007   -0.41478951
   -0.09507079   -0.98196332    0.16343065   -0.83567217   -0.01048553   -0.54912847    0.54093767   -0.18878053   -0.81960255
    0.00357369   -0.99342905    0.11439384   -0.08444526   -0.11428577   -0.98985239    0.99642171   -0.00612259   -0.08429879
    0.15029348   -0.98161480   -0.11766160    0.97913471    0.16425529   -0.11964707    0.13677387   -0.09722438    0.98581962
    0.01792334   -0.88111221   -0.47256748    0.57280121   -0.37834386    0.72715521   -0.81949834   -0.28372027    0.49792095
   -0.10376718   -0.61943729   -0.77815797   -0.39356429   -0.69295071    0.60409144   -0.91342187    0.36894005   -0.17188286
   -0.08970311   -0.79070810   -0.60558572   -0.92380190    0.29329193   -0.24610951    0.37221418    0.53736445   -0.75676684
    0.28611137   -0.81536301   -0.50331247    0.05962442    0.53940237   -0.83993453    0.95633949    0.21030510    0.20294470
    0.15754164   -0.36139318   -0.91900795    0.98695554    0.08886919    0.13424244    0.03315719   -0.92816876    0.37067960
    0.02705697   -0.44549781   -0.89487408    0.32413699   -0.84292364    0.42943562   -0.94562314   -0.30168102    0.12159537
    0.52030380    0.03731391   -0.85316565   -0.73648794   -0.48610871   -0.47040816   -0.43228403    0.87310136   -0.22544296
    0.17335283    0.07317393   -0.98213765   -0.93898261    0.31309989   -0.14240829    0.29708661    0.94689706    0.12298580
    0.15545886    0.28535124   -0.94573105    0.51182637    0.79557617    0.32417946    0.84490609   -0.53444666   -0.02237093
    0.22415663    0.85348129   -0.47045031    0.96956776   -0.14653918    0.19612400    0.09844876   -0.50009595   -0.86035567
    0.40038457    0.61131174   -0.68263471    0.47421545   -0.77566799   -0.41648395   -0.78409942   -0.15696218   -0.60045896
    0.46539774    0.68867928   -0.55599082   -0.71060482   -0.08377431   -0.69858619   -0.52767958    0.72021019    0.45039044
    0.28021392    0.90257282   -0.32686764   -0.83881636    0.39579531    0.37380902    0.46676255    0.16943543    0.86800021
    0.50968400    0.75039112   -0.42087456    0.24512583    0.34225565    0.90706912    0.82470331   -0.56548584   -0.00949802
    0.36309260    0.91248973    0.18848408    0.93146725   -0.35046681   -0.09768198   -0.02307639    0.21103435   -0.97720621
    0.74780572    0.61976682    0.23806658    0.27401473    0.03850058   -0.96095454   -0.60473344    0.78384105   -0.14103429
    0.46470283    0.86383368    0.19453189   -0.73061269    0.49818515   -0.46692253   -0.50025630    0.07485276    0.86263590
    0.45409760    0.53562640    0.71196891   -0.71679683   -0.25496857    0.64899410    0.52914807   -0.80504372    0.26815469
    0.60244317    0.48733188    0.63211539    0.43380924   -0.86469723    0.25319605    0.66997894    0.12168126   -0.73234001
    0.80009190    0.07957470    0.59457616    0.59586355    0.00904457   -0.80303476   -0.06927894    0.99678787   -0.04017918
    0.45203892    0.24428845    0.85789508    0.11114353    0.93884728   -0.32590320   -0.88504685    0.24267042    0.39724443
    0.37959252    0.30541018    0.87328927   -0.92050745    0.21916572    0.32346934   -0.09260425   -0.92665582    0.36432601
    0.35340945   -0.38885362    0.85081997   -0.35838290   -0.89640033   -0.26082205    0.86409691   -0.21274235   -0.45615483
    0.69386496   -0.06279716    0.71736178    0.50046259   -0.67423179   -0.54309179    0.51777274    0.73584510   -0.43639819
    0.66730369   -0.38173425    0.63951916    0.61538222    0.76627884   -0.18471996   -0.41953606    0.51681303    0.74625317
    0.42234894   -0.68524758    0.59334403   -0.04011431    0.63982056    0.76747671   -0.90554526   -0.34794456    0.24273930
    0.71896163   -0.46640285    0.51532761   -0.69107760   -0.40053859    0.60164822   -0.07420185   -0.78869336   -0.61029244
    0.78286673   -0.39934244    0.47712190   -0.23452393   -0.89967931   -0.36820600    0.57629698    0.17635972   -0.79798436
    0.63973778   -0.76811317   -0.02716118    0.38224592    0.34862183   -0.85577501    0.66680104    0.53708936    0.51663468
    0.52567244   -0.80571542    0.27293067    0.75451114    0.58978074    0.28787430   -0.39291402    0.05460165    0.91795274
    0.59936040   -0.79269698    0.11134903   -0.01796980    0.12574378    0.99189999   -0.80027758   -0.59650649    0.06112123
    0.63255142   -0.72325107   -0.27710392   -0.77340591   -0.60900167   -0.17595528   -0.04149691    0.32561457   -0.94459153
    0.54612193   -0.72002392   -0.42815464   -0.38367328    0.23935717   -0.89190972    0.74467822    0.65136295   -0.14553574
    0.41298514   -0.63679829   -0.65110001    0.49466473    0.75711068   -0.42672032    0.76468953   -0.14584706    0.62767711
    0.91409950   -0.26071689   -0.31056207    0.35245369    0.13216500    0.92644957   -0.20049561   -0.95632584    0.21270259
    0.83990594   -0.26982337   -0.47090695   -0.32746588   -0.94387313   -0.04323893   -0.43280954    0.19052259   -0.88112260
    0.67733114    0.00413621   -0.73566664   -0.72881835    0.14001400   -0.67023868    0.10023138    0.99014088    0.09785039
    0.89398211    0.12888471   -0.42916747   -0.24573771    0.94189226   -0.22902390    0.37471184    0.31020590    0.87370666
    0.90804550   -0.16447175   -0.38523035    0.38100428    0.70643700    0.59647506    0.17403768   -0.68840091    0.70414138
    0.92177167    0.17353190   -0.34673286    0.37303711   -0.64077579    0.67100649   -0.10573699   -0.74785899   -0.65538280
    0.87771239    0.47378163   -0.07177684    0.21838537   -0.52882502   -0.82015360   -0.42653111    0.70418397   -0.56762325
    0.85879313    0.49850425    0.11818573   -0.29772432    0.67334236   -0.67673503   -0.41693475    0.54598863    0.72667863
    0.98473061    0.04867642    0.16714137   -0.13110085    0.83903762    0.52804208   -0.11453470   -0.54189157    0.83260755
    0.97375346   -0.17035879    0.15093737   -0.22555651   -0.81105721    0.53973185    0.03047077   -0.55961066   -0.82819529
