# Rotation matrices: 78 entries, row-major flattening of 3x3 -> 1x9
# https://github.com/Neurophysics-CFIN/GFO
# Col:  1    2    3    4    5    6    7    8    9
#       R11  R12  R13  R21  R22  R23  R31  R32  R33
# where Rij = R(i,j), i = row index, j = column index

   -0.98639144    0.15731941    0.04777575    0.16423568    0.92928100    0.33085263    0.00765245    0.33419669   -0.94247229
   -0.99135202    0.06813333   -0.11215626    0.12881002    0.66857061   -0.73240789    0.02508299   -0.74052089   -0.67156508
   -0.81316663   -0.13946057   -0.56507591    0.47365422   -0.72278422   -0.50322426   -0.33824800   -0.67685576    0.65380009
   -0.80151661    0.28985711   -0.52302389   -0.29605210   -0.95229574   -0.07406740   -0.51954238    0.09547607    0.84909365
   -0.68888628    0.50883556   -0.51625775   -0.68547917   -0.22571647    0.69222133    0.23569895    0.83074572    0.50428916
   -0.74896892    0.40500895   -0.52441712   -0.21247165    0.60285636    0.76903836    0.62761562    0.68740960   -0.36546776
   -0.62366308    0.67624591   -0.39209161    0.78147043    0.55135534   -0.29208089    0.01866329   -0.48856807   -0.87232616
   -0.87884786    0.46442774   -0.10923971    0.17750692    0.10576301   -0.97841989   -0.44285182   -0.87927303   -0.17538874
   -0.77951907    0.62633123   -0.00769481   -0.38092042   -0.48376619   -0.78795298   -0.49724205   -0.61129326    0.61568733
   -0.80029743    0.58926901    0.11084250   -0.47593426   -0.73672686    0.48033334    0.36470620    0.33165579    0.87005392
   -0.83506812    0.36830458    0.40867222    0.33796094   -0.24271999    0.90932360    0.43410096    0.89746239    0.07821517
   -0.63919784    0.60953208    0.46893151    0.75369129    0.61773079    0.22440615   -0.15289068    0.49686952   -0.85425121
   -0.90001068    0.12013822    0.41898398   -0.06950328    0.90940683   -0.41005915   -0.43029068   -0.39817838   -0.81012586
   -0.95611661   -0.17780065    0.23286898   -0.27238948    0.24669262   -0.93002512    0.10791201   -0.95264352   -0.28429793
   -0.70184836    0.23866172    0.67115532   -0.30705138   -0.95153621    0.01727136    0.64275060   -0.19395729    0.74111553
   -0.51507132   -0.11789293    0.84900106    0.33645867   -0.93880516    0.07375929    0.78835088    0.32364506    0.52321771
   -0.58818787   -0.13064127    0.79810268    0.80057560    0.04568163    0.59748799   -0.11451522    0.99037672    0.07771884
   -0.34549731   -0.15021471    0.92631914    0.27857257    0.92619255    0.25409582   -0.89611882    0.34583652   -0.27815134
   -0.46855186   -0.67231080    0.57311198   -0.78935103    0.60992109    0.07015146   -0.39671667   -0.41951693   -0.81646888
   -0.21865485   -0.36793850    0.90377614   -0.76219314   -0.51392580   -0.39362658    0.60930425   -0.77492034   -0.16806783
   -0.33558394   -0.68100299    0.65085969    0.45425974   -0.72227315   -0.52150703    0.82524633    0.12064997    0.55173552
   -0.76144202   -0.64497925    0.06486769    0.61641680   -0.68946959    0.38034460   -0.20059008    0.32959590    0.92256716
   -0.51043218   -0.63909288    0.57534275    0.07223370    0.63483628    0.76926276   -0.85687880    0.43421560   -0.27787682
   -0.38432457   -0.91886211   -0.08937029   -0.78203727    0.27258461    0.56045994   -0.49062443    0.28528942   -0.82334538
   -0.40466058   -0.88996737   -0.21025673   -0.62990592    0.43794956   -0.64141930    0.66292409   -0.12711515   -0.73781664
   -0.49236431   -0.86184240   -0.12167603    0.39235815   -0.09498530   -0.91489501    0.77693788   -0.49820223    0.38491826
   -0.25186269   -0.69212873   -0.67640447    0.80760131   -0.53543350    0.24716612   -0.53324038   -0.48401322    0.69381979
   -0.19956066   -0.74270016   -0.63919638   -0.21101980   -0.60443861    0.76819568   -0.95689403    0.28818473   -0.03610226
   -0.37295907   -0.33739443   -0.86433011   -0.86929326   -0.19862391    0.45263425   -0.32439290    0.92017039   -0.21921611
   -0.43366849   -0.35374326   -0.82873237   -0.07584262    0.93078391   -0.35761602    0.89787501   -0.09223357   -0.43048047
   -0.24703588   -0.26873552   -0.93099650    0.61751828    0.69675231   -0.36497588    0.74675595   -0.66506950   -0.00617372
   -0.04273196   -0.04205338   -0.99820113    0.94753699   -0.31849143   -0.02714530   -0.31677695   -0.94699246    0.05345689
   -0.33156735    0.24568953   -0.91087856   -0.35127110   -0.92822502   -0.12250276   -0.87559791    0.27934740    0.39407274
    0.22854820    0.58794241   -0.77594423   -0.97013752    0.07103831   -0.23191970   -0.08123366    0.80577744    0.58662067
   -0.16356427    0.51410748   -0.84198589   -0.64294580    0.59177686    0.48623127    0.74824290    0.62088135    0.23374969
   -0.06015349    0.84570195   -0.53025444    0.83329347    0.33500396    0.43976624    0.54954850   -0.41540409   -0.72486957
   -0.06548607    0.92953667   -0.36286795    0.88700614   -0.11235172   -0.44788079   -0.45709046   -0.35119605   -0.81714726
    0.22765300    0.86681908   -0.44362010   -0.36377423   -0.34688818   -0.86448650   -0.90323996    0.35818050    0.23635631
    0.18261965    0.95978447   -0.21322248   -0.98153060    0.16540311   -0.09612232   -0.05698905    0.22683822    0.97226368
   -0.00837113    0.99298601    0.11793517   -0.42336433   -0.11036684    0.89921177    0.90592084   -0.04240213    0.42131876
   -0.26478029    0.95837415    0.10681939    0.87320849    0.19129084    0.44823514    0.40914340    0.21195943   -0.88751049
   -0.06893926    0.68609771    0.72423567    0.79434255    0.47694767   -0.37621914   -0.60354560    0.54935494   -0.57787703
    0.01121024    0.81462816    0.57987524   -0.40204599    0.53464401   -0.74331339   -0.91555085   -0.22480380    0.33351147
    0.15076713    0.88529118    0.43991909   -0.98850220    0.12982186    0.07752219    0.01151860   -0.44654878    0.89468514
   -0.13062151    0.28237821    0.95036865   -0.06532946   -0.95894961    0.27594875    0.98927756   -0.02604223    0.14370706
    0.13964019    0.52636012    0.83871666    0.98813124   -0.12882684   -0.08366773    0.06400986    0.84044552   -0.53810229
    0.33791065   -0.36201492    0.86877016    0.83537148    0.54057534   -0.09966339   -0.43355609    0.75942313    0.48508311
    0.37252399   -0.05213615    0.92655691   -0.52374017    0.81241287    0.25628416   -0.76610842   -0.58074707    0.27533749
    0.75188662    0.03469175    0.65837906   -0.46840788   -0.67464289    0.57048316    0.46396181   -0.73732860   -0.49100507
    0.10694164   -0.53288666    0.83940175    0.10159297   -0.83396796   -0.54238023    0.98906135    0.14328035   -0.03504837
    0.25772117   -0.45591532    0.85189261    0.93680376   -0.09799097   -0.33585189    0.23659781    0.88461234    0.40184884
    0.45597323   -0.68186166    0.57197299    0.33549942    0.72694893    0.59915390   -0.82433522   -0.08130153    0.56023344
    0.43560569   -0.86019578    0.26516204   -0.49687798    0.01584730    0.86767571   -0.75057309   -0.50971765   -0.42050916
    0.67006726   -0.72313826    0.16757365   -0.68973494   -0.68998421   -0.21951652    0.27436397    0.03150943   -0.96110955
    0.32605485   -0.89754723    0.29681173    0.06119395   -0.29327269   -0.95406836    0.94336819    0.32924169   -0.04069853
    0.30247758   -0.93420889   -0.18910596    0.89527136    0.34654699   -0.27998997    0.32710322   -0.08461046    0.94119315
    0.22296741   -0.97375703    0.04563753    0.48301242    0.15102126    0.86249150   -0.84674939   -0.17026400    0.50400955
    0.46475815   -0.72934002   -0.50205876   -0.43256551   -0.68177075    0.58997944   -0.77258459   -0.05702445   -0.63234585
    0.46049470   -0.71886850   -0.52074246   -0.62422733    0.15483121   -0.76574639    0.63109814    0.67768383   -0.37743841
    0.48540906   -0.71182562   -0.50762421   -0.08285471    0.54054848   -0.83722305    0.87035231    0.44845471    0.20340902
    0.55368976   -0.45657018   -0.69639882    0.82287644    0.17176408    0.54163776   -0.12767935   -0.87294947    0.47080486
    0.11515863   -0.26701845   -0.95678610    0.52773948   -0.79957231    0.28666210   -0.84156374   -0.53794541    0.04883852
    0.45349114   -0.15619685   -0.87746699   -0.74143014   -0.61246848   -0.27416000   -0.49459795    0.77490961   -0.39355808
    0.52821232   -0.12843686   -0.83934243   -0.68146004    0.52559063   -0.50928057    0.50656092    0.84098660    0.19009886
    0.85088627    0.40262800   -0.33746592    0.23314230    0.28624344    0.92935965    0.47078363   -0.86945695    0.14969099
    0.74569776    0.31218572   -0.58862121    0.63496219   -0.60065354    0.48583778   -0.20188580   -0.73604035   -0.64613213
    0.91284308    0.09747306   -0.39650538   -0.19780444   -0.74395930   -0.63827734   -0.35719871    0.66107758   -0.65983749
    0.62665610    0.68654500   -0.36872495   -0.60733399    0.13377103   -0.78310327   -0.48831092    0.71467564    0.50079055
    0.83101430    0.44995494   -0.32704095   -0.30674713    0.86115522    0.40536143    0.46402740   -0.23654227    0.85365469
    0.44576010    0.89036364    0.09246902    0.10895601   -0.15649837    0.98165006    0.88849677   -0.42750538   -0.16677120
    0.72826345    0.64309642    0.23676854    0.68494377   -0.69416002   -0.22134565    0.02200866    0.32337109   -0.94601626
    0.85172391    0.36212627    0.37872279    0.34920281    0.14659774   -0.92550878   -0.39067094    0.92052902   -0.00159471
    0.78831618    0.22572403    0.57236899   -0.27946267    0.96013620    0.00625319   -0.54814069   -0.16488525    0.81997234
    0.79819232    0.49278074    0.34649122   -0.54830520    0.35607935    0.75668283    0.24950036   -0.79396136    0.55441404
    0.76941587    0.51056481    0.38382652    0.08147584   -0.67444372    0.73381698    0.63353051   -0.53333784   -0.56052640
    0.76125697   -0.04288694    0.64703055    0.63390717   -0.16091982   -0.75648299    0.13656328    0.98603525   -0.09531499
    0.97954617    0.19620039    0.04466224   -0.18402334    0.96326965   -0.19556839   -0.08139238    0.18334937    0.97967254
    0.98849239   -0.13000405   -0.07734166    0.12609760    0.42573167    0.89602006   -0.08355944   -0.89546161    0.43722572
