# Rotation matrices: 49 entries, row-major flattening of 3x3 -> 1x9
# https://github.com/Neurophysics-CFIN/GFO
# Col:  1    2    3    4    5    6    7    8    9
#       R11  R12  R13  R21  R22  R23  R31  R32  R33
# where Rij = R(i,j), i = row index, j = column index

   -0.99811861    0.04914011    0.03666720    0.04322970    0.98811892   -0.14748628   -0.04347904   -0.14562369   -0.98838419
   -0.46796922   -0.18485867   -0.86419447    0.85848650    0.13702950   -0.49419009    0.20977546   -0.97316504    0.09457308
   -0.99459735    0.06917146   -0.07740431    0.06616668   -0.15212357   -0.98614420   -0.07998805   -0.98593799    0.14672485
   -0.74037680    0.15945961   -0.65300446   -0.17844975   -0.98322381   -0.03777068   -0.64807244    0.08856395    0.75641162
   -0.65745314    0.41877372   -0.62640557   -0.68402419    0.01695449    0.72926227    0.31601626    0.90793233    0.27530457
   -0.70966395    0.43199606   -0.55655771   -0.07207877    0.74129645    0.66729620    0.70084359    0.51367205   -0.49493362
   -0.71768496    0.69278066   -0.07059222    0.69634522    0.71478342   -0.06471478    0.00562500   -0.09560138   -0.99540381
   -0.62879778    0.75270916   -0.19504427    0.13044838   -0.14516622   -0.98077010   -0.76654848   -0.64214927   -0.00690949
   -0.52990899    0.82013088   -0.21582820   -0.56304864   -0.53055033   -0.63363441   -0.63417087   -0.21424680    0.74291697
   -0.57378786    0.81604575   -0.06954737   -0.60912837   -0.36844511    0.70228970    0.54747614    0.44532858    0.70848595
   -0.75951605    0.53187322    0.37449465    0.32930028   -0.18211001    0.92649731    0.56097833    0.82701077   -0.03683053
   -0.66808578    0.58474970    0.46014038    0.74038907    0.58397105    0.33286910   -0.07406356    0.56306802   -0.82308505
   -0.72096913    0.36737312    0.58757171   -0.02079056    0.83605788   -0.54824719   -0.69265523   -0.40748524   -0.59513403
   -0.50498696    0.51889841    0.68973373   -0.80839837   -0.00431606   -0.58861995   -0.30245702   -0.85482502    0.42165618
   -0.73224022   -0.10061545    0.67357315   -0.57918323   -0.42831469   -0.69360890    0.35828904   -0.89801061    0.25535446
   -0.48005496   -0.27390314    0.83338125    0.53746147   -0.84265624    0.03264395    0.69331263    0.46358120    0.55173369
   -0.17532546   -0.01110829    0.98444786    0.93502749    0.31114586    0.17003483   -0.30819567    0.95029725   -0.04416524
   -0.07617469   -0.70792006    0.70217278    0.47915091    0.59158876    0.64841124   -0.87442085    0.38583925    0.29413645
    0.02261091   -0.67988334    0.73297162   -0.87622032    0.33954152    0.34197881   -0.48137999   -0.64997708   -0.58805025
    0.33161109   -0.34552085    0.87786641   -0.74265131   -0.66946149    0.01703962    0.58181020   -0.65759917   -0.47860237
   -0.02770862   -0.69414939    0.71929748    0.29673523   -0.69285029   -0.65719608    0.95455772    0.19523091    0.22517650
    0.02822746   -0.81823139    0.57419561    0.95466217    0.19236562    0.22719070   -0.29635006    0.54174981    0.78656455
   -0.06804063   -0.99757083   -0.01493004   -0.08024936   -0.00944395    0.99673008   -0.99444985    0.06901627   -0.07941185
   -0.05703522   -0.99104994    0.12069386   -0.97899491    0.07922032    0.18786458   -0.19574459   -0.10744378   -0.97475119
    0.09650665   -0.99360477   -0.05861759   -0.51547314    0.00048626   -0.85690560    0.85145399    0.11291288   -0.51212965
    0.12682065   -0.93847790   -0.32120982    0.66690494    0.32038195   -0.67275048    0.73427129   -0.12889776    0.66650659
   -0.02162261   -0.86003749   -0.50977247    0.99432423   -0.07162818    0.07866850   -0.10417194   -0.50517810    0.85670490
   -0.07046287   -0.70490624   -0.70579188   -0.11545679   -0.69703181    0.70768382   -0.99081013    0.13135390   -0.03227135
    0.08552985   -0.58555706   -0.80610643   -0.79275528   -0.53007381    0.30093324   -0.60350949    0.61330636   -0.50954058
    0.20338905   -0.51061924   -0.83540462   -0.49890123    0.68011201   -0.53716405    0.84245502    0.52603768   -0.11642123
   -0.02916873   -0.01988762   -0.99937664    0.18916996    0.98162464   -0.02505564    0.98151104   -0.18978288   -0.02487061
   -0.15037343   -0.12061017   -0.98124463    0.88390480   -0.46098126   -0.07879459   -0.44283196   -0.87917545    0.17592724
    0.61225013   -0.20649669   -0.76322270   -0.38140099   -0.92269283   -0.05631357   -0.69259155    0.32557188   -0.64367685
    0.52259941    0.20027818   -0.82872101   -0.82683767    0.35610081   -0.43535236    0.20791665    0.91273263    0.35169562
    0.70363869    0.37071976   -0.60618434    0.04098641    0.83051430    0.55548727    0.70937488   -0.41570765    0.56918752
    0.67068639    0.68160440   -0.29256661    0.65636278   -0.36164696    0.66211735    0.34549627   -0.63610292   -0.68993145
    0.65063387    0.71817989   -0.24676551    0.59361072   -0.68365509   -0.42454921   -0.47360520    0.12974344   -0.87112844
    0.75151042    0.60179096   -0.27033264   -0.23559561   -0.13793949   -0.96201217   -0.61621977    0.78665135    0.03811635
    0.80219605    0.57590585   -0.15752444   -0.59602793    0.78794591   -0.15457020    0.03510286    0.21788457    0.97534307
    0.52192524    0.85272522   -0.02130118   -0.42068381    0.27905025    0.86322424    0.74203718   -0.44157745    0.50437106
    0.26905915    0.89652110    0.35193336    0.71102897   -0.43137429    0.55529634    0.64964989    0.10082726   -0.75351767
    0.76785658    0.50016057    0.40029449    0.50599808   -0.09029770   -0.85779500   -0.39288956    0.86121178   -0.32241597
    0.66743403    0.51054205    0.54210574   -0.39482140    0.85985045   -0.32368699   -0.63138568    0.00200477    0.77546638
    0.66297603    0.54770104    0.51037864   -0.74222085    0.56995917    0.35249789   -0.09783153   -0.61251132    0.78438439
    0.68693169    0.49239012    0.53448744   -0.13192275   -0.63876723    0.75800581    0.71464763   -0.59120926   -0.37383200
    0.41236584   -0.04037230    0.91012334    0.45960627   -0.85334575   -0.24609572    0.78658533    0.51977986   -0.33333528
    0.79144306   -0.23223451    0.56540695    0.58271810    0.56594674   -0.58321857   -0.18454674    0.79105716    0.58324187
    0.99900240   -0.03603036    0.02638231    0.01216024    0.78794206    0.61562930   -0.04296908   -0.61469433    0.78759414
    0.99489373   -0.02447665   -0.09791506    0.06738460   -0.56116180    0.82495864   -0.07513842   -0.82734414   -0.55664701
