# Rotation matrices: 69 entries, row-major flattening of 3x3 -> 1x9
# https://github.com/Neurophysics-CFIN/GFO
# Col:  1    2    3    4    5    6    7    8    9
#       R11  R12  R13  R21  R22  R23  R31  R32  R33
# where Rij = R(i,j), i = row index, j = column index

   -0.95292912   -0.30225711    0.02380618   -0.30281107    0.94484915   -0.12476192    0.01521693   -0.12609804   -0.99190107
   -0.83880827   -0.29344666   -0.45857360    0.24007980    0.55661043   -0.79532793    0.48863317   -0.77722190   -0.39643882
   -0.90690704   -0.18019395   -0.38085399    0.42096676   -0.34996250   -0.83684720    0.01751019   -0.91926948    0.39323912
   -0.74788790   -0.18988148   -0.63608861    0.23549043   -0.97178686    0.01321182   -0.62065123   -0.13991182    0.77150290
   -0.89658738    0.23169984   -0.37742054   -0.42797100   -0.23413065    0.87293967    0.11389427    0.94419173    0.30907940
   -0.88860520    0.41773574   -0.18941395    0.02098835    0.44956077    0.89300314    0.45819241    0.78955175   -0.40824962
   -0.92783881    0.28217030   -0.24391611    0.33950020    0.90972743   -0.23903058    0.15444984   -0.30459142   -0.93987729
   -0.80976783    0.57369139    0.12310261    0.11094351    0.35572365   -0.92798288   -0.57616630   -0.73779324   -0.35170091
   -0.78147309    0.61514236   -0.10440156   -0.53868571   -0.74961290   -0.38457536   -0.31482935   -0.24429566    0.91717071
   -0.76578461    0.62536231   -0.14998633   -0.59675900   -0.60408300    0.52816894    0.23969276    0.49396934    0.83578806
   -0.50628661    0.61717710    0.60230084    0.10706815   -0.64803825    0.75404432    0.85569287    0.44624978    0.26201308
   -0.41708702    0.77209378    0.47948891    0.90861530    0.36662702    0.20000715   -0.02136932    0.51909134   -0.85445160
   -0.08132445    0.40975642    0.90856261   -0.00918778    0.91123512   -0.41178409   -0.99664533   -0.04183579   -0.07034094
   -0.18773251    0.53558123    0.82335245   -0.88307221    0.27498175   -0.38022165   -0.43004647   -0.79845963    0.42133389
   -0.57289731    0.27927472    0.77058050   -0.64768977   -0.73040213   -0.21681950    0.50228143   -0.62331241    0.59932879
   -0.59199795   -0.16081617    0.78973197    0.14012818   -0.98550355   -0.09563916    0.79366398    0.05404552    0.60595096
   -0.42142666    0.00722827    0.90683368    0.90479197    0.07088531    0.41991281   -0.06124594    0.99745828   -0.03641304
   -0.38190338   -0.40596246    0.83026760    0.21845243    0.83325317    0.50790520   -0.89801355    0.37534469   -0.22953871
   -0.46661606   -0.35825795    0.80865363   -0.78582769    0.58750600   -0.19316197   -0.40588705   -0.72559489   -0.55566875
   -0.67473227   -0.39947027    0.62061250   -0.51145729   -0.35316563   -0.78338080    0.53211634   -0.84598909    0.03398027
   -0.19163007   -0.87697920    0.44066471    0.33614075   -0.48047586   -0.81003231    0.92211025   -0.00710118    0.38686207
   -0.70958795   -0.64813266    0.27642176    0.69347458   -0.57289402    0.43690438   -0.12481162    0.50171355    0.85598223
   -0.61880003   -0.76337288    0.18533316   -0.03920856    0.26564813    0.96327242   -0.78456945    0.58880635   -0.19431383
   -0.57728724   -0.81340091    0.07154303   -0.80202601    0.58129153    0.13731147   -0.15327663    0.02188879   -0.98794087
   -0.24216352   -0.96855403    0.05709574   -0.66338240    0.12234560   -0.73821091    0.70801174   -0.21664406   -0.67214933
   -0.55785362   -0.68725172   -0.46527886    0.56156436    0.10022757   -0.82134031    0.61110131   -0.71947169    0.33002376
   -0.23425818   -0.83442797   -0.49885174    0.89090787   -0.38963725    0.23337949   -0.38910959   -0.38975989    0.83467416
   -0.37950596   -0.77154932   -0.51057504   -0.17097497   -0.48386870    0.85827655   -0.90925397    0.41301662    0.05171543
   -0.01545663   -0.35251701   -0.93567775   -0.92302975   -0.35474676    0.14889869   -0.38441797    0.86595987   -0.31990049
    0.14236085   -0.26344268   -0.95411286   -0.60821599    0.73719790   -0.29430013    0.78090121    0.62220351   -0.05528193
    0.00284679   -0.20583856   -0.97858182    0.54822916    0.81873868   -0.17062171    0.83632331   -0.53600136    0.11517748
   -0.11015464    0.00006255   -0.99391446    0.94687700   -0.30398554   -0.10496065   -0.30214219   -0.95267664    0.03342619
   -0.21884223    0.11890149   -0.96848878    0.16238708   -0.97426862   -0.15630449   -0.96215306   -0.19147609    0.19390305
    0.29697484    0.58439984   -0.75517069   -0.92787715   -0.01015071   -0.37274784   -0.22549930    0.81140236    0.53923676
    0.21891399    0.48287110   -0.84788688   -0.52573135    0.79041557    0.31440383    0.82199952    0.37693332    0.42689350
    0.12210275    0.35442889   -0.92707663    0.72721187    0.60373822    0.32659311    0.67546563   -0.71405904   -0.18402680
   -0.00376326    0.91247074   -0.40912466    0.78932251   -0.24848224   -0.56145040   -0.61396728   -0.32504419   -0.71929859
    0.00418657    0.91332042   -0.40722019   -0.29198567   -0.38836124   -0.87402512   -0.95641353    0.12256162    0.26505057
    0.12333045    0.86990640   -0.47754837   -0.98950775    0.14429515    0.00730154    0.07525957    0.47163732    0.87857512
   -0.11592364    0.98009097    0.16119370   -0.37631971   -0.19352721    0.90605226    0.91920900    0.04437251    0.39126193
   -0.21554943    0.97526030   -0.04904885    0.91918075    0.21959724    0.32693087    0.32961369    0.02538500   -0.94377456
   -0.04182419    0.84856990    0.52742759    0.77187923    0.36262474   -0.52221236   -0.63439198    0.38526929   -0.67015997
    0.58749849    0.70757825    0.39265575   -0.50118227    0.69911676   -0.50995303   -0.63534389    0.10280453    0.76535572
    0.33015646    0.75919644    0.56090773   -0.93576473    0.18527486    0.30002931    0.12385908   -0.62393429    0.77159894
    0.55925106    0.31199172    0.76804910   -0.10049369   -0.89413178    0.43638214    0.82288473   -0.32123126   -0.46869095
    0.69536003    0.27074656    0.66571070    0.62106417   -0.69247513   -0.36709330    0.36159886    0.66871107   -0.64967051
    0.53827747   -0.26211993    0.80096848    0.69814676    0.67104636   -0.24957542   -0.47206830    0.69353437    0.54420731
    0.42050488   -0.35365820    0.83552470   -0.61366948    0.56743009    0.54902903   -0.66827047   -0.74360539    0.02157787
    0.55015123    0.12589167    0.82552099   -0.82378785   -0.08009790    0.56121111    0.13677430   -0.98880514    0.05964207
    0.51021525   -0.60691601    0.60937127   -0.01194761   -0.71346608   -0.70058790    0.85996375    0.35017010   -0.37127247
    0.41392713   -0.52441997    0.74407528    0.89593234    0.08999204   -0.43497894    0.16115079    0.84669069    0.50709496
    0.45898527   -0.46852800    0.75486027    0.40735101    0.86605297    0.28985756   -0.78955537    0.17445275    0.58836091
    0.55605396   -0.71498507    0.42379280   -0.43732829    0.18190766    0.88071197   -0.70678707   -0.67505996   -0.21153272
    0.26832673   -0.78326087    0.56080582   -0.82217645   -0.48958350   -0.29040298    0.50202256   -0.38315845   -0.77534698
    0.40276477   -0.91497640   -0.02446878   -0.14335885   -0.03665720   -0.98899165    0.90400707    0.40183882   -0.14593419
    0.27236090   -0.96133439   -0.04069079    0.90031979    0.26953868   -0.34172089    0.33947579    0.05643668    0.93892017
    0.01402535   -0.85168633   -0.52386419    0.42260047   -0.46977405    0.77506206   -0.90620756   -0.23225577    0.35333429
    0.59286503   -0.57618879   -0.56259891   -0.41680254   -0.81731548    0.39783294   -0.68904768   -0.00136858   -0.72471472
    0.53048882   -0.78705841   -0.31483436   -0.62656667   -0.11390455   -0.77099933    0.57096044    0.60627123   -0.55356966
    0.91890022   -0.21810937   -0.32871065    0.24136089    0.96993583    0.03113521    0.31203736   -0.10794804    0.94391732
    0.79868155   -0.23853783   -0.55245587    0.52722997   -0.16514749    0.83351956   -0.29006265   -0.95698799   -0.00613596
    0.79913818   -0.08067895   -0.59570889    0.27129631   -0.83589831    0.47715022   -0.53644803   -0.54292258   -0.64611035
    0.88138766   -0.21570787   -0.42026885   -0.46510190   -0.55196476   -0.69210918   -0.08268019    0.80548434   -0.58682107
    0.98265765    0.09933571   -0.15657699   -0.18493502    0.58661255   -0.78846988    0.01352682    0.80375254    0.59480996
    0.88489635    0.27702866   -0.37445101   -0.04479405    0.85079552    0.52358426    0.46362909   -0.44654463    0.76527509
    0.71967795    0.68198919   -0.13020903    0.37008103   -0.21812151    0.90302992    0.58745525   -0.69807862   -0.40936851
    0.71878414    0.69522365   -0.00366653    0.52904966   -0.55038505   -0.64589685   -0.45106077    0.46232064   -0.76341588
    0.97790062    0.17370831   -0.11634344   -0.11229744   -0.03297547   -0.99312733   -0.17635095    0.98424491   -0.01273973
    0.97590519   -0.06601771    0.20796806   -0.04872694    0.86311886    0.50264453   -0.21268460   -0.50066706    0.83910533
