# Rotation matrices: 8 entries, row-major flattening of 3x3 -> 1x9
# https://github.com/Neurophysics-CFIN/GFO
# Col:  1    2    3    4    5    6    7    8    9
#       R11  R12  R13  R21  R22  R23  R31  R32  R33
# where Rij = R(i,j), i = row index, j = column index

   -0.75615498    0.64248647    0.12426092    0.59757480    0.75533066   -0.26903523   -0.26670958   -0.12917713   -0.95508077
   -0.65344622   -0.73100576   -0.19656710    0.40610930   -0.11940080   -0.90599045    0.63881396   -0.67184376    0.37489023
    0.03543146    0.22980733   -0.97259097    0.75614829   -0.64249370   -0.12426428   -0.65344041   -0.73102014   -0.19653291
    0.03542460    0.22982926   -0.97258604   -0.65342702   -0.73102826   -0.19654721   -0.75616018    0.64247661    0.12428027
    0.65343522    0.73102641    0.19652685   -0.75615201    0.64249487    0.12423561   -0.03544799   -0.22978409    0.97259586
   -0.75613263    0.64251185    0.12426567   -0.03544815   -0.22982096    0.97258714    0.65345762    0.73099989    0.19655098
    0.65346840    0.73099378    0.19653790    0.30982896   -0.49519551    0.81165721    0.69064105   -0.46949921   -0.55007766
    0.75616041   -0.64247536   -0.12428530   -0.55202793   -0.52428125   -0.64837823    0.35140658    0.55888691   -0.75110508
