# Rotation matrices: 40 entries, row-major flattening of 3x3 -> 1x9
# https://github.com/Neurophysics-CFIN/GFO
# Col:  1    2    3    4    5    6    7    8    9
#       R11  R12  R13  R21  R22  R23  R31  R32  R33
# where Rij = R(i,j), i = row index, j = column index

   -0.98359056   -0.02050126    0.17924650   -0.01012781    0.99823033    0.05859731   -0.18013061    0.05582039   -0.98205756
   -0.98013074   -0.09436523    0.17446757   -0.18018285    0.05581710   -0.98204816    0.08293293   -0.99397166   -0.07171105
   -0.18018104    0.05578307   -0.98205043    0.76164576   -0.62386523   -0.17517964   -0.62243917   -0.77953860    0.06992175
   -0.79966052    0.05407857   -0.59801218    0.00088857   -0.99582840   -0.09124150   -0.60045172   -0.07349360    0.79627660
   -0.84642037    0.06447895   -0.52859722   -0.53213098   -0.14012024    0.83498679   -0.02022809    0.98803278    0.15291187
   -0.74647648    0.39786111   -0.53336610   -0.21753832    0.61159733    0.76067456    0.62884811    0.68385324   -0.36999298
   -0.74646855    0.39788599   -0.53335864    0.62886355    0.68384255   -0.36998649    0.21752089   -0.61159309   -0.76068296
   -0.64848082    0.75543323   -0.09377236    0.51490670    0.34457155   -0.78494684   -0.56066364   -0.55730699   -0.61242567
   -0.33335595    0.82893572   -0.44915407   -0.56065945   -0.55730917   -0.61242752   -0.75798073    0.04766612    0.65053297
   -0.72321420    0.66920317    0.17067023   -0.66671746   -0.74098260    0.08020360    0.18013618   -0.05578444    0.98205858
   -0.76167159    0.62383352    0.17518028    0.18016088   -0.05580475    0.98205289    0.62241340    0.77956242   -0.06988550
   -0.77404043    0.61546051    0.14855898    0.56066681    0.55730164    0.61242764    0.29413286    0.55733585   -0.77644228
   -0.21751028    0.61159999    0.76068044    0.62884478    0.68384645   -0.37001119   -0.74648745    0.39786869   -0.53334509
   -0.21749667    0.61160521    0.76068013   -0.74649262    0.39786978   -0.53333705   -0.62884335   -0.68384114    0.37002342
    0.56066189    0.55730553    0.61242859   -0.18735157   -0.63505048    0.74940661    0.80657153   -0.53490319   -0.25163654
    0.18013440   -0.05578873    0.98205866    0.07624773   -0.99459435   -0.07048662    0.98068235    0.08757681   -0.17490690
    0.18016860   -0.05578481    0.98205261    0.98067591    0.08758079   -0.17494106   -0.07624989    0.99459422    0.07048613
    0.18015407   -0.05577181    0.98205602    0.62289426    0.77916638   -0.07001781   -0.76128001    0.62433105    0.17510993
    0.06775003   -0.76800094    0.63685515   -0.82527216    0.31556485    0.46834248   -0.56065657   -0.55730905   -0.61243027
   -0.29412976   -0.55734644    0.77643585   -0.56066041   -0.55730032   -0.61243470    0.77404625   -0.61545211   -0.14856347
    0.06778780   -0.76798131    0.63687481    0.21748336   -0.61161798   -0.76067367    0.97370725    0.19007406    0.12556292
   -0.03744532   -0.78399323    0.61963897    0.97534554    0.10627696    0.19340705   -0.21748317    0.61160430    0.76068473
    0.08293888   -0.99397305   -0.07168479    0.18015807   -0.05579250    0.98205411   -0.98013479   -0.09436506    0.17444490
   -0.00121286   -0.99737871   -0.07234805   -0.98905955   -0.00947576    0.14721216   -0.14751183    0.07173508   -0.98645544
   -0.30764098   -0.93855766   -0.15641784   -0.74128500    0.33947536   -0.57901039    0.59653464   -0.06217713   -0.80017525
   -0.02039107   -0.99383081   -0.10901613    0.61846643    0.07313427   -0.78240057    0.78554661   -0.08337680    0.61315971
   -0.56065981   -0.55730591   -0.61243016    0.65110725   -0.75365985    0.08975622   -0.51158569   -0.34843501    0.78541271
    0.21357649   -0.61237824   -0.76116883    0.06777813   -0.76798077    0.63687648   -0.97457232   -0.18761244   -0.12251678
    0.21749786   -0.61160300   -0.76068157   -0.97370757   -0.19004081   -0.12561075   -0.06773663    0.76800147   -0.63685594
    0.82527094   -0.31556822   -0.46834237   -0.06774832    0.76799972   -0.63685681    0.56065858    0.55730883    0.61242863
    0.75798238   -0.04766620   -0.65053105    0.56065911    0.55730625    0.61243050    0.33335278   -0.82893768    0.44915281
    0.51495172    0.34453037   -0.78493538    0.64845090   -0.75545271    0.09382238   -0.56065690   -0.55730605   -0.61243270
    0.60051237    0.07560282   -0.79603336   -0.06195521   -0.98812827   -0.14058475   -0.79721167    0.13374130   -0.58869926
    0.53509460    0.17218521   -0.82705866   -0.84470145    0.12339625   -0.52081938    0.01237854    0.97730529    0.21147376
    0.62885085    0.68384332   -0.37000664   -0.21749779    0.61159310    0.76068955    0.74648598   -0.39788464    0.53333526
    0.62241418    0.77955975   -0.06990832    0.18018002   -0.05579191    0.98205011    0.76166642   -0.62383800   -0.17518677
    0.62890604    0.77419593   -0.07139931    0.75631898   -0.63048299   -0.17456458   -0.18016324    0.05578407   -0.98205364
    0.56066164    0.55730653    0.61242792    0.76306983   -0.06054590   -0.64347387   -0.32153220    0.82809639   -0.45920956
    0.95618076    0.29000120    0.04022008   -0.19600256    0.73610450   -0.64786817   -0.21748873    0.61159584    0.76068994
    0.97370523    0.19005920    0.12560107   -0.21750122    0.61159182    0.76068960    0.06775947   -0.76800583    0.63684826
