# Rotation matrices: 25 entries, row-major flattening of 3x3 -> 1x9
# https://github.com/Neurophysics-CFIN/GFO
# Col:  1    2    3    4    5    6    7    8    9
#       R11  R12  R13  R21  R22  R23  R31  R32  R33
# where Rij = R(i,j), i = row index, j = column index

   -0.81006518   -0.51046573    0.28847728   -0.43177946    0.85219727    0.29551027   -0.39668742    0.11482402   -0.91074395
   -0.95854148   -0.06383097   -0.27771180    0.24350149    0.32271612   -0.91463727    0.14800426   -0.94434100   -0.29379384
   -0.87569991   -0.05604454   -0.47959220    0.39335252   -0.65885123   -0.64124010   -0.28004190   -0.75018269    0.59900122
   -0.82919695   -0.39380951   -0.39666925    0.22315872   -0.88388826    0.41102522   -0.51247693    0.25230066    0.82079947
   -0.58438486    0.62885446   -0.51287074   -0.80820533   -0.50773715    0.29834064   -0.07279069    0.58885062    0.80495743
   -0.43852402    0.25471101   -0.86186947   -0.10361534    0.93827323    0.33001091    0.89272647    0.23402061   -0.38506338
    0.22564172    0.95587284   -0.18813007    0.96719278   -0.24293653   -0.07429643   -0.11672161   -0.16519368   -0.97932993
    0.08502754    0.96070659   -0.26422182    0.46943278   -0.27253188   -0.83985668   -0.87886471   -0.05262343   -0.47415988
   -0.32656038    0.90299594   -0.27920717   -0.64061097   -0.42865691   -0.63707994   -0.69496468   -0.02918189    0.71845147
    0.46681552    0.74887662    0.47039034   -0.74538604    0.04694850    0.66497781    0.47590222   -0.66104436    0.58011847
    0.23868630    0.93603044    0.25860367    0.14365974   -0.29740567    0.94388121    0.96041175   -0.18814057   -0.20545655
   -0.37875552    0.79865516    0.46764750    0.91235173    0.40706416    0.04373885   -0.15543028    0.44322534   -0.88283222
    0.32728211    0.35704947    0.87487262    0.53988686    0.68920239   -0.48324139   -0.77550538    0.63048849    0.03279729
    0.08482706    0.59541658    0.79892645   -0.84686665    0.46555657   -0.25704856   -0.52499643   -0.65477949    0.54373024
   -0.51648076    0.20602578    0.83114439   -0.37933139   -0.92523895   -0.00636987    0.76769481   -0.31856908    0.55602017
   -0.10338888    0.35327536    0.92978883    0.33338817   -0.86841420    0.36702739    0.93710355    0.34792714   -0.02799346
   -0.30975929    0.12007741    0.94320231    0.94055873    0.18400752    0.28546543   -0.13927837    0.97556273   -0.16993789
   -0.11267959   -0.53428504    0.83776059    0.50712580    0.69412771    0.51089152   -0.85447453    0.48241706    0.19273570
    0.13612316   -0.44326323    0.88599559   -0.85257303    0.40307161    0.33264472   -0.50456884   -0.80065660   -0.32304690
   -0.54882952   -0.67810139    0.48884012   -0.77957346    0.20409894   -0.59212232    0.30174722   -0.70606099   -0.64064537
    0.62961562   -0.69861947    0.33987500    0.28028145   -0.20375610   -0.93804358    0.72458711    0.68586755    0.06752206
    0.94865628   -0.28778321   -0.13127105    0.29158616    0.95648899    0.01031122    0.12259192   -0.04805862    0.99129289
    0.71567647   -0.56923772   -0.40469199    0.41764107   -0.11563241    0.90122421   -0.55980633   -0.81400096    0.15498165
    0.88797501   -0.04492767   -0.45769191    0.25891849   -0.77366552    0.57827578   -0.38008103   -0.63199934   -0.67536305
    0.89400486    0.25405908   -0.36906542   -0.19675292   -0.51743317   -0.83279722   -0.40254638    0.81713946   -0.41260091
