# Rotation matrices: 45 entries, row-major flattening of 3x3 -> 1x9
# https://github.com/Neurophysics-CFIN/GFO
# Col:  1    2    3    4    5    6    7    8    9
#       R11  R12  R13  R21  R22  R23  R31  R32  R33
# where Rij = R(i,j), i = row index, j = column index

   -0.96378137    0.16412359   -0.21021163    0.13514656    0.98007323    0.14557426    0.22991496    0.11189239   -0.96675706
   -0.97311266   -0.15822537   -0.16738125    0.13317318    0.20641500   -0.96935945    0.18792726   -0.96558665   -0.17979368
   -0.45963251    0.15529526   -0.87442629    0.72621673   -0.50103954   -0.47071078   -0.51122131   -0.85137698    0.11751604
   -0.51027275   -0.03045080   -0.85947337   -0.32496125   -0.91845678    0.22547134   -0.79625493    0.39434743    0.45876813
   -0.67413942    0.31239923   -0.66928526   -0.72826959   -0.43219676    0.53181704   -0.12312368    0.84593894    0.51887173
   -0.78919714    0.50681219   -0.34685627    0.14023839    0.69858020    0.70165440    0.59791393    0.50510108   -0.62239203
   -0.62002619    0.75688754   -0.20661262    0.75300802    0.64802428    0.11420795    0.22033257   -0.08476904   -0.97173441
   -0.72274932    0.59309066   -0.35479134    0.31516348   -0.17403135   -0.93294430   -0.61506537   -0.78610213   -0.06113948
   -0.41302964    0.90043826    0.13644583   -0.74250403   -0.24618656   -0.62296063   -0.52734645   -0.35861278    0.77026138
   -0.55395188    0.82610236   -0.10340315   -0.69980884   -0.39474418    0.59535252    0.45100433    0.40215909    0.79678301
   -0.82242110    0.48792594    0.29249241    0.18157820   -0.26211130    0.94780115    0.53912234    0.83260191    0.12696915
   -0.50264141    0.59774105    0.62454564    0.81170269    0.57491177    0.10303013   -0.29747330    0.55873258   -0.77416247
   -0.80286223    0.44051109    0.40169916    0.12743609    0.78504289   -0.60619114   -0.58238499   -0.43549700   -0.68641830
   -0.68104107    0.43700625    0.58754455   -0.69922986   -0.14990195   -0.69900430   -0.21739517   -0.88687933    0.40765721
   -0.40329327   -0.18616649    0.89593335   -0.69931143   -0.56876999   -0.43297139    0.59018477   -0.80115088    0.09919276
   -0.00124722   -0.09861134    0.99512524    0.32582671   -0.94086149   -0.09282573    0.94542869    0.32412261    0.03330367
    0.21804236    0.08636997    0.97210995    0.90941007    0.34348860   -0.23449715   -0.35416220    0.93517689   -0.00365066
    0.18522454   -0.68968917    0.70001480    0.29682422    0.71833448    0.62919866   -0.93679627    0.09123831    0.33776962
   -0.01778605   -0.62576629    0.77980780   -0.97132024    0.19577204    0.13494555   -0.23710894   -0.75504295   -0.61130147
    0.10220132   -0.68374701    0.72252676   -0.81964215   -0.46945805   -0.32832283    0.56368576   -0.55865836   -0.60840710
   -0.05864452   -0.74392353    0.66568656    0.56417387   -0.57483011   -0.59268726    0.82357068    0.34080511    0.45341285
   -0.20921922   -0.97130018    0.11315157    0.92608519   -0.15965340    0.34187279   -0.31399607    0.17631436    0.93290927
    0.13313174   -0.98009161    0.14729689   -0.19242362    0.12023111    0.97391870   -0.97223921   -0.15800289   -0.17258620
   -0.12058554   -0.99001854    0.07295497   -0.92647163    0.13862996    0.34990292   -0.35652412   -0.02539748   -0.93394086
   -0.43682788   -0.88983474    0.13181631   -0.52525195    0.13335277   -0.84043288    0.73026830   -0.43636129   -0.52563964
    0.16814130   -0.80673829   -0.56648199    0.43066130    0.57703797   -0.69394382    0.88671266   -0.12728125    0.44445488
   -0.20836877   -0.76460256   -0.60988964    0.87922583   -0.41958439    0.22563441   -0.42842082   -0.48921556    0.75968660
    0.14136576   -0.88585937   -0.44189241    0.36089647   -0.36953927    0.85626776   -0.92182941   -0.28052435    0.26746331
   -0.16032202   -0.79144991   -0.58983379   -0.91975776   -0.09709806    0.38028624   -0.35824922    0.60347246   -0.71237524
    0.28944739   -0.39354082   -0.87255133   -0.43853577    0.75575380   -0.48633586    0.85082700    0.52341362    0.04616924
    0.15030331   -0.22830649   -0.96191739    0.31276498    0.93397891   -0.17280468    0.93786299   -0.27488096    0.21178640
    0.16742332   -0.14202485   -0.97560155    0.93957116   -0.27675286    0.20152890   -0.29862263   -0.95038771    0.08710757
    0.86909947   -0.12809701   -0.47776277   -0.19532670   -0.97626489   -0.09356469   -0.45443766    0.17463685   -0.87349207
    0.66513749    0.31023481   -0.67922491   -0.63014175    0.72123435   -0.28764978    0.40064136    0.61933463    0.67521191
    0.54553206    0.38392554   -0.74498051    0.05902762    0.86909418    0.49111205    0.83600868   -0.31189179    0.45145653
    0.73892971    0.37414577   -0.56035510    0.64330417   -0.14445916    0.75185856    0.20035627   -0.91604940   -0.34743469
    0.72235353    0.67405192   -0.15446486    0.54169378   -0.69039346   -0.47950466   -0.42985256    0.26269923   -0.86383788
    0.63516545    0.71985285   -0.27995842   -0.03852539   -0.33248565   -0.94232112   -0.77141470    0.60931533   -0.18345079
    0.80369740    0.59488560    0.01347606   -0.57808571    0.78596735   -0.21925382   -0.14102268    0.16842341    0.97557478
    0.52280792    0.74776952    0.40928306   -0.45701100   -0.15942968    0.87505607    0.71959212   -0.64453311    0.25838780
    0.65648374    0.19690276    0.72818844    0.36771404   -0.92640413   -0.08100479    0.65864671    0.32094344   -0.68057315
    0.76668858    0.38908376    0.51068822    0.64191611   -0.45030988   -0.62061640   -0.01150381    0.80363850   -0.59500657
    0.59178203    0.63211697    0.50022212   -0.05872779    0.65270705   -0.75533076   -0.80395589    0.41761423    0.42338314
    0.98924121    0.04070228   -0.14051742    0.09463647    0.55442592    0.82683483    0.11156056   -0.83123717    0.54460905
    0.99301939    0.02579013    0.11509721   -0.04539718   -0.81706634    0.57475359    0.10886503   -0.57596654   -0.81019192
