# Rotation matrices: 92 entries, row-major flattening of 3x3 -> 1x9
# https://github.com/Neurophysics-CFIN/GFO
# Col:  1    2    3    4    5    6    7    8    9
#       R11  R12  R13  R21  R22  R23  R31  R32  R33
# where Rij = R(i,j), i = row index, j = column index

   -0.96582101   -0.15089595   -0.21076100   -0.19520266    0.95837248    0.20837012    0.17054533    0.24238935   -0.95507157
   -0.97559194   -0.20819391    0.06982592   -0.14316660    0.36193385   -0.92114451    0.16650432   -0.90865790   -0.38290617
   -0.99946476   -0.01308158   -0.02998445    0.03014442   -0.72434147   -0.68878208   -0.01270862   -0.68931728    0.72434810
   -0.88224095   -0.15792069   -0.44352223    0.05702439   -0.97097264    0.23229368   -0.46733192    0.17964741    0.86563715
   -0.87507011    0.19915658   -0.44112238   -0.46587126   -0.09950878    0.87923943    0.13121077    0.97490238    0.17985849
   -0.84830060    0.18213448   -0.49720532   -0.36772431    0.47300000    0.80065587    0.38100516    0.86203134   -0.33427091
   -0.79040282    0.48248134   -0.37745878    0.56120986    0.81733062   -0.13043830    0.24557458   -0.31493239   -0.91679372
   -0.65327397    0.74270740   -0.14703346    0.15366750   -0.06009256   -0.98629366   -0.74136321   -0.66691424   -0.07487309
   -0.76524866    0.62503644   -0.15402576   -0.26295053   -0.52190376   -0.81146379   -0.58758107   -0.58047042    0.56373982
   -0.62766848    0.73833304    0.24677235   -0.68825526   -0.67443311    0.26729136    0.36378149   -0.00207201    0.93148201
   -0.57200113    0.61194659    0.54620150    0.21236973   -0.53270239    0.81922357    0.79228392    0.58459347    0.17474744
   -0.86787306    0.27303925    0.41502520    0.49603585    0.52216612    0.69375138   -0.02729074    0.80795551   -0.58861116
   -0.76565911    0.30220357    0.56783724    0.07181368    0.91740836   -0.39141371   -0.63922526   -0.25891098   -0.72412442
   -0.67657849    0.54948058    0.49021693   -0.54726142    0.07021392   -0.83401136   -0.49269310   -0.83255096    0.25320429
   -0.83695662    0.21861976    0.50170611   -0.34498030   -0.92242479   -0.17355431    0.42484375   -0.31833615    0.84744904
   -0.70216249    0.02411211    0.71160835    0.47671908   -0.72643536    0.49500564    0.52887310    0.68681167    0.49858096
   -0.78481650   -0.13712303    0.60436771    0.61772954   -0.25135009    0.74513982    0.04973205    0.95813381    0.28196865
   -0.80805273   -0.39716255    0.43510078   -0.04635851    0.77915162    0.62511891   -0.58728330    0.48495842   -0.64800746
   -0.58621217   -0.58244207    0.56313100   -0.67004844    0.73927697    0.06711663   -0.45540133   -0.33798046   -0.82363756
   -0.87651670   -0.32949273    0.35093163   -0.26805897   -0.27143055   -0.92437538    0.39982853   -0.90430083    0.14958993
   -0.74832693   -0.66093480   -0.05632058    0.58625615   -0.61926552   -0.52231595    0.31033939   -0.42388137    0.85089015
   -0.48643677   -0.83846005    0.24569088    0.78042792   -0.29053721    0.55364283   -0.39282506    0.46105625    0.79568562
   -0.40956917   -0.69619368    0.58954852    0.19032556    0.56680912    0.80156322   -0.89220473    0.44050174   -0.09964409
   -0.41533462   -0.80490600   -0.42382010   -0.90889981    0.34803972    0.22971610   -0.03739364    0.48061906   -0.87613186
   -0.78592597   -0.59529029   -0.16718209   -0.38047963    0.67873171   -0.62813893    0.48739679   -0.43006131   -0.75992871
   -0.51861090   -0.85281431    0.06124121    0.33960801   -0.27119570   -0.90062161    0.78467135   -0.44627418    0.43026762
   -0.22533833   -0.41769819   -0.88019933    0.95435936   -0.27639198   -0.11316222   -0.19601238   -0.86552625    0.46091589
   -0.33753198   -0.91462076   -0.22257812    0.32871757   -0.33609595    0.88260086   -0.88205268    0.22474067    0.41409504
   -0.08911540   -0.59264446   -0.80051920   -0.94614247   -0.20078203    0.25397046   -0.31124406    0.78003789   -0.54283333
   -0.36817875   -0.01867464   -0.92956746   -0.62539541    0.74478999    0.23274117    0.68798618    0.66703758   -0.28589488
   -0.25509422   -0.52520096   -0.81184413    0.59141377    0.57949921   -0.56072312    0.76495536   -0.62317302    0.16278418
   -0.41895122    0.30014463   -0.85696737    0.84963217   -0.20335995   -0.48659009   -0.32032024   -0.93196455   -0.16981464
   -0.08669447   -0.11914325   -0.98908491   -0.23647282   -0.96198719    0.13660623   -0.96776272    0.24573470    0.05522483
   -0.57653588    0.47151314   -0.66729434   -0.81547805   -0.38304168    0.43390623   -0.05100906    0.79432640    0.60534589
   -0.01903830    0.72430463   -0.68921720   -0.74708375    0.44781573    0.49125038    0.66445723    0.52425554    0.53259057
   -0.20297642    0.48935343   -0.84813548    0.80182748    0.58022233    0.14288014    0.56202604   -0.65105704   -0.51014848
   -0.37121488    0.89562549   -0.24506017    0.80595651    0.17971861   -0.56403486   -0.46112213   -0.40688598   -0.78854942
   -0.29392572    0.80732074   -0.51170391   -0.06597815   -0.55121095   -0.83175319   -0.95354840   -0.21071238    0.21528061
    0.02437168    0.84086552   -0.54069510   -0.94189877   -0.16193266   -0.29428646   -0.33501153    0.51645231    0.78806363
    0.14118535    0.91285175    0.38310361   -0.32828935   -0.32191222    0.88803075    0.93396616   -0.25114577    0.25423022
    0.12514616    0.97709868    0.17209474    0.87444069   -0.19057448    0.44613321    0.46871304    0.09465479   -0.87826452
    0.01798219    0.94908560    0.31450464    0.77805895    0.18426884   -0.60055746   -0.62793384    0.25550249   -0.73513099
   -0.03637865    0.77833941    0.62678893   -0.57923544    0.49467804   -0.64790427   -0.81434814   -0.38662824    0.43284605
   -0.48619365    0.45187372    0.74794778   -0.79808807   -0.57822245   -0.16945276    0.35590895   -0.67931505    0.64176311
   -0.47577331   -0.12999511    0.86990863   -0.10982050   -0.97249923   -0.20538916    0.87268506   -0.19325248    0.44841305
   -0.22198047    0.36031098    0.90603569    0.76893852   -0.50667767    0.38988625    0.59954835    0.78323288   -0.16458444
   -0.08836392    0.03600204    0.99543743    0.73113144    0.68104708    0.04027029   -0.67648994    0.73135404   -0.08650221
   -0.17670511   -0.29551393    0.93885399   -0.61328967    0.77911882    0.12980618   -0.76983835   -0.55285204   -0.31890992
    0.09822224   -0.12476239    0.98731289   -0.97718820   -0.19981024    0.07196585    0.18829659   -0.97185915   -0.14154215
    0.13729083   -0.33438215    0.93238394    0.16198209   -0.92104672   -0.35416767    0.97719652    0.19965347   -0.07228734
   -0.00328120   -0.79242850    0.60995598    0.98010408   -0.12359981   -0.15530316    0.19845710    0.59731077    0.77706797
   -0.12533693   -0.92854423    0.34942277    0.48269891    0.25062993    0.83915815   -0.86677126    0.27384350    0.41679410
    0.06930396   -0.97140000    0.22711011   -0.45882272    0.17111194    0.87189587   -0.88582090   -0.16462911   -0.43384166
    0.33620919   -0.91846564    0.20828885   -0.92053374   -0.36720423   -0.13333677    0.19894979   -0.14690786   -0.96893605
    0.19073652   -0.97113371   -0.14324417   -0.08258138    0.12953175   -0.98813048    0.97816149    0.20030187   -0.05549112
    0.17383910   -0.92787532   -0.32988991    0.97893032    0.19926307   -0.04460555    0.10712327   -0.31518505    0.94296500
    0.32097118   -0.94399054   -0.07654647    0.56684109    0.12672708    0.81402176   -0.75872833   -0.30466721    0.57576837
    0.37851792   -0.50959687   -0.77268054   -0.51575261   -0.80930977    0.28109952   -0.76858535    0.29211080   -0.56916417
    0.23889579   -0.75551892   -0.61001636   -0.91977360    0.02537283   -0.39162833    0.31136045    0.65463530   -0.68884489
    0.06239457   -0.67139630   -0.73846728    0.02359315    0.74069440   -0.67142771    0.99777266    0.02447067    0.06205566
    0.42916194   -0.19178536   -0.88263152    0.90309812    0.07456910    0.42291043   -0.01529099   -0.97859993    0.20520322
    0.19587204   -0.23110475   -0.95300826    0.29165567   -0.91412645    0.28161996   -0.93625377   -0.33311173   -0.11164880
    0.61880786    0.09256216   -0.78006992   -0.64788901   -0.50139590   -0.57344745   -0.44420339    0.86025252   -0.25029772
    0.21093943    0.17436245   -0.96182238   -0.92101377    0.36508995   -0.13580485    0.32747242    0.91449826    0.23760209
   -0.00891819    0.48344877   -0.87532723    0.38610770    0.80914017    0.44295941    0.92241060   -0.33402018   -0.19387936
    0.51046830    0.56796874   -0.64562654    0.85946346   -0.36082592    0.36211493   -0.02728883   -0.73974061   -0.67233857
    0.30721661    0.68137691   -0.66433686    0.25972568   -0.73162883   -0.63028710   -0.91551107    0.02108932   -0.40173961
    0.39571615    0.48761744   -0.77822745   -0.78167883   -0.26597445   -0.56412392   -0.48206528    0.83155687    0.27590984
    0.27889738    0.94549033   -0.16811985   -0.86898416    0.32299025    0.37489176    0.40875761    0.04153716    0.91169725
    0.65783422    0.71469857   -0.23761334    0.36111105   -0.02243672    0.93225286    0.66094852   -0.69907264   -0.27284520
    0.73753057    0.67448584    0.03342931    0.66928983   -0.73665263    0.09692278    0.08999883   -0.04910962   -0.99473034
    0.72620140    0.57853133    0.37139337    0.24730506    0.28422540   -0.92631319   -0.64146063    0.76453739    0.06333116
    0.45747897    0.68232468    0.57021577   -0.72592040    0.65692648   -0.20368401   -0.51356847   -0.32075011    0.79584345
    0.56939772    0.13279640    0.81126528   -0.75946669   -0.29273748    0.58096051    0.31463722   -0.94692655   -0.06582962
    0.44031361    0.36229728    0.82150143    0.30306220   -0.92124437    0.24384853    0.84514923    0.14159620   -0.51543505
    0.62672619    0.54607048    0.55589685    0.70050231   -0.08232604   -0.70888570   -0.34133677    0.83368426   -0.43411952
    0.61753713    0.48288834    0.62085968    0.08288151    0.74500847   -0.66188597   -0.78216273    0.46019695    0.42004788
    0.73362013    0.28534344    0.61675005   -0.60995660    0.67660435    0.41250394   -0.29959047   -0.67881196    0.67041769
    0.53956214   -0.07471237    0.83862432   -0.45983450   -0.86052799    0.21918897    0.70528358   -0.50389447   -0.49866365
    0.45713875   -0.57608998    0.67760202    0.46148067   -0.49764612   -0.73442762    0.76030241    0.64843556    0.03836106
    0.91688441   -0.02321510    0.39847715    0.30650539    0.68044674   -0.66561752   -0.25569011    0.73242972    0.63100656
    0.70173665   -0.24753410    0.66805130   -0.02959577    0.92676154    0.37448250   -0.71182144   -0.28255959    0.64301657
    0.82168032   -0.56275857    0.09024548   -0.50320761   -0.64195941    0.57850688   -0.26762577   -0.52075993   -0.81066981
    0.47251271   -0.71498563    0.51529340   -0.52592912   -0.69791756   -0.48611690    0.70719891   -0.04131140   -0.70580668
    0.48387495   -0.83582805   -0.25933858    0.39399762    0.47267016   -0.78825681    0.78142876    0.27923894    0.55802752
    0.66072103   -0.73321714   -0.16074931    0.72144945    0.56117018    0.40570768   -0.20726411   -0.38403209    0.89975605
    0.92389975   -0.33584900   -0.18334312   -0.01233463   -0.50505202    0.86300076   -0.38243575   -0.79506472   -0.47076001
    0.92495988   -0.36008167    0.12161587   -0.32453472   -0.91482663   -0.24035276    0.19780406    0.18284809   -0.96303693
    0.96067972   -0.26722353   -0.07540604   -0.10583465   -0.10134241   -0.98920612    0.25669732    0.95829082   -0.12563911
    0.89211907    0.24838532   -0.37739673   -0.24352213    0.96794964    0.06140420    0.38055293    0.03712459    0.92401365
    0.91934208    0.37066835    0.13196631   -0.23928019    0.26045868    0.93536424    0.31233815   -0.89149664    0.32814422
    0.95800948    0.19319685   -0.21187922    0.27604420   -0.82132301    0.49922751   -0.07757210   -0.53675272   -0.84016611
