# Rotation matrices: 7 entries, row-major flattening of 3x3 -> 1x9
# https://github.com/Neurophysics-CFIN/GFO
# Col:  1    2    3    4    5    6    7    8    9
#       R11  R12  R13  R21  R22  R23  R31  R32  R33
# where Rij = R(i,j), i = row index, j = column index

   -0.90542603    0.34317385    0.24987080    0.42355213    0.69091774    0.58586370    0.02841293    0.63628955   -0.77092692
   -0.42354801   -0.69071137   -0.58610997    0.90542504   -0.34314740   -0.24991072   -0.02850593   -0.63652783    0.77072676
   -0.16319799    0.26197331   -0.95117632    0.90543651   -0.34315298   -0.24986150   -0.39185603   -0.90200666   -0.18119832
   -0.16299225    0.26244992   -0.95108021   -0.39194117   -0.90186860   -0.18170073   -0.90543672    0.34315168    0.24986252
    0.24722028    0.90476447   -0.34681894   -0.90543858    0.34317054    0.24982988    0.34505524    0.25226024    0.90404737
    0.39199381    0.90184594    0.18169962    0.16303552   -0.26248047    0.95106436    0.90540614   -0.34318785   -0.24992364
    0.90540971   -0.34320230   -0.24989085   -0.02841226   -0.63628280    0.77093251   -0.42358706   -0.69090982   -0.58584778
