# Rotation matrices: 26 entries, row-major flattening of 3x3 -> 1x9
# https://github.com/Neurophysics-CFIN/GFO
# Col:  1    2    3    4    5    6    7    8    9
#       R11  R12  R13  R21  R22  R23  R31  R32  R33
# where Rij = R(i,j), i = row index, j = column index

   -0.91350744   -0.35778595    0.19363208   -0.25021663    0.86942176    0.42602516   -0.32077376    0.34072718   -0.88374724
   -0.84686038   -0.48041588   -0.22809663    0.18266515    0.14004600   -0.97314982    0.49946064   -0.86578733   -0.03084417
   -0.78594500   -0.13276788   -0.60387345    0.49546796   -0.71949055   -0.48666709   -0.36986748   -0.68169351    0.63126223
   -0.54613974   -0.32414337   -0.77243929    0.16087857   -0.94552246    0.28302892   -0.82210064    0.03030441    0.56853511
   -0.69451912    0.33910276   -0.63454906   -0.71917094   -0.35280957    0.59859716   -0.02088903    0.87208642    0.48890584
   -0.45678561    0.57155888   -0.68166513    0.34337797    0.82017881    0.45760058    0.82063297   -0.02504343   -0.57090661
    0.54797896    0.82490547    0.13874446    0.81765280   -0.56322160    0.11926997    0.17653032    0.04808736   -0.98311986
    0.22306963    0.91866206   -0.32603675    0.17806189   -0.36723738   -0.91292424   -0.95840174    0.14559095   -0.24549821
   -0.33838013    0.94100948   -0.00021176   -0.92865523   -0.33397396   -0.16143378   -0.15198144   -0.05442933    0.98688352
    0.34020865    0.81456283    0.46983558   -0.82804543    0.02271904    0.56020051    0.44564429   -0.57963027    0.68222424
    0.00720105    0.99991005   -0.01131514    0.55560040    0.00540735    0.83143187    0.83141827   -0.01227388   -0.55551148
   -0.51378580    0.59791979    0.61523660    0.84051681    0.49452045    0.22131654   -0.17191754    0.63082601   -0.75663922
   -0.05027292    0.84525520    0.53199275    0.24411483    0.52690928   -0.81410968   -0.96844235    0.08893965   -0.23282860
   -0.29262920    0.66240315    0.68963049   -0.68749344    0.35552433   -0.63321025   -0.66462088   -0.65941225    0.35136102
    0.21179580    0.18151959    0.96030890   -0.66100274   -0.69716156    0.27756286    0.71987354   -0.69355346   -0.02767095
   -0.14937332   -0.08222845    0.98535582    0.36996948   -0.92879686   -0.02142369    0.91695703    0.36135146    0.16915949
   -0.13028306   -0.05230858    0.99009602    0.98165668   -0.14700597    0.12140596    0.13919945    0.98775152    0.07050145
   -0.40301972   -0.33042917    0.85345865    0.35166417    0.80504093    0.47774618   -0.84493042    0.49267196   -0.20824727
   -0.17147940   -0.83636666    0.52065884   -0.88842236    0.35968731    0.28518547   -0.42579400   -0.41366152   -0.80472580
   -0.30949310   -0.71657353    0.62508911   -0.83446742   -0.11052398   -0.53985977    0.45593656   -0.68869937   -0.56375086
    0.43912124   -0.57685615    0.68877392    0.44816098   -0.52380726   -0.72441541    0.77866827    0.62678779    0.02850952
    0.96340446   -0.12125084    0.23906082    0.19844622    0.92216491   -0.33201052   -0.18019694    0.36730113    0.91247956
    0.82533913   -0.55977124    0.07396951   -0.13822026   -0.07327972    0.98768681   -0.54745820   -0.82540066   -0.13785235
    0.77088219   -0.41336290   -0.48463570   -0.33299224   -0.91011343    0.24659625   -0.54300720   -0.02871673   -0.83923687
    0.87095252    0.00040076   -0.49136702   -0.46461076   -0.32481381   -0.82379174   -0.15993294    0.94577790   -0.28271121
    0.84212868   -0.01873790   -0.53895100   -0.42237469    0.59844566   -0.68078074    0.33528929    0.80094424    0.49605384
