# Rotation matrices: 32 entries, row-major flattening of 3x3 -> 1x9
# https://github.com/Neurophysics-CFIN/GFO
# Col:  1    2    3    4    5    6    7    8    9
#       R11  R12  R13  R21  R22  R23  R31  R32  R33
# where Rij = R(i,j), i = row index, j = column index

   -0.91529253   -0.35547259   -0.18941704   -0.33105183    0.93178235   -0.14895078    0.22944338   -0.07362668   -0.97053328
   -0.76992066   -0.46503485   -0.43699515    0.36967432    0.23315972   -0.89943173    0.52015677   -0.85403696   -0.00760305
   -0.90618370    0.23258237   -0.35318060    0.22099258   -0.45160442   -0.86441641   -0.36054594   -0.86137035    0.35783759
   -0.64782435    0.01263734   -0.76168491   -0.40222837   -0.85479909    0.32791899   -0.64694354    0.51880519    0.55884276
   -0.87975511    0.34582211   -0.32624840   -0.44218964   -0.34311707    0.82869717    0.17464042    0.87331423    0.45477795
   -0.73150261    0.43212717   -0.52741827    0.18265521    0.86944449    0.45902434    0.65691780    0.23944181   -0.71493120
   -0.87924376    0.47575245   -0.02429021    0.46972133    0.85734986   -0.21050674   -0.07932389   -0.19649636   -0.97729059
   -0.33175095    0.92713156   -0.17426526    0.21618722   -0.10509336   -0.97067939   -0.91826161   -0.35969773   -0.16556917
   -0.32931940    0.93080575   -0.15858559   -0.65385690   -0.34597687   -0.67288272   -0.68119005   -0.11790105    0.72255066
    0.19080301    0.88789097    0.41862136   -0.76851651   -0.13020368    0.62644184    0.61071809   -0.44124442    0.65751561
    0.30849243    0.87991216    0.36136824    0.37710600   -0.46189858    0.80277068    0.87328316   -0.11137455   -0.47431237
    0.37942459    0.85617994    0.35070342    0.89462844   -0.43616925    0.09693472    0.23595961    0.27696984   -0.93145626
   -0.12481496    0.42420236    0.89692451    0.36096976    0.86145886   -0.35719668   -0.92418724    0.27917914   -0.26064717
    0.41806750    0.24775803    0.87397685   -0.83717674    0.47855534    0.26480159   -0.35263957   -0.84237803    0.40748569
    0.08955439    0.20504832    0.97464619   -0.93497770   -0.31991013    0.15321293    0.34321524   -0.92499335    0.16306625
    0.12933437    0.23051582    0.96443511    0.34579260   -0.92203482    0.17400937    0.92935467    0.31098913   -0.19896146
   -0.39252924   -0.10232413    0.91402985    0.89698099   -0.26229811    0.35584379    0.20333689    0.95954649    0.19474247
   -0.18295513   -0.36737911    0.91189912    0.14049667    0.90826416    0.39410265   -0.97303037    0.20022189   -0.11455604
    0.30765303   -0.49143272    0.81476591   -0.84609531    0.25043689    0.47053596   -0.43528421   -0.83413143   -0.33875125
   -0.04377495   -0.64112747    0.76618492   -0.76331032   -0.47332681   -0.43968066    0.64454721   -0.60408385   -0.46865935
   -0.41604636   -0.79417906    0.44292780    0.65786199   -0.59914262   -0.45633947    0.62779218    0.10152699    0.77173133
   -0.44535978   -0.79988792    0.40228596    0.88001745   -0.30826198    0.36130852   -0.16499685    0.51493094    0.84120281
   -0.35600654   -0.88007102    0.31422022    0.02954057    0.32548345    0.94508618   -0.93401643    0.34573910   -0.08987643
    0.33096179   -0.92894068    0.16593222   -0.91855842   -0.27686820    0.28212485   -0.21613590   -0.24579098   -0.94491908
    0.65561815   -0.60082735   -0.45735252   -0.50468381    0.10185435   -0.85727472    0.56165745    0.79286328   -0.23645028
    0.59099657   -0.66819226   -0.45193159    0.16037371    0.64638207   -0.74596950    0.79057152    0.36838747    0.48917006
    0.44657300   -0.69750872   -0.56040534    0.89299451    0.30826447    0.32792351   -0.05597646   -0.64688068    0.76053404
    0.66872867    0.10324048   -0.73630385    0.33825995   -0.92413457    0.17763866   -0.66210435   -0.36785417   -0.65291741
    0.83096391   -0.13120850   -0.54063233   -0.39461124   -0.82401816   -0.40654157   -0.39214915    0.55116097   -0.73650569
    0.95007121    0.26276207   -0.16828784   -0.29286063    0.56475726   -0.77154513   -0.10769102    0.78230770    0.61351228
    0.85179897    0.52045167    0.05973754   -0.43537159    0.63986626    0.63326357    0.29135905   -0.56542129    0.77162729
    0.84600506    0.21656434   -0.48721178    0.41865368    0.29602839    0.85854312    0.33015834   -0.93030483    0.15977606
