# Rotation matrices: 94 entries, row-major flattening of 3x3 -> 1x9
# https://github.com/Neurophysics-CFIN/GFO
# Col:  1    2    3    4    5    6    7    8    9
#       R11  R12  R13  R21  R22  R23  R31  R32  R33
# where Rij = R(i,j), i = row index, j = column index

   -0.95575396   -0.21414500   -0.20168360   -0.27303200    0.90095565    0.33724241    0.10948920    0.37738685   -0.91956037
   -0.90688327   -0.38777949   -0.16489330   -0.02990212    0.44955150   -0.89275378    0.42031963   -0.80469281   -0.41928616
   -0.92841896   -0.37082243    0.02299912    0.22698381   -0.61512346   -0.75505064    0.29413701   -0.69578291    0.65526297
   -0.90397789   -0.06113562   -0.42318602    0.00677168   -0.99164832    0.12879347   -0.42752558    0.11356077    0.89684214
   -0.97106458    0.18385969   -0.15241127   -0.21322104   -0.38002505    0.90006541    0.10756565    0.90651893    0.40823162
   -0.93404863    0.28494381   -0.21531416   -0.05604623    0.47845939    0.87631925    0.35272083    0.83059234   -0.43093432
   -0.79330412    0.57246710   -0.20724381    0.56841280    0.81836687    0.08474994    0.21811802   -0.05056756   -0.97461144
   -0.77665216    0.47446061   -0.41436524    0.41451465   -0.11038250   -0.90332348   -0.47433008   -0.87332859   -0.11094207
   -0.69256795    0.68157325    0.23623620   -0.47548622   -0.18506385   -0.86003734   -0.54245967   -0.70796135    0.45224798
   -0.50706657    0.84985128    0.14365337   -0.75298621   -0.51789179    0.40595548    0.41939869    0.09767745    0.90253191
   -0.77742821    0.60182763    0.18278096    0.09068941   -0.18030890    0.97942030    0.62239923    0.77800528    0.08559783
   -0.77581141    0.34146558    0.53058261    0.62942097    0.47761610    0.61295358   -0.04411225    0.80949621   -0.58546562
   -0.89421305    0.37960836    0.23723514    0.29614590    0.89908759   -0.32239590   -0.33567935   -0.21803441   -0.91639532
   -0.58110585    0.43106691    0.69028785   -0.47413960    0.51005357   -0.71766078   -0.66144359   -0.74432969   -0.09200922
   -0.31910097    0.40436022    0.85712740   -0.74357306   -0.66756792    0.03810755    0.58759993   -0.62517669    0.51369293
   -0.66539747    0.14967761    0.73132949   -0.08417990   -0.98848807    0.12571822    0.74172768    0.02208934    0.67033731
   -0.66132480   -0.01529724    0.74994367    0.74463725   -0.13382707    0.65391565    0.09035966    0.99088663    0.09989405
   -0.75282290   -0.08329343    0.65293176    0.30144706    0.83819258    0.45449188   -0.58513875    0.53897626   -0.60590201
   -0.66193444   -0.23139104    0.71295230   -0.50395183    0.84148187   -0.19478401   -0.55486516   -0.48822786   -0.67361577
   -0.72705873   -0.47109021    0.49945933   -0.44893868   -0.22419758   -0.86497948    0.51946094   -0.85311749   -0.04848581
   -0.76678392   -0.51508552    0.38305263    0.33865309   -0.83155113   -0.44026901    0.54530404   -0.20786924    0.81205534
   -0.64537561   -0.73205371    0.21814602    0.75587089   -0.57081631    0.32066794   -0.11022485    0.37184149    0.92172902
   -0.52128799   -0.60580902    0.60104431    0.16662906    0.61849630    0.76791737   -0.83695495    0.50045755   -0.22146931
   -0.55003306   -0.79296822   -0.26204016   -0.73762072    0.31413132    0.59769323   -0.39163671    0.52203728   -0.75769239
   -0.58519081   -0.81041905    0.02779717   -0.49460546    0.32956259   -0.80421013    0.64258630   -0.48436501   -0.59369469
   -0.41181554   -0.87710401    0.24717708    0.37359000   -0.40990457   -0.83211102    0.83116693   -0.25033337    0.49648236
   -0.36385238   -0.64211579   -0.67475830    0.90652252   -0.41060431   -0.09808677   -0.21407560   -0.64737270    0.73149178
   -0.47353110   -0.70709930   -0.52514652    0.05617431   -0.61926273    0.78317183   -0.87898392    0.34135648    0.33296098
   -0.33733680   -0.39480039   -0.85459729   -0.90969820   -0.09683492    0.40382196   -0.24218393    0.91364963   -0.32648323
   -0.48968543   -0.20152060   -0.84829100   -0.51894583    0.84919016    0.09783305    0.70064499    0.48812450   -0.52041433
   -0.60019078   -0.28162000   -0.74863957    0.42500320    0.68062250   -0.59676234    0.67760115   -0.67634547   -0.28881395
   -0.38143080   -0.00465551   -0.92438567    0.86865650   -0.34379988   -0.35670369   -0.31614304   -0.93903140    0.13517990
   -0.25323028    0.20815836   -0.94474575   -0.06682484   -0.97800740   -0.19757522   -0.96509526    0.01310046    0.26157123
   -0.68092048    0.15456776   -0.71586040   -0.72215453   -0.30430239    0.62120278   -0.12182010    0.93995152    0.31882753
   -0.17774051    0.60080153   -0.77938811   -0.63345384    0.53624581    0.55783211    0.75309000    0.59285576    0.28526743
   -0.20866939    0.56724558   -0.79667405    0.92095146    0.38809260    0.03510774    0.32909801   -0.72637221   -0.60338869
   -0.00903630    0.96967442   -0.24423320    0.88716319   -0.10491622   -0.44937073   -0.46136733   -0.22073536   -0.85931140
   -0.44853855    0.84793189   -0.28253259   -0.04386831   -0.33662114   -0.94061776   -0.89268625   -0.40950911    0.18818490
   -0.28454756    0.87892380   -0.38278668   -0.95865174   -0.26271738    0.10939110   -0.00441828    0.39808609    0.91733742
    0.01964101    0.98637312    0.16334717   -0.57744796   -0.12218255    0.80723310    0.81619121   -0.11017936    0.56717935
   -0.37715289    0.92025137    0.10437005    0.85813548    0.30484058    0.41312918    0.34836647    0.24537650   -0.90467186
   -0.00078244    0.84633918    0.53264376    0.89678778    0.23626770   -0.37409793   -0.44246025    0.47737571   -0.75917150
    0.08337700    0.74711261    0.65944751   -0.34188142    0.64303399   -0.68529146   -0.93603706   -0.16831531    0.30903817
   -0.28158406    0.77601225    0.56437170   -0.95852878   -0.25443802   -0.12838951    0.04396578   -0.57711896    0.81547576
   -0.08127813    0.32588781    0.94190817   -0.29120377   -0.91156403    0.29026089    0.95320209   -0.25069535    0.16898998
    0.02681899    0.50779426    0.86106082    0.69401076   -0.62940719    0.34956496    0.71946495    0.58821049   -0.36929474
    0.16350193    0.03192257    0.98602640    0.74264890    0.65394592   -0.14431679   -0.64941491    0.75586750    0.08321416
    0.03749732   -0.19385072    0.98031416   -0.50856293    0.84075949    0.18570738   -0.86020794   -0.50551497   -0.06705906
   -0.02481484   -0.16917763    0.98527314   -0.99025535   -0.13094020   -0.04742359    0.13703487   -0.97684881   -0.16427980
    0.09136054   -0.69294179    0.71518175   -0.02495745   -0.71955299   -0.69398892    0.99550509    0.04555409   -0.08303281
    0.03617585   -0.51147260    0.85853776    0.95667706   -0.23062771   -0.17770723    0.28889498    0.82777209    0.48097095
   -0.04554768   -0.62610751    0.77840529    0.60623739    0.60199733    0.51968783   -0.79397836    0.49556896    0.35215020
    0.22860531   -0.91273487    0.33860694   -0.49274125    0.19149192    0.84884445   -0.83961043   -0.36089596   -0.40596605
   -0.02423177   -0.94897118    0.31443047   -0.86404159   -0.13831960   -0.48404526    0.50283690   -0.28341028   -0.81659884
    0.06967722   -0.97466404   -0.21254432    0.03220055    0.21514859   -0.97605031    0.99704975    0.06116443    0.04637568
   -0.15121327   -0.98765294   -0.04094167    0.98849889   -0.15117200   -0.00411999   -0.00212012   -0.04109379    0.99915304
    0.16183054   -0.97040594   -0.17922940    0.48471110   -0.08003722    0.87100470   -0.85957316   -0.22782964    0.45741407
    0.06271997   -0.73164990   -0.67878910   -0.50145700   -0.61114682    0.61240545   -0.86290619    0.30197349   -0.40522207
    0.30570618   -0.72142510   -0.62136105   -0.81989123    0.13232566   -0.55701732    0.48406829    0.67973211   -0.55103734
    0.42925290   -0.70766129   -0.56121069    0.13241472    0.66396331   -0.73594773    0.89342503    0.24159514    0.37871295
    0.15474594   -0.37573066   -0.91371777    0.98736087    0.02676540    0.15621181   -0.03423754   -0.92634232    0.37512359
    0.29183936   -0.26317111   -0.91954921    0.24245978   -0.90964351    0.33728613   -0.92522594   -0.32138707   -0.20166137
    0.47770554    0.11851585   -0.87048918   -0.76250400   -0.43619225   -0.47783257   -0.43633137    0.89201475   -0.11800264
    0.28485743   -0.03647257   -0.95787577   -0.80774029    0.52893643   -0.26034952    0.51615101    0.84787735    0.12121110
    0.27974174    0.17444706   -0.94409363    0.31838711    0.91084982    0.26264475    0.90574511   -0.37405994    0.19926102
    0.48750601    0.52490846   -0.69771699    0.86721642   -0.38386772    0.31714550   -0.10135867   -0.75968197   -0.64234705
    0.38776601    0.46170183   -0.79779004    0.30213143   -0.88135821   -0.36321386   -0.87083530   -0.10019546   -0.48125539
    0.40994197    0.68347911   -0.60398997   -0.79892175   -0.05043278   -0.59931675   -0.44008137    0.72822582    0.52537181
    0.40845871    0.75796694   -0.50857409   -0.76327596    0.58918504    0.26508638    0.50057096    0.27990554    0.81919570
    0.15493489    0.94746238   -0.27983962    0.36153979    0.20923307    0.90857608    0.91939336   -0.24194330   -0.31012785
    0.67705809    0.72297351    0.13748326    0.73574159   -0.66919079   -0.10424969    0.01663277    0.17173524   -0.98500272
    0.57270157    0.81423377    0.09505930    0.08210756    0.05840141   -0.99491086   -0.81564162    0.57759210   -0.03340817
    0.23455181    0.93438294    0.26816779   -0.82160524    0.33798959   -0.45905106   -0.51956740   -0.11265680    0.84696999
    0.48090883    0.65788729    0.57957830   -0.58124642   -0.25567778    0.77251633    0.65641397   -0.70838774    0.25943693
    0.62564907    0.59626103    0.50302687    0.53487752   -0.79726617    0.27977257    0.56786379    0.09401831   -0.81773546
    0.83961204    0.18911985    0.50920066    0.52252017   -0.02508446   -0.85225785   -0.14840586    0.98163356   -0.11988015
    0.50473736    0.25697829    0.82413734    0.03282278    0.94826301   -0.31578461   -0.86264875    0.18643877    0.47018903
    0.79426689    0.22330709    0.56504340   -0.57858221    0.56183033    0.59126077   -0.18542580   -0.79654292    0.57544474
    0.52593264   -0.35210181    0.77422166   -0.56147464   -0.82747829    0.00509058    0.63885921   -0.43738313   -0.63289408
    0.61440544   -0.36517185    0.69939650    0.36452909   -0.65477747   -0.66210649    0.69973173    0.66175220   -0.26918308
    0.86335057   -0.30145537    0.40466091    0.47694950    0.74934478   -0.45934908   -0.16475730    0.58958211    0.79072623
    0.76159798   -0.26053147    0.59337331    0.02057821    0.92488993    0.37967770   -0.64772298   -0.27695121    0.70975557
    0.53603905   -0.65341470    0.53451976   -0.79361167   -0.17416313    0.58296460   -0.28782400   -0.73669290   -0.61191577
    0.47821310   -0.74416694    0.46639876   -0.48262140   -0.66635877   -0.56836835    0.73374983    0.04670717   -0.67781238
    0.66360001   -0.74697119   -0.04085412    0.43343965    0.42842483   -0.79283179    0.60972543    0.50841538    0.60806965
    0.82541111   -0.55521139    0.10216072    0.39445825    0.69668025    0.59919890   -0.40385541   -0.45428729    0.79405533
    0.87387162   -0.29287369   -0.38803787    0.08262900   -0.69708494    0.71221137   -0.47908333   -0.65444448   -0.58496289
    0.69520527   -0.58384421   -0.41930367   -0.67018443   -0.73737644   -0.08443233   -0.25988931    0.33970859   -0.90391129
    0.90475422    0.21201722   -0.36941643   -0.42581213    0.42948216   -0.79638502   -0.01018957    0.87783471    0.47885530
    0.96916800   -0.13480510   -0.20625465    0.21002362    0.88969107    0.40538856    0.12885448   -0.43620797    0.89057236
    0.95594935   -0.06561783   -0.28610338    0.29329886    0.17471664    0.93992014   -0.01168850   -0.98242984    0.18626589
    0.94245327    0.21661906   -0.25467239    0.25747838   -0.95615372    0.13955271   -0.21327618   -0.19709454   -0.95690491
    0.88921138    0.45731386    0.01292882    0.11280625   -0.19178047   -0.97493333   -0.44337103    0.86838026   -0.22212124
    0.95805408    0.25909015    0.12249357   -0.14925150    0.81595469   -0.55851762   -0.24465562    0.51680774    0.82039831
