# Rotation matrices: 88 entries, row-major flattening of 3x3 -> 1x9
# https://github.com/Neurophysics-CFIN/GFO
# Col:  1    2    3    4    5    6    7    8    9
#       R11  R12  R13  R21  R22  R23  R31  R32  R33
# where Rij = R(i,j), i = row index, j = column index

   -0.95275295   -0.30104824    0.04039530   -0.30203095    0.92484340   -0.23117525    0.03223557   -0.23245353   -0.97207316
   -0.89315437   -0.40425642   -0.19710917   -0.12216796    0.63985608   -0.75872208    0.43283977   -0.65357551   -0.62087743
   -0.99930117    0.03357817    0.01642203   -0.03598559   -0.74540179   -0.66564345   -0.01011008   -0.66576924    0.74608921
   -0.84211327   -0.06586843   -0.53526310   -0.12278916   -0.94302763    0.30922761   -0.52513623    0.32612918    0.78604815
   -0.75129056   -0.00626577   -0.65994184   -0.65760620    0.09169243    0.74776105    0.05582637    0.99576766   -0.07300807
   -0.97742387    0.08817891   -0.19200795   -0.15784153    0.29938015    0.94098755    0.14045863    0.95005053   -0.27870301
   -0.78295979    0.54344911   -0.30271610    0.53978267    0.83540155    0.10362879    0.30920647   -0.08226373   -0.94743023
   -0.78772021    0.57514524   -0.22069169    0.33065316    0.09247430   -0.93921084   -0.51977433   -0.81280776   -0.26301746
   -0.83397700    0.52299015    0.17596497   -0.31494642   -0.18930326   -0.93003926   -0.45309063   -0.83105089    0.32258844
   -0.69083931    0.70099329    0.17705777   -0.64944253   -0.70927693    0.27413616    0.31775060    0.07439519    0.94525124
   -0.55694042    0.71798243    0.41751480    0.21363893   -0.36193810    0.90739144    0.80260562    0.59456038    0.04818896
   -0.65013828    0.67234188    0.35394436    0.75154930    0.50050415    0.42973160    0.11177593    0.54539160   -0.83069498
   -0.94025758    0.26026846    0.21949036    0.16092763    0.90786502   -0.38714777   -0.30002998   -0.32869656   -0.89551135
   -0.66017851    0.16991747    0.73163679   -0.63845852    0.38614437   -0.66578018   -0.39564511   -0.90665351   -0.14643895
   -0.67079849    0.29480019    0.68053085   -0.58575858   -0.77340389   -0.24234957    0.45488050   -0.56119451    0.69147990
   -0.79714909   -0.14767951    0.58544350    0.41570916   -0.83744285    0.35478920    0.43788038    0.52619411    0.72895853
   -0.83514597   -0.06357311    0.54634208    0.54837301   -0.01923143    0.83601268   -0.04264099    0.99779187    0.05092283
   -0.63637412    0.04787322    0.76989359    0.04487593    0.99867955   -0.02500623   -0.77007411    0.01863637   -0.63768217
   -0.55323476   -0.71701896    0.42404612   -0.73008221    0.66247143    0.16766506   -0.40113747   -0.21683039   -0.88998501
   -0.91113447   -0.26911808    0.31210484   -0.16170084   -0.46314117   -0.87140868    0.37906043   -0.84443811    0.37846727
   -0.35469397   -0.61860177    0.70108776    0.43543184   -0.77285090   -0.46162821    0.82740033    0.14153919    0.54348445
   -0.60946174   -0.77706522    0.15724516    0.76969425   -0.53238318    0.35233353   -0.19007145    0.33576449    0.92256981
   -0.59902834   -0.70155081    0.38599419    0.16755516    0.36155888    0.91716980   -0.78300084    0.61408602   -0.09903555
   -0.22324537   -0.97254695   -0.06568048   -0.85972608    0.16469656    0.48347297   -0.45938282    0.16440032   -0.87289172
   -0.34710451   -0.93376296   -0.08720770   -0.55128531    0.27838199   -0.78650364    0.75868503   -0.22492264   -0.61139745
   -0.44452348   -0.87395907    0.19645464    0.42541900   -0.39897684   -0.81230299    0.78830042   -0.27751221    0.54915337
   -0.19241629   -0.74597406   -0.63757248    0.92184166   -0.36015048    0.14317676   -0.33642819   -0.56019133    0.75696879
   -0.35924108   -0.71521433   -0.59951173   -0.07289483   -0.61892789    0.78205794   -0.93039357    0.32464864    0.17020890
   -0.23486936   -0.26222867   -0.93598745   -0.93329119   -0.20828758    0.29254716   -0.27166881    0.94225920   -0.19581534
   -0.43337493   -0.24791334   -0.86644396   -0.56830634    0.82134209    0.04924504    0.69943839    0.51374717   -0.49683979
   -0.40536315   -0.17819420   -0.89662007    0.56166739    0.72530288   -0.39807722    0.72125617   -0.66496809   -0.19392519
   -0.23880607   -0.00623632   -0.97104725    0.92698180   -0.29934532   -0.22604674   -0.28926875   -0.95412446    0.07726643
   -0.16606392    0.17566483   -0.97034254   -0.32905755   -0.93747615   -0.11340017   -0.92959341    0.30046686    0.21348480
   -0.51002024    0.52598477   -0.68060222   -0.84074565   -0.13766355    0.52363679    0.18173086    0.83927872    0.51243061
   -0.17963289    0.38952236   -0.90332960   -0.64714266    0.64480564    0.40673340    0.74090378    0.65764581    0.13624823
   -0.15106617    0.55153388   -0.82035931    0.92000910    0.38202221    0.08742016    0.36161065   -0.74153180   -0.56512682
   -0.27736349    0.94830320   -0.15424180    0.76145058    0.11907247   -0.63719288   -0.58588609   -0.29418155   -0.75511238
    0.13944143    0.94290716   -0.30246019   -0.23767108   -0.26464710   -0.93459851   -0.96128484    0.20220780    0.18719899
    0.06184381    0.90212743   -0.42701457   -0.99765575    0.04331546   -0.05297893   -0.02929742    0.42928996    0.90269141
   -0.03914408    0.99450590    0.09708633   -0.29426985   -0.10432521    0.95001132    0.95492041    0.00861774    0.29673682
    0.13031723    0.97531717    0.17825215    0.93864330   -0.17926629    0.29463934    0.31932141    0.12891860   -0.93883642
    0.25724340    0.68940179    0.67716394    0.62643143    0.41460296   -0.66006670   -0.73580534    0.59399458   -0.32520907
    0.05660072    0.79342629    0.60602894   -0.37997403    0.57844178   -0.72182050   -0.92326383   -0.18941970    0.33422161
   -0.08977489    0.76895346    0.63297002   -0.98064073   -0.17929307    0.07872586    0.17402366   -0.61364858    0.77016309
   -0.19738027    0.35915769    0.91216598   -0.32170948   -0.90267260    0.28580621    0.92603674   -0.23703993    0.29371419
   -0.08417312    0.44862506    0.88974741    0.73937054   -0.57048771    0.35759611    0.66801654    0.68795300   -0.28368041
   -0.18137499    0.22294279    0.95780981    0.76754071    0.64098861   -0.00385369   -0.61480433    0.73445906   -0.28737697
   -0.08707879   -0.09114176    0.99202342   -0.26467329    0.96213400    0.06516294   -0.96039853   -0.25688779   -0.10790425
   -0.17509433   -0.13934868    0.97464041   -0.98244539   -0.03998920   -0.18221393    0.06436636   -0.98943560   -0.12990058
    0.16048166   -0.63939063    0.75194765    0.06878256   -0.75272537   -0.65473160    0.98463932    0.15679330   -0.07681970
   -0.01064883   -0.65370355    0.75667580    0.93963028   -0.26537355   -0.21603661    0.34202564    0.70869496    0.61706557
    0.31176468   -0.74879289    0.58490340    0.47497978    0.65596970    0.58659863   -0.82291980    0.09493656    0.56016967
    0.24621446   -0.83017647    0.50018543   -0.53009025    0.31670217    0.78657743   -0.81140789   -0.45881016   -0.36209180
    0.34857154   -0.91111354    0.21993182   -0.82830190   -0.40925773   -0.38265400    0.43865003   -0.04878766   -0.89733267
    0.46893871   -0.86596907    0.17376439   -0.02166491   -0.20795593   -0.97789824    0.88296496    0.45480974   -0.11627972
    0.28148931   -0.95837011   -0.04785915    0.95275136    0.28507574   -0.10486504    0.11414300   -0.01607948    0.99333420
    0.21377053   -0.97655885   -0.02519851    0.53798610    0.09615708    0.83745136   -0.81539752   -0.19257887    0.54593064
    0.29133823   -0.76771369   -0.57073438   -0.70441225   -0.57583203    0.41499500   -0.64724448    0.28112839   -0.70854881
    0.43547863   -0.74159008   -0.51029650   -0.73927487    0.02883272   -0.67278625    0.51364485    0.67023341   -0.53568288
    0.42226210   -0.76415770   -0.48760406    0.24266666    0.61357367   -0.75142547    0.87338858    0.19897324    0.44452451
    0.42587974   -0.39909642   -0.81200277    0.90423748    0.15667431    0.39725022   -0.03132117   -0.90342416    0.42760235
    0.36957346   -0.40219658   -0.83764752    0.24689016   -0.82656389    0.50580371   -0.89580171   -0.39373856   -0.20617770
    0.58745843    0.17343349   -0.79045140   -0.66754678   -0.44830340   -0.59447906   -0.45746463    0.87689503   -0.14758464
    0.33727996    0.12001601   -0.93372286   -0.73646145    0.65145592   -0.18229022    0.58640154    0.74913373    0.30811019
    0.09490261    0.47747020   -0.87350770    0.62298353    0.65591909    0.42621786    0.77645670   -0.58463010   -0.23520764
    0.58749688    0.49128284   -0.64303078    0.80822434   -0.39576187    0.43605729   -0.04025960   -0.77589542   -0.62957561
    0.49850610    0.45070855   -0.74050893   -0.12713533   -0.80696973   -0.57674645   -0.85751285    0.38165647   -0.34497835
    0.33719663    0.73615316   -0.58683639   -0.79469170   -0.11162763   -0.59666102   -0.50474106    0.66754610    0.54737435
    0.83195761    0.54981463    0.07450108   -0.45752308    0.60386293    0.65270375    0.31387764   -0.57710781    0.75394125
    0.74156982    0.62761740   -0.23700339    0.44260807   -0.19221972    0.87587081    0.50415503   -0.75441897   -0.42033286
    0.66964124    0.70138851    0.24420230    0.74170300   -0.64847151   -0.17135156    0.03817422    0.29586965   -0.95446523
    0.48527368    0.85560748    0.18012579    0.19285938    0.09619277   -0.97649998   -0.85282749    0.50860868   -0.11833211
    0.89652070    0.13658156    0.42142153   -0.23335170    0.95420885    0.18716959   -0.37656024   -0.26614085    0.88733953
    0.79321500    0.46157746    0.39718535   -0.35321036   -0.18256668    0.91755755    0.49603670   -0.86811039    0.01821931
    0.62877725    0.63584047    0.44760034    0.44140323   -0.76576064    0.46773265    0.64015807   -0.09652741   -0.76215491
    0.52469920    0.66405990    0.53264922    0.79498175   -0.15845027   -0.58557453   -0.30445815    0.73069690   -0.61105423
    0.36451993    0.28845312    0.88539258   -0.08982091    0.95727075   -0.27489074   -0.92685351    0.02067639    0.37485339
    0.69049009    0.26218719    0.67415230   -0.67787222    0.55977174    0.47659716   -0.25241374   -0.78607473    0.56424625
    0.63836433   -0.34078972    0.69018356   -0.65296102   -0.71455106    0.25111489    0.40759402   -0.61096575   -0.67866631
    0.71353721   -0.38033421    0.58839658    0.32085125   -0.56919661   -0.75701367    0.62283153    0.72894520   -0.28411226
    0.85926922   -0.06509498    0.50736480    0.47235266    0.48163802   -0.73817869   -0.19631445    0.87394935    0.44460451
    0.61250098   -0.26837831    0.74351573    0.02871395    0.94753297    0.31836579   -0.78994814   -0.17365008    0.58807107
    0.76621691   -0.60317341    0.22157048   -0.59797211   -0.54306066    0.58950358   -0.23524668   -0.58418058   -0.77678314
    0.82032822   -0.52298618    0.23140238   -0.27295767   -0.71361318   -0.64517466    0.50254921    0.46609193   -0.72815012
    0.93247590   -0.28019303   -0.22799246   -0.01585786    0.59879198   -0.80074759    0.36088395    0.75029330    0.55391582
    0.95146782   -0.22990842   -0.20457543    0.27318462    0.93705774    0.21746943    0.14170093   -0.26280202    0.95438773
    0.99662669    0.07128188   -0.04067099    0.05742250   -0.25161590    0.96612220    0.05863354   -0.96519860   -0.25486030
    0.87421717    0.31573394   -0.36885827    0.20533835   -0.92883232   -0.30839371   -0.43997784    0.19386233   -0.87683345
