# Rotation matrices: 72 entries, row-major flattening of 3x3 -> 1x9
# https://github.com/Neurophysics-CFIN/GFO
# Col:  1    2    3    4    5    6    7    8    9
#       R11  R12  R13  R21  R22  R23  R31  R32  R33
# where Rij = R(i,j), i = row index, j = column index

   -0.99647739    0.08235788    0.01581104    0.08374590    0.96734312    0.23923612    0.00440828    0.23971749   -0.97083268
   -0.92725481   -0.18267012   -0.32684882    0.05538506    0.79640524   -0.60222187    0.37031206   -0.57651567   -0.72835339
   -0.90301974   -0.27465364   -0.33033426    0.40852475   -0.31112266   -0.85808520    0.13290175   -0.90981760    0.39315272
   -0.82353968   -0.09805712   -0.55871925    0.15737060   -0.98577837   -0.05895331   -0.54499256   -0.13647637    0.82725891
   -0.79961686    0.24680448   -0.54744902   -0.58749449   -0.13273456    0.79826797    0.12435071    0.95993181    0.25113307
   -0.82068609    0.32820580   -0.46771284   -0.23020313    0.55926652    0.79638400    0.52295398    0.76125023   -0.38342824
   -0.83055403    0.50836958   -0.22746511    0.53716341    0.83907246   -0.08609814    0.14709004   -0.19369509   -0.96997254
   -0.65347692    0.75178171   -0.08827330    0.30911907    0.15859355   -0.93770650   -0.69095102   -0.64005652   -0.33602729
   -0.91930798    0.38992491    0.05321089   -0.30128231   -0.61034508   -0.73260348   -0.25318334   -0.68951973    0.67857258
   -0.87420071    0.48481187    0.02702907   -0.33842844   -0.64827189    0.68206286    0.34819436    0.58711243    0.73079387
   -0.75963135    0.49133718    0.42608449    0.28160803   -0.34205208    0.89649166    0.58622277    0.80099198    0.12146899
   -0.54357469    0.82797270    0.13779611    0.81313171    0.47872469    0.33111854    0.20819071    0.29203405   -0.93347348
   -0.68569725    0.10616917    0.72010235    0.13920066    0.99017302   -0.01343745   -0.71445256    0.09102470   -0.69373774
   -0.31239799    0.45760492    0.83246936   -0.68122961    0.50283939   -0.53205147   -0.66206776   -0.73331458    0.15464801
   -0.61918232    0.36655186    0.69444438   -0.67147877   -0.70564166   -0.22624349    0.40709891   -0.60639062    0.68305263
   -0.18088655   -0.10361886    0.97803026    0.09992427   -0.99122485   -0.08653580    0.97841464    0.08207579    0.18965328
   -0.63929548   -0.02040081    0.76869051    0.76246926   -0.14643926    0.63023501    0.09970916    0.98900928    0.10917295
   -0.49120106   -0.37294538    0.78716788    0.31474774    0.76664785    0.55962928   -0.81219171    0.52264981   -0.25919452
   -0.32670746   -0.62954768    0.70493400   -0.87987603    0.47492202    0.01634762   -0.34508029   -0.61491364   -0.70908448
   -0.35881045   -0.77890130    0.51436157   -0.64567706   -0.19082565   -0.73938265    0.67405949   -0.59740969   -0.43444847
   -0.50529065   -0.79262181    0.34122138    0.39309979   -0.56342150   -0.72665588    0.76821476   -0.23303837    0.59627108
   -0.57957962   -0.74043009    0.34036856    0.79989882   -0.43708737    0.41123778   -0.15572203    0.51060545    0.84559608
   -0.51757216   -0.79795740    0.30884147    0.10743180    0.29748762    0.94866197   -0.84886834    0.52418042   -0.06824531
   -0.53745513   -0.83924362    0.08253561   -0.78762388    0.53453673    0.30646224   -0.30131480    0.09970269   -0.94829783
   -0.61679125   -0.76060549   -0.20260267   -0.35575169    0.49897980   -0.79022775    0.70214620   -0.41532932   -0.57835307
   -0.56274200   -0.76326579   -0.31740633    0.49622181   -0.00481911   -0.86818241    0.66112431   -0.64606665    0.38146104
   -0.38446348   -0.83023801   -0.40359965    0.87841093   -0.46346025    0.11661406   -0.28386982   -0.30969250    0.90747368
   -0.26692919   -0.81522435   -0.51396310   -0.11424639   -0.50278494    0.85682849   -0.95692036    0.28743097    0.04107154
   -0.31468397   -0.47667705   -0.82082457   -0.80678485   -0.32126532    0.49586974   -0.50007219    0.81827109   -0.28347878
   -0.33002434   -0.29648551   -0.89620326   -0.23939764    0.94464501   -0.22435369    0.91311155    0.14050676   -0.38273378
    0.20977137   -0.48940552   -0.84645036    0.53619140    0.78150739   -0.31897491    0.81761529   -0.38694759    0.42635291
    0.03833332    0.11739597   -0.99234507    0.87884464   -0.47658046   -0.02243130   -0.47556561   -0.87125728   -0.12144173
   -0.07247553    0.02664377   -0.99701425   -0.56407324   -0.82550744    0.01894344   -0.82253795    0.56376199    0.07485813
    0.20001377    0.41779266   -0.88625266   -0.96023033   -0.09626390   -0.26208963   -0.19481326    0.90342822    0.38192308
    0.10703004    0.63268169   -0.76698009   -0.47524948    0.71013357    0.51946920    0.87331696    0.30890808    0.37668726
   -0.01048601    0.55409052   -0.83239038    0.54850296    0.69921112    0.45852842    0.83608286   -0.45176045   -0.31125222
   -0.12197424    0.95675838   -0.26407515    0.80189778   -0.06178965   -0.59425751   -0.58487796   -0.28424538   -0.75968568
   -0.22897192    0.94503910   -0.23339443   -0.57362259   -0.32470522   -0.75201306   -0.78646614   -0.03830956    0.61644415
   -0.05773115    0.97581652   -0.21082987   -0.99801166   -0.06176180   -0.01257802   -0.02529507    0.20968453    0.97744184
    0.06896741    0.99683468   -0.03954897   -0.27193665    0.05692688    0.96062989    0.95984059   -0.05549735    0.27500198
    0.12133428    0.98473152    0.12482716    0.80462804   -0.17121474    0.56855890    0.58125012    0.03145375   -0.81311682
    0.04233256    0.94700356    0.31842142    0.90133729    0.10130143   -0.42110463   -0.43104413    0.30483154   -0.84928128
    0.12209400    0.79367377    0.59596560   -0.44013528    0.58148476   -0.68421957   -0.88959204   -0.17876638    0.42031963
    0.10209826    0.67907321    0.72693570   -0.99246143    0.01973209    0.12095850    0.06779572   -0.73380530    0.67596858
    0.51040699    0.35995650    0.78097120   -0.29480225   -0.77989897    0.55213154    0.80782197   -0.51204386   -0.29194990
    0.21815162    0.45222414    0.86481397    0.84439915   -0.53174952    0.06505784    0.48928514    0.71605571   -0.49785970
    0.64536222   -0.18756165    0.74049188    0.60156290    0.72222165   -0.34134727   -0.47077561    0.66574508    0.57892470
    0.56762491    0.04766985    0.82190605   -0.70037582    0.55271894    0.45163645   -0.43275360   -0.83200322    0.34712385
    0.34869140   -0.09630221    0.93227688   -0.93235402   -0.13705337    0.33456293    0.09555254   -0.98587132   -0.13757708
    0.39123680   -0.26277852    0.88197575    0.19636509   -0.91246012   -0.35896697    0.89909650    0.31363033   -0.30538745
    0.45424518   -0.68408650    0.57068992    0.88252277    0.25801364   -0.39316984    0.12171639    0.68224235    0.72092336
    0.64138745   -0.55505156    0.52966018    0.31447325    0.81990278    0.47839942   -0.69980620   -0.14027542    0.70042422
    0.39454876   -0.56056970    0.72807478   -0.66795616    0.36914980    0.64619114   -0.63100383   -0.74127595   -0.22878839
    0.32719603   -0.72269223    0.60881746   -0.83881552   -0.51879919   -0.16503311    0.43512215   -0.45668735   -0.77595449
    0.28651302   -0.82860507    0.48096146    0.07454688   -0.48120488   -0.87343267    0.95517174    0.28610401   -0.07610154
    0.63293204   -0.68712257   -0.35673464    0.67291343    0.71610638   -0.18541620    0.38286361   -0.12269567    0.91562068
    0.40684017   -0.89427262   -0.18643376    0.33242393   -0.04516093    0.94204820   -0.85086744   -0.44523810    0.27890435
    0.28387671   -0.89531944   -0.34324498   -0.50205555   -0.44376684    0.74230130   -0.81691752   -0.03839400   -0.57547516
    0.47814133   -0.66501943   -0.57369855   -0.82663754   -0.12006082   -0.54977793    0.29673429    0.73711231   -0.60713607
    0.37165667   -0.56418300   -0.73727123   -0.06907648    0.77514964   -0.62799003    0.92579682    0.28432478    0.24911776
    0.37385021   -0.14086300   -0.91672986    0.89519790    0.31333845    0.31692229    0.24260409   -0.93913611    0.24324191
    0.95823470   -0.00558144   -0.28592849    0.10419510   -0.92427479    0.36723220   -0.26632618   -0.38168698   -0.88509062
    0.89393444    0.11488421   -0.43322377   -0.37184563   -0.34953402   -0.85997488   -0.25022398    0.92985353   -0.26974131
    0.53372846    0.02628145   -0.84524743   -0.49916913    0.81660373   -0.28980774    0.68261564    0.57660006    0.44896354
    0.90621816    0.21847925   -0.36198820    0.07057962    0.76596667    0.63899420    0.41687787   -0.60461714    0.67871272
    0.92328143    0.12031035   -0.36479697    0.36058140   -0.59881729    0.71512160   -0.13241020   -0.79179749   -0.59625856
    0.74007178    0.43295846   -0.51462678    0.41529012   -0.89609591   -0.15667240   -0.52898759   -0.09777060   -0.84297867
    0.85712570    0.44358184   -0.26186003   -0.36616402    0.16713298   -0.91541820   -0.36229744    0.88051219    0.30567769
    0.79504702    0.50601018    0.33444573   -0.60625415    0.64578812    0.46412672    0.01887177   -0.57176167    0.82020269
    0.87850867    0.34087830    0.33470063   -0.24801871   -0.27335427    0.92938913    0.40830043   -0.89948843   -0.15559990
    0.84170967    0.51583072    0.15951017    0.48080982   -0.85050203    0.21323277    0.24565574   -0.10278603   -0.96389226
    0.95620497   -0.29206645   -0.01921590   -0.04458005   -0.08043788   -0.99576220    0.28928304    0.95300941   -0.08993544
