# Rotation matrices: 46 entries, row-major flattening of 3x3 -> 1x9
# https://github.com/Neurophysics-CFIN/GFO
# Col:  1    2    3    4    5    6    7    8    9
#       R11  R12  R13  R21  R22  R23  R31  R32  R33
# where Rij = R(i,j), i = row index, j = column index

   -0.99704605   -0.05290020    0.05568424   -0.05314761    0.99858225   -0.00297062   -0.05544815   -0.00592133   -0.99844401
   -0.99704528   -0.05291745    0.05568169   -0.05544571   -0.00591812   -0.99844416    0.05316465   -0.99858135    0.00296659
   -0.73540751   -0.21675629   -0.64202220    0.66950985   -0.37861570   -0.63906706   -0.10455788   -0.89981491    0.42355730
   -0.65563052    0.35660776   -0.66556708   -0.54293755   -0.83522048    0.08732452   -0.52475465    0.41861397    0.74121177
   -0.75002247    0.10897020   -0.65237397   -0.63666359   -0.38623295    0.66744557   -0.17923665    0.91594192    0.35906075
   -0.77071243    0.38357259   -0.50879702    0.05965481    0.83843932    0.54172024    0.63438446    0.38715833   -0.66907756
   -0.76084351    0.64779786    0.03840681    0.64656333    0.76178933   -0.04040898   -0.05543475   -0.00591247   -0.99844481
   -0.65467297    0.48855130   -0.57681968    0.44528872   -0.36737763   -0.81654861   -0.61083653   -0.79142359    0.02296583
   -0.49926487    0.86594775    0.02948011   -0.59058480   -0.31521356   -0.74286608   -0.63399068   -0.38829744    0.66879064
   -0.66755528    0.71004249   -0.22407502   -0.63540013   -0.38639742    0.66855345    0.38811934    0.58867368    0.70910272
   -0.75942750    0.64945903    0.03837766    0.05548265    0.00587746    0.99844235    0.64822184    0.76037387   -0.04049721
   -0.70012783    0.47618959    0.53203805    0.70959887    0.54680550    0.44437955   -0.07931242    0.68865609   -0.72073735
   -0.72886154    0.46161135    0.50564396   -0.06176086    0.69119225   -0.72002699   -0.68186982   -0.55602899   -0.47527393
   -0.63456304    0.35335562    0.68736420   -0.70774725    0.09165073   -0.70049552   -0.31052146   -0.93098869    0.19192830
   -0.63505333   -0.38926593    0.66721758   -0.38786593   -0.58628532   -0.71121694    0.66803240   -0.71045166    0.22133946
    0.05545540    0.00590931    0.99844368    0.05315447   -0.99858192    0.00295783    0.99704529    0.05290772   -0.05569086
    0.05544845    0.00592144    0.99844399    0.99704508    0.05291814   -0.05568461   -0.05316553    0.99858130   -0.00296972
    0.07682672   -0.68811628    0.72152175    0.32846321    0.70073164    0.63331437   -0.94138705    0.18833789    0.27985580
    0.04977227   -0.71651098    0.69579791   -0.81616418    0.37236778    0.44183511   -0.57567243   -0.58987647   -0.56625701
    0.07682627   -0.68810457    0.72153297   -0.81949979   -0.45577585   -0.34740246    0.56790652   -0.56460648   -0.59891711
    0.07604091   -0.68420022    0.72531913    0.28364100   -0.68252992   -0.67357308    0.95591086    0.25694935    0.14216703
    0.07681390   -0.68809822    0.72154034    0.99704544    0.05290447   -0.05569123    0.00014833    0.72368637    0.69012899
    0.05315433   -0.99858194    0.00295387    0.05546088    0.00590563    0.99844340   -0.99704499   -0.05290777    0.05569615
    0.05315534   -0.99858183    0.00297157   -0.99704514   -0.05290781    0.05569335   -0.05545715   -0.00592319   -0.99844350
   -0.29471197   -0.93798381    0.18256843   -0.74972307    0.10850123   -0.65279614    0.59250331   -0.32926260   -0.73520471
    0.18023910   -0.91476840   -0.36154204    0.63588696    0.38878937   -0.66670128    0.75044096   -0.10973423    0.65176435
   -0.05745377   -0.83709983   -0.54402475    0.76968316   -0.38419607    0.50988353   -0.63583559   -0.38943196    0.66637516
    0.00024607   -0.72723274   -0.68639091    0.07681362   -0.68434922    0.72509710   -0.99704544   -0.05290259    0.05569298
   -0.00014767   -0.72368000   -0.69013566   -0.99704510   -0.05290852    0.05569350   -0.07681833    0.68810460   -0.72153379
    0.45020599   -0.23658134   -0.86101326   -0.49725311    0.73448203   -0.46181759    0.74165619    0.63605457    0.21302740
    0.04803847   -0.08712160   -0.99503876    0.64476561    0.76354505   -0.03572495    0.76286933   -0.63985060    0.09285255
   -0.05551922   -0.00590972   -0.99844013    0.76238542   -0.64597280   -0.03856969   -0.64473723   -0.76333755    0.04036939
    0.60783516   -0.38561941   -0.69414270   -0.40487518   -0.90250480    0.14683724   -0.68309041    0.19178832   -0.70470187
    0.63973681    0.39299961   -0.66052110   -0.66678507    0.71121624   -0.22264126    0.38227540    0.58285742    0.71703748
    0.63768854    0.38735993   -0.66581199   -0.18015429    0.91538731    0.36001459    0.74893107   -0.10962829    0.65351655
    0.63605385    0.38861671   -0.66664274    0.75029105   -0.10963275    0.65195399    0.18027434   -0.91485393   -0.36130797
    0.32905450    0.92441016   -0.19284450    0.58250645   -0.35943645   -0.72903475   -0.74324247    0.12755900   -0.65674906
    0.64846908    0.76040879   -0.03558553   -0.05064779   -0.00354560   -0.99871028   -0.75955425    0.64943507    0.03621381
    0.64656180    0.76178934   -0.04043318   -0.76084404    0.64779763    0.03840018    0.05544537    0.00593525    0.99844408
    0.38660802    0.58775995    0.71068452   -0.63555908   -0.38859909    0.66712473    0.66828055   -0.70959777    0.22332065
    0.70575889    0.68126420    0.19437975    0.36621318   -0.58569249    0.72308521    0.60645882   -0.43913939   -0.66284561
    0.69683173    0.67004089    0.25587253    0.63541558   -0.41124868   -0.65354538   -0.33267489    0.61799655   -0.71232554
    0.68390740    0.31737918    0.65691790    0.04841742    0.87868991   -0.47493137   -0.72796046    0.35661534    0.58557585
    0.59221046    0.31876559    0.74005086   -0.49953588    0.86587920    0.02677907   -0.63225840   -0.38554080    0.67201757
    0.99704586    0.05290307   -0.05568491    0.07680835   -0.68808655    0.72155206   -0.00014372   -0.72369756   -0.69011725
    0.99704468    0.05291255   -0.05569709   -0.00014584   -0.72369240   -0.69012266   -0.07682372    0.68809125   -0.72154594
