# Rotation matrices: 52 entries, row-major flattening of 3x3 -> 1x9
# https://github.com/Neurophysics-CFIN/GFO
# Col:  1    2    3    4    5    6    7    8    9
#       R11  R12  R13  R21  R22  R23  R31  R32  R33
# where Rij = R(i,j), i = row index, j = column index

   -0.99428676   -0.06558826    0.08421418   -0.07351592    0.99278079   -0.09477188   -0.07739030   -0.10042151   -0.99193057
   -0.96103335   -0.26156852    0.08942489   -0.25287474    0.70118457   -0.66662926    0.11166588   -0.66326624   -0.74000583
   -0.97345975    0.01506553   -0.22836189    0.20220079   -0.41076059   -0.88903913   -0.10719591   -0.91161876    0.39681264
   -0.65938242    0.10830710   -0.74396532   -0.39827904   -0.88962231    0.22348593   -0.63764303    0.44366848    0.62973775
   -0.26558123    0.76474077   -0.58705891   -0.80355826    0.16086457    0.57307654    0.53269197    0.62393440    0.57179116
   -0.61222697    0.64904514   -0.45157341   -0.22484503    0.40462882    0.88640861    0.75803882    0.64421729   -0.10179010
   -0.82317366    0.52142094   -0.22473392    0.56294035    0.80111207   -0.20326735    0.07404920   -0.29383612   -0.95298324
   -0.82463910    0.54660927   -0.14556324    0.41180528    0.40370744   -0.81696800   -0.38779731   -0.73364747   -0.55800953
   -0.54812150    0.80753824   -0.21781832   -0.57200928   -0.55192325   -0.60678342   -0.61021981   -0.20799694    0.76444036
   -0.67250259    0.61701289    0.40869959   -0.63665384   -0.76388041    0.10563431    0.37737535   -0.18916082    0.90653518
   -0.54363251    0.83392941    0.09500226    0.20196918    0.02011225    0.97918535    0.81466075    0.55150452   -0.17936171
   -0.73527066    0.52925199    0.42340216    0.67674413    0.53885975    0.50164484    0.03734215    0.65537966   -0.75437594
   -0.65949373    0.36531251    0.65697397    0.10330860    0.90972613   -0.40215134   -0.74457730   -0.19734523   -0.63769860
   -0.87469182    0.29817662    0.38210591   -0.41599628   -0.05729730   -0.90755943   -0.24871937   -0.95278944    0.17415785
   -0.33811804    0.21550770    0.91609640   -0.71429933   -0.69255509   -0.10071706    0.61274192   -0.68842130    0.38810237
   -0.77714948    0.19701076    0.59768340    0.39073425   -0.59344099    0.70367218    0.49332082    0.78039384    0.38421351
   -0.41043006    0.09865610    0.90653965    0.91127935    0.08081128    0.40378147   -0.03342313    0.99183492   -0.12307065
   -0.66529494   -0.29453409    0.68602647    0.26604952    0.76503416    0.58646431   -0.69756742    0.57268875   -0.43061270
   -0.47679660   -0.59663798    0.64551385   -0.79269255    0.60920902   -0.02242534   -0.37987305   -0.52238634   -0.76341926
    0.10575187   -0.48413883    0.86857708   -0.48294147   -0.78854952   -0.38073245    0.86924340   -0.37920872   -0.31720130
   -0.06754277   -0.74779728    0.66048255    0.28537164   -0.64881733   -0.70540704    0.95603399    0.14083785    0.25722306
    0.27064133   -0.87972415    0.39094590    0.96266684    0.24517277   -0.11472950    0.00508102    0.40740120    0.91323515
   -0.10692200   -0.90966633    0.40134131    0.31411190    0.35207715    0.88168894   -0.94334585    0.22033803    0.24809223
    0.03175073   -0.97601665   -0.21536805   -0.98211130   -0.07047936    0.17461401   -0.18560518    0.20597127   -0.96079475
   -0.15913461   -0.98725043    0.00357279   -0.76290567    0.12067399   -0.63514780    0.62661880   -0.10379970   -0.77238236
    0.21165211   -0.94943853   -0.23188329    0.61529822    0.31378136   -0.72315238    0.75934939    0.01037935    0.65060032
    0.13432064   -0.74298459   -0.65569190    0.96722992   -0.04557167    0.24977890   -0.21546285   -0.66775528    0.71251571
    0.15198681   -0.87750258   -0.45485078   -0.03348884   -0.46450485    0.88493714   -0.98781502   -0.11926635   -0.09998515
   -0.32037252   -0.60927435   -0.72535937   -0.77626854   -0.27000589    0.56965249   -0.54292596    0.74557467   -0.38645804
    0.14613012   -0.71268911   -0.68609053   -0.58323763    0.49811547   -0.64165010    0.79904935    0.49391822   -0.34287743
   -0.13647887   -0.41459790   -0.89971223    0.41112156    0.80260290   -0.43221251    0.90130604   -0.42887897    0.06091180
    0.23583896    0.05254781   -0.97037040    0.83650709   -0.51919617    0.17518912   -0.49460679   -0.85303814   -0.16640330
    0.05822285   -0.37487954   -0.92524344    0.23154592   -0.89647060    0.37779220   -0.97108011   -0.23623248    0.03460676
    0.01384845    0.64350059   -0.76532033   -0.92953794   -0.27376371   -0.24700738   -0.36846632    0.71481495    0.59436701
    0.63035078    0.29549045   -0.71787414   -0.22535304    0.95455606    0.19503521    0.74288215    0.03883452    0.66829483
    0.60644051    0.60105006   -0.52054658    0.76109579   -0.24931303    0.59881233    0.23013714   -0.75932986   -0.60865019
    0.31924473    0.92913146   -0.18654095    0.56638012   -0.34488324   -0.74851126   -0.75980021    0.13330519   -0.63634375
    0.74559777    0.51039337   -0.42846537   -0.38104183   -0.20095580   -0.90245437   -0.54670933    0.83613119    0.04464903
    0.66195423    0.74954044   -0.00239349   -0.74428850    0.65768678    0.11611513    0.08860715   -0.07508145    0.99323288
    0.48989982    0.85710726    0.15926489   -0.06483128   -0.14636462    0.98710400    0.86936475   -0.49390742   -0.01613664
    0.59489109    0.75047898    0.28789910    0.60468039   -0.65381085    0.45485492    0.52959061   -0.09650220   -0.84274617
    0.75080941    0.64896497    0.12300283    0.51008283   -0.45135610   -0.73218384   -0.41964359    0.61247215   -0.66990830
    0.60956904    0.36146723    0.70552606   -0.52145447    0.85317357    0.01342007   -0.59708527   -0.37608018    0.70855690
    0.49914134    0.45097493    0.73991860   -0.85771276    0.37857341    0.34786635   -0.12323450   -0.80827210    0.57576859
    0.67473449    0.53135311    0.51224725    0.00745302   -0.69891492    0.71516598    0.73802292   -0.47872937   -0.47554219
    0.38448665   -0.23006005    0.89400357    0.75352566   -0.48122513   -0.44790786    0.53326269    0.84586923   -0.01166849
    0.72340038   -0.08271591    0.68545603    0.67257208    0.30875619   -0.67254473   -0.15600865    0.94753770    0.27898676
    0.11624539   -0.18234101    0.97633947   -0.19468609    0.95975119    0.20242279   -0.97395294   -0.21361043    0.07606739
    0.15690185   -0.09249617    0.98327324   -0.96597566   -0.22163990    0.13329207    0.20560357   -0.97073179   -0.12412476
    0.77608715   -0.25743012    0.57568956   -0.01523102   -0.92027170   -0.39098339    0.63044171    0.29466884   -0.71813197
    0.97275490    0.16105516    0.16676075    0.13129566    0.21012835   -0.96881759   -0.19107424    0.96431702    0.18325753
    0.99688167    0.06051894   -0.05063979   -0.02395402    0.84353313    0.53654270    0.07518734   -0.53365656    0.84235238
