# Rotation matrices: 12 entries, row-major flattening of 3x3 -> 1x9
# https://github.com/Neurophysics-CFIN/GFO
# Col:  1    2    3    4    5    6    7    8    9
#       R11  R12  R13  R21  R22  R23  R31  R32  R33
# where Rij = R(i,j), i = row index, j = column index

   -0.97732642    0.07172191    0.19922106    0.02077283    0.96882299   -0.24688155   -0.21071676   -0.23714548   -0.94834618
   -0.69214236    0.41136254   -0.59305971    0.72126767    0.42458735   -0.54726458    0.02668150   -0.80653979   -0.59057740
   -0.59553522    0.48208632   -0.64259675    0.01037690   -0.79523385   -0.60621403   -0.80326217   -0.36768997    0.46858720
   -0.21071888   -0.23714498   -0.94834583   -0.02078532   -0.96882216    0.24688375   -0.97732570    0.07173474    0.19921999
    0.72114089    0.47839084   -0.50109682   -0.69240718    0.52168786   -0.49841154    0.02298061    0.70638798    0.70745170
    0.02076009    0.96882294   -0.24688282    0.21071045    0.23714973    0.94834652    0.97732805   -0.07170855   -0.19921787
    0.02077307    0.96882432   -0.24687632    0.97732703   -0.07172038   -0.19921863   -0.21071392   -0.23714052   -0.94834805
   -0.04383650    0.79571520    0.60408251    0.68601506    0.46354425   -0.56081197   -0.72626559    0.38982566   -0.56619277
   -0.06458071    0.76354115    0.64252179   -0.72731064    0.40483621   -0.55419029   -0.68326317   -0.50310294    0.52918699
    0.21071123    0.23713711    0.94834950   -0.97732731    0.07173306    0.19921271   -0.02078728   -0.96882421    0.24687554
    0.82464365    0.47782940   -0.30272417    0.21072119    0.23714916    0.94834427    0.52493755   -0.84583648    0.09487477
    0.97732820   -0.07170983   -0.19921668   -0.18525042   -0.74522806   -0.64056024   -0.10252740    0.66294257   -0.74161667
