# Rotation matrices: 55 entries, row-major flattening of 3x3 -> 1x9
# https://github.com/Neurophysics-CFIN/GFO
# Col:  1    2    3    4    5    6    7    8    9
#       R11  R12  R13  R21  R22  R23  R31  R32  R33
# where Rij = R(i,j), i = row index, j = column index

   -0.96289987   -0.25577858   -0.08603002   -0.23248177    0.94812451   -0.21682283    0.13702580   -0.18877827   -0.97241282
   -0.98392901   -0.13791614   -0.11341446   -0.00870159    0.67144140   -0.74100657    0.17834793   -0.72811097   -0.66185076
   -0.99780302    0.06084383   -0.02621388   -0.02712369   -0.73616905   -0.67625397   -0.06044373   -0.67405723    0.73620201
   -0.73531156   -0.10612189   -0.66936914    0.08336032   -0.99432693    0.06606824   -0.67258305   -0.00721808    0.73998644
   -0.61626578    0.59527141    0.51562431   -0.70984697   -0.70341871   -0.03632364    0.34107736   -0.38839937    0.85604448
   -0.76648151    0.54873408   -0.33376190    0.00023307    0.51990035    0.85422689    0.64226633    0.65467132   -0.39862190
   -0.55727456    0.72101667   -0.41180095    0.83005253    0.49653002   -0.25391088    0.02139756   -0.48331450   -0.87518526
   -0.60516954    0.76735862   -0.21196832    0.43829049    0.09887437   -0.89337859   -0.66458353   -0.63354921   -0.39616175
   -0.24946666    0.94513320   -0.21092563   -0.82217044   -0.32180103   -0.46955283   -0.51166605    0.05627905    0.85733921
   -0.76560946    0.63150269    0.12266424   -0.53928425   -0.73399509    0.41282406    0.35073445    0.24991111    0.90251304
   -0.49344396    0.78882108    0.36643466    0.42084084   -0.15216885    0.89428051    0.76118726    0.59548799   -0.25688133
   -0.66441114    0.65361568    0.36241464    0.71406490    0.41203258    0.56598629    0.22061087    0.63483517   -0.74048305
   -0.76468038    0.47566771    0.43474606    0.06483083    0.72800542   -0.68249913   -0.64114029   -0.49370875   -0.58752940
   -0.82032456    0.21814934    0.52865724   -0.42251028    0.39180978   -0.81729441   -0.38542531   -0.89380980   -0.22924085
   -0.47673756   -0.12244304    0.87047631   -0.38444067   -0.86148854   -0.33172710    0.79052303   -0.49279327    0.36363186
   -0.62358448   -0.22279527    0.74933615    0.35493744   -0.93472707    0.01745639    0.69653558    0.27685299    0.66195967
   -0.76851471    0.09656289    0.63250356    0.63281083    0.26075781    0.72907875   -0.09452829    0.96056284   -0.26150225
   -0.81226179   -0.43304543    0.39077159   -0.08509602    0.75074889    0.65508379   -0.57705238    0.49884643   -0.64665508
   -0.49275923   -0.17272302    0.85285116   -0.76883866    0.54543030   -0.33375575   -0.40752356   -0.82016617   -0.40156195
   -0.07790531   -0.71687076    0.69283986   -0.50545426   -0.57061211   -0.64723860    0.85932924   -0.40062219   -0.31789167
   -0.39662795   -0.85693508    0.32916340    0.39655696   -0.48333525   -0.78046756    0.82790630   -0.17902321    0.53152784
    0.02791950   -0.96793967    0.24962631    0.98660891   -0.01346205   -0.16254730    0.16069646    0.25082178    0.95460205
    0.22970212   -0.94815992    0.21961264    0.09070941    0.24552046    0.96513808   -0.96902463   -0.20177333    0.14240360
    0.04154746   -0.90376241   -0.42601329   -0.87367192   -0.23972429    0.42335521   -0.48473826    0.35460652   -0.79955177
   -0.16098072   -0.98615656   -0.03975473   -0.48749220    0.11447287   -0.86559074    0.85815882   -0.11996330   -0.49917155
    0.04771504   -0.99086889   -0.12610356    0.43739794    0.13422665   -0.88919416    0.89800129   -0.01272951    0.43980864
   -0.03323783   -0.80497424   -0.59237802    0.98371728   -0.13109213    0.12294372   -0.17662262   -0.57864611    0.79622429
    0.16755763   -0.72107107   -0.67229529   -0.18552678   -0.69281529    0.69684058   -0.96824803    0.00796782   -0.24986448
    0.12057632   -0.18884590   -0.97457610   -0.96559936   -0.25015584   -0.07099242   -0.23038928    0.94961007   -0.21251235
    0.10270033   -0.53724600   -0.83714955   -0.52843301    0.68355286   -0.50350178    0.84274029    0.49408725   -0.21369742
    0.10303857   -0.34667869   -0.93230732    0.65570639    0.72847800   -0.19841606    0.74795199   -0.59087536    0.30238077
    0.06353536   -0.29256648   -0.95413212    0.92624861   -0.33862827    0.16551253   -0.37151953   -0.89427946    0.24947443
    0.11526065   -0.07941565   -0.99015561    0.15223725   -0.98361065    0.09661213   -0.98160012   -0.16187414   -0.10128159
    0.01684542    0.56754757   -0.82316826   -0.97973951   -0.15495376   -0.12688506   -0.19956632    0.80862790    0.55343852
   -0.07745679    0.66737133   -0.74068614   -0.19508442    0.71841173    0.66770252    0.97772313    0.19621442    0.07454788
    0.69205586    0.63138542   -0.34987302    0.68525426   -0.42228850    0.59337933    0.22690370   -0.65040362   -0.72490678
    0.05979402    0.64513478   -0.76172554    0.80975442   -0.47757405   -0.34091172   -0.58371436   -0.59642614   -0.55095681
    0.57317150    0.56884971   -0.58981729   -0.59319236   -0.20854343   -0.77758117   -0.56532934    0.79556247    0.21790615
    0.60971062    0.75064639   -0.25452497   -0.74064755    0.65392481    0.15434877    0.28230154    0.09440521    0.95466931
    0.65082433    0.75741896    0.05238525    0.03477124   -0.09866112    0.99451342    0.75843171   -0.64543203   -0.09054745
    0.36897627    0.90453897    0.21369547    0.82824318   -0.42432304    0.36600983    0.42174607    0.04194288   -0.90574337
    0.69162172    0.64462787    0.32575191    0.63248121   -0.32277463   -0.70411935   -0.34875051    0.69301619   -0.63095296
    0.51469903    0.70062884    0.49417015   -0.34520765    0.69694376   -0.62857066   -0.78480354    0.15293339    0.60057871
    0.58526092    0.42586373    0.69000706   -0.68904183   -0.18736623    0.70008231    0.42742369   -0.88517455    0.18377979
    0.51242547    0.45677368    0.72717119   -0.26699047   -0.72008352    0.64046531    0.81617169   -0.52233851   -0.24703492
    0.61890504    0.12722069    0.77509448    0.73140301   -0.45311215   -0.50964597    0.28636722    0.88232889   -0.37348299
    0.59397068   -0.19533207    0.78041285    0.72031114    0.56113020   -0.40778029   -0.35826065    0.80434961    0.47399475
    0.45457385   -0.12721366    0.88157773   -0.43624016    0.83111775    0.34487361   -0.77656754   -0.54135013    0.32230869
    0.43677233   -0.35617709    0.82605557   -0.83392194    0.18404774    0.52028899   -0.33734868   -0.91611370   -0.21663693
    0.35079247   -0.29406893    0.88908273   -0.43002232   -0.89397960   -0.12602093    0.83188067   -0.33811823   -0.44005752
    0.74420220    0.51325030    0.42747774    0.63756723   -0.73665844   -0.22548253    0.19917611    0.44035039   -0.87545440
    0.78479716   -0.50507531    0.35915505    0.41805159    0.85924223    0.29484853   -0.45752190   -0.08125095    0.88547840
    0.92492019   -0.22453638    0.30676710   -0.33836261   -0.11837161    0.93354106   -0.17330141   -0.96724949   -0.18545900
    0.91695457   -0.08879739   -0.38898502   -0.13011823   -0.98817217   -0.08114809   -0.37717843    0.12502316   -0.91766314
    0.98189681    0.18061070   -0.05708267   -0.03728051   -0.11119564   -0.99309904   -0.18571166    0.97724884   -0.10244938
