# Rotation matrices: 97 entries, row-major flattening of 3x3 -> 1x9
# https://github.com/Neurophysics-CFIN/GFO
# Col:  1    2    3    4    5    6    7    8    9
#       R11  R12  R13  R21  R22  R23  R31  R32  R33
# where Rij = R(i,j), i = row index, j = column index

   -0.99031036   -0.05087867   -0.12921592   -0.09803621    0.91515060    0.39100931    0.09835799    0.39988840   -0.91127107
   -0.84701675   -0.53080845    0.02837282   -0.21879025    0.29948629   -0.92867583    0.48445170   -0.79281168   -0.36980562
   -0.90502267   -0.02736113   -0.42448244    0.36278622   -0.57066735   -0.73669867   -0.22208136   -0.82072538    0.52639313
   -0.83229830    0.14009469   -0.53633293   -0.21825838   -0.97220384    0.08475237   -0.50955158    0.18759841    0.83974045
   -0.97409554    0.03096495   -0.22400682   -0.21749898   -0.39945444    0.89057866   -0.06190379    0.91622995    0.39584164
   -0.89177724    0.42570643   -0.15332121    0.13175602    0.56848041    0.81207781    0.43286685    0.70399152   -0.56304727
   -0.86454491    0.45353658   -0.21648711    0.50199864    0.79962749   -0.32953490    0.02365291   -0.39357396   -0.91898862
   -0.69450854    0.42944859   -0.57726232    0.53764750   -0.22339230   -0.81303816   -0.47811405   -0.87502559   -0.07574410
   -0.62042665    0.77774484    0.10091455   -0.60262930   -0.39042560   -0.69599265   -0.50190507   -0.49262645    0.71092228
   -0.52452457    0.82765945    0.19963419   -0.79760491   -0.55970925    0.22483763    0.29782609   -0.04129635    0.95372650
   -0.42185736    0.82775086    0.36995254    0.29265197   -0.26188172    0.91965906    0.85813239    0.49623229   -0.13176619
   -0.75171808    0.43778174    0.49322113    0.65948337    0.50044876    0.56092131   -0.00127080    0.74692582   -0.66490616
   -0.85890442    0.36984175    0.35426019    0.14167279    0.83632078   -0.52961908   -0.49215040   -0.40470314   -0.77071612
   -0.44801229    0.40438312    0.79734515   -0.65791186    0.45474673   -0.60029775   -0.60534038   -0.79352360    0.06231632
   -0.62860945    0.31528898    0.71094516   -0.60557609   -0.77201060   -0.19307315    0.48798336   -0.55189899    0.67622462
   -0.66227659    0.05811151    0.74700253    0.41104560   -0.80538576    0.42707761    0.62644333    0.58989561    0.50950165
   -0.74766941   -0.18447482    0.63793377    0.66396926   -0.22449048    0.71326632    0.01163038    0.95685582    0.29033028
   -0.70540535   -0.25393544    0.66175530    0.16553194    0.84878672    0.50215563   -0.68920422    0.46376491   -0.55670427
   -0.62711078   -0.45674963    0.63096105   -0.65262963    0.75029437   -0.10551270   -0.42521364   -0.47795203   -0.76860603
   -0.75471551   -0.45837211    0.46936075   -0.30043473   -0.39452928   -0.86838103    0.58321821   -0.79639290    0.16004646
   -0.80968532   -0.53121054    0.24944950    0.40651355   -0.81423693   -0.41444536    0.42326874   -0.23416573    0.87521997
   -0.81225808   -0.50514937    0.29165208    0.57467608   -0.60738310    0.54848262   -0.09992110    0.61311491    0.78364908
   -0.47640667   -0.82549341    0.30265048    0.16329354    0.25516219    0.95300969   -0.86392818    0.50344104    0.01323677
   -0.59181880   -0.77250071   -0.23020242   -0.74679272    0.41796933    0.51730288   -0.30339929    0.47806306   -0.82426002
   -0.58417746   -0.80307706   -0.11749014   -0.65137486    0.55025650   -0.52242566    0.48419778   -0.22865917   -0.84455165
   -0.57664991   -0.80980255    0.10814209    0.35757025   -0.36917538   -0.85781878    0.73458723   -0.45599273    0.50244625
   -0.73471258   -0.48775278   -0.47148133    0.61824525   -0.76750894   -0.16941911   -0.27923149   -0.41596545    0.86544931
   -0.62663478   -0.58930817   -0.50994582    0.09730567   -0.70839804    0.69907354   -0.77321437    0.38844317    0.50124988
   -0.15990138   -0.62052573   -0.76771047   -0.91020200   -0.20831896    0.35796024   -0.38205219    0.75600994   -0.53149327
   -0.20435644   -0.25667698   -0.94464563   -0.61404539    0.78515445   -0.08050314    0.76235602    0.56360396   -0.31806268
   -0.43908531   -0.29832478   -0.84747060    0.58514744    0.62082095   -0.52171240    0.68176723   -0.72497150   -0.09802938
   -0.26924626    0.17636586   -0.94678484    0.90134507   -0.30014430   -0.31223462   -0.33923960   -0.93744786   -0.07815377
   -0.20691671    0.25508810   -0.94451868   -0.01851269   -0.96625957   -0.25690411   -0.97818340   -0.03567217    0.20465762
   -0.31561466   -0.04639480   -0.94775256   -0.92401778   -0.21214672    0.31809576   -0.21582058    0.97613590    0.02408700
   -0.28811991    0.69851424   -0.65503036   -0.50044544    0.47335700    0.72490518    0.81641979    0.53666657    0.21318470
   -0.50228935    0.37857461   -0.77742310    0.79044202    0.56553723   -0.23530632    0.35058071   -0.73269974   -0.58330460
   -0.27944737    0.91656396   -0.28604139    0.79321469    0.05250906   -0.60667393   -0.54103569   -0.39642567   -0.74170551
   -0.59197438    0.77972038   -0.20396685   -0.06286321   -0.29697307   -0.95281437   -0.80350143   -0.55121968    0.22481617
   -0.27069336    0.87299094   -0.40572395   -0.96257500   -0.23967151    0.12651855    0.01320907    0.42478746    0.90519674
   -0.19740024    0.95129348    0.23679918   -0.29692829   -0.28822525    0.91036245    0.93427337    0.10939339    0.33936168
   -0.09997828    0.99459321    0.02808377    0.92069259    0.08177391    0.38162571    0.37726582    0.06401080   -0.92389021
   -0.05384552    0.92220733    0.38292858    0.72578524    0.29952511   -0.61929032   -0.68581080    0.24457790   -0.68545255
    0.13947104    0.73891694    0.65920375   -0.40475527    0.65009859   -0.64307465   -0.90372618   -0.17712590    0.38975045
   -0.35146924    0.73215920    0.58344861   -0.92798518   -0.35483128   -0.11374653    0.12374525   -0.58141007    0.80414516
   -0.10948596    0.25832296    0.95983440   -0.30499050   -0.92779027    0.21490931    0.94604103   -0.26921082    0.18036605
    0.17372581    0.42358802    0.88904023    0.90764091   -0.41915225    0.02234682    0.38210905    0.80304706   -0.45728338
   -0.10490539    0.13276843    0.98557973    0.77865534    0.62744973   -0.00164409   -0.61862002    0.76725444   -0.16920371
   -0.11891579   -0.23688698    0.96423213   -0.46432232    0.87166110    0.15688122   -0.87764675   -0.42905884   -0.21364618
   -0.09296620   -0.39646393    0.91333107   -0.93184194   -0.28850173   -0.22008485    0.35075330   -0.87154065   -0.34262081
    0.02753769   -0.69505880    0.71842532    0.04241274   -0.71723827   -0.69553607    0.99872060    0.04962384    0.00972826
    0.04051754   -0.64802869    0.76053741    0.88799673   -0.32559154   -0.32473366    0.45806128    0.68851214    0.56225519
   -0.13798746   -0.73638486    0.66234191    0.53137177    0.50930573    0.67694292   -0.83582504    0.44535943    0.32101632
   -0.09793101   -0.95266268    0.28782520   -0.45646539    0.29999713    0.83764018   -0.88433527   -0.04935130   -0.46423656
    0.09953576   -0.84120971    0.53146858   -0.87355936   -0.32961737   -0.35811513    0.47643120   -0.42862409   -0.76765533
    0.08573181   -0.97405968    0.20942251   -0.09387861   -0.21715887   -0.97161146    0.99188551    0.06363772   -0.11006080
   -0.04168199   -0.95322739   -0.29936626    0.97509658    0.02651363   -0.22019010    0.21782852   -0.30108898    0.92838363
    0.08709077   -0.94721740   -0.30853588    0.68016678   -0.16975058    0.71313245   -0.72786561   -0.27196311    0.62948210
   -0.09875431   -0.69629533   -0.71092925   -0.37682812   -0.63505036    0.67432307   -0.92100388    0.33449044   -0.19966970
    0.28459713   -0.69879091   -0.65627414   -0.88578719    0.07009887   -0.45876704    0.36658631    0.71188301   -0.59903010
    0.43817660   -0.64784914   -0.62313142    0.04219064    0.70728274   -0.70567066    0.89789822    0.28291806    0.33724791
    0.24840673   -0.19963447   -0.94786084    0.96823631    0.02237724    0.24903354   -0.02850517   -0.97961489    0.19885200
    0.16782129   -0.34986370   -0.92164603    0.24798590   -0.88985964    0.38295277   -0.95411687   -0.29282285   -0.06257613
    0.56607595    0.11414366   -0.81641242   -0.74244114   -0.35979746   -0.56509021   -0.35824458    0.92602215   -0.11892774
    0.29741943    0.16539436   -0.94031186   -0.88030236    0.42877839   -0.20301935    0.36960715    0.88814064    0.27312407
    0.29725629    0.28817010   -0.91027287    0.33461164    0.86146388    0.38198826    0.89424479   -0.41813631    0.15965049
    0.31185581    0.72093781   -0.61886560    0.95012263   -0.23416156    0.20599843    0.00359753   -0.65224001   -0.75800397
    0.46200176    0.52433320   -0.71528251    0.36526603   -0.84743199   -0.38527879   -0.80816774   -0.08326892   -0.58303618
    0.51272398    0.70922239   -0.48385713   -0.70545929    0.02681452   -0.70824302   -0.48932741    0.70447469    0.51407597
    0.30292846    0.91495074   -0.26664489   -0.79991308    0.39619991    0.45073794    0.51804769    0.07675138    0.85190129
    0.32932979    0.94336851    0.03997187    0.45345181   -0.19514845    0.86965426    0.82820489   -0.26827774   -0.49204035
    0.43461735    0.89064397   -0.13364537    0.90052932   -0.43181388    0.05083035   -0.01243818   -0.14244332   -0.98972481
    0.40491074    0.87345141    0.27042546    0.13002789    0.23774406   -0.96258532   -0.90506356    0.42492399   -0.01730792
    0.31634178    0.83180338    0.45610417   -0.89864899    0.41678596   -0.13681907   -0.30390437   -0.36659596    0.87934608
    0.62408101    0.60572627    0.49357733   -0.51164053   -0.16063209    0.84405053    0.59054794   -0.77929007    0.20966667
    0.61987735    0.39902936    0.67566830    0.35345059   -0.91074224    0.21359131    0.70058886    0.10641495   -0.70558565
    0.80857836    0.08292656    0.58251542    0.57972225    0.05701082   -0.81281725   -0.10061382    0.99492359   -0.00197665
    0.43998389    0.17232094    0.88131701    0.19917013    0.93824699   -0.28288488   -0.87564001    0.29999681    0.37849238
    0.60029145    0.38501503    0.70100899   -0.79716443    0.35888171    0.48552321   -0.06464557   -0.85027487    0.52235391
    0.35154131   -0.39868702    0.84703446   -0.54218018   -0.82430655   -0.16297046    0.76319026   -0.40195444   -0.50593800
    0.52799693   -0.17728275    0.83053602    0.47266066   -0.75115507   -0.46082313    0.70555733    0.63587490   -0.31281299
    0.86363406    0.09026426    0.49597236    0.27916605    0.73358019   -0.61961796   -0.41976485    0.67358182    0.60834612
    0.71785194   -0.31846103    0.61908898    0.04325725    0.90793001    0.41688357   -0.69485063   -0.27248059    0.66553507
    0.63638693   -0.50005146    0.58733313   -0.75296371   -0.23736108    0.61376329   -0.16750320   -0.83283147   -0.52757409
    0.40652265   -0.78230359    0.47195383   -0.45035149   -0.62102695   -0.64148972    0.79493576    0.04823499   -0.60477311
    0.63837999   -0.76827410   -0.04717938    0.51674918    0.47319565   -0.71348172    0.57047461    0.43109255    0.69908364
    0.65813366   -0.73218511    0.17539969    0.69506610    0.68040305    0.23223868   -0.28938419   -0.03092971    0.95671320
    0.77016999   -0.63512290    0.05879704   -0.18347814   -0.13231524    0.97407826   -0.61087966   -0.76099381   -0.21843640
    0.91270562   -0.35409831   -0.20391871   -0.37979415   -0.91924548   -0.10365400   -0.15074764    0.17205272   -0.97348498
    0.87561575   -0.32137300   -0.36057795   -0.19763317    0.44279062   -0.87457281    0.44072462    0.83705188    0.32420048
    0.53056216   -0.43710594   -0.72625215    0.37300384    0.88976793   -0.26302314    0.76116485   -0.13134471    0.63511939
    0.81150152   -0.37430940   -0.44872905    0.49727762    0.03906643    0.86671147   -0.30688801   -0.92648059    0.21783816
    0.88179203    0.09217451   -0.46254370    0.10567656   -0.99439508    0.00330103   -0.45964691   -0.05179085   -0.88659034
    0.99225482    0.06409984   -0.10640290   -0.10469512   -0.02944641   -0.99406833   -0.06685280    0.99750896   -0.02250741
    0.94951785    0.29789120    0.09837016   -0.28847063    0.95231498   -0.09940256   -0.12329053    0.06600760    0.99017294
    0.90672355    0.40847890    0.10486847   -0.27969529    0.39635718    0.87445499    0.31563104   -0.82222015    0.47363602
    0.99506689    0.04931516   -0.08608075    0.09040169   -0.80810865    0.58205493   -0.04085847   -0.58696544   -0.80858034
    0.96826475   -0.00242613   -0.24991497   -0.20026810   -0.60575667   -0.77003347   -0.14951946    0.79564626   -0.58701871
