# Rotation matrices: 43 entries, row-major flattening of 3x3 -> 1x9
# https://github.com/Neurophysics-CFIN/GFO
# Col:  1    2    3    4    5    6    7    8    9
#       R11  R12  R13  R21  R22  R23  R31  R32  R33
# where Rij = R(i,j), i = row index, j = column index

   -0.99889657   -0.03072834   -0.03551648   -0.03857061    0.96822136    0.24710262    0.02679476    0.24819985   -0.96833820
   -0.99889770   -0.03074135   -0.03547332    0.02674975    0.24819882   -0.96833971    0.03857250   -0.96822121   -0.24710290
   -0.62434681   -0.00835622   -0.78110258    0.67298508   -0.51342458   -0.53243430   -0.39658812   -0.85809404    0.32617861
   -0.71923379    0.14476429   -0.67951899    0.03856320   -0.96822559   -0.24708720   -0.69369708   -0.20391789    0.69079798
   -0.69248605    0.15236944   -0.70515716   -0.72039887   -0.19831969    0.66460121   -0.03858163    0.96822149    0.24710039
   -0.67964649    0.66374908   -0.31227842    0.07504201    0.48639436    0.87051090    0.72969127    0.56820568   -0.38038528
   -0.62410960    0.00446317   -0.78132406    0.41028364    0.85289577   -0.32285622    0.66494702   -0.52206215   -0.53413161
   -0.61093036    0.76868133   -0.18945475    0.38852850    0.08260404   -0.91772664   -0.68978961   -0.63427563   -0.34911992
   -0.60412694    0.77372874   -0.19072094   -0.69432231   -0.62852930   -0.35052454   -0.39108461   -0.07933951    0.91692861
   -0.67967569    0.66372722   -0.31226131   -0.72966414   -0.56823377    0.38039536    0.07504133    0.48639136    0.87051263
   -0.67304790    0.51339728    0.53238121    0.14787647   -0.61187670    0.77700673    0.72466480    0.60168940    0.33590295
   -0.67305061    0.51339742    0.53237765    0.72467366    0.60164573    0.33596204   -0.14782070    0.61191952   -0.77698362
   -0.67297009    0.51341122    0.53246612    0.39658333    0.85810228   -0.32616275   -0.62436601   -0.00833059   -0.78108750
   -0.67300701    0.51342629    0.53240493   -0.62432799   -0.00838761   -0.78111728   -0.39658054   -0.85809271    0.32619133
    0.07503738    0.48638877    0.87051442   -0.45131480   -0.76188327    0.46459535    0.88920433   -0.42773806    0.16234473
    0.20825860   -0.09463553    0.97348471    0.44323438   -0.87810962   -0.18018541    0.87187822    0.46900705   -0.14092816
   -0.02673415   -0.24820663    0.96833814    0.99889881    0.03072747    0.03545402   -0.03855451    0.96821965    0.24711183
   -0.03136061   -0.27929624    0.95969272    0.10990459    0.95337912    0.28105024   -0.99344728    0.11428854    0.00079739
    0.14789716   -0.61192979    0.77696098   -0.67309252    0.51331208    0.53240696   -0.72461914   -0.60170810   -0.33596797
    0.14786729   -0.61187554    0.77700939   -0.72468018   -0.60167514   -0.33589531    0.67303335   -0.51341538   -0.53238215
   -0.04233070   -0.87063466    0.49010550   -0.07502779   -0.48639000   -0.87051456    0.99628256   -0.07362102   -0.04473256
   -0.04231923   -0.87063527    0.49010541    0.99628277   -0.07361284   -0.04474142    0.07503151    0.48639015    0.87051415
   -0.40351954   -0.85813378    0.31745614    0.61987785   -0.00119541    0.78469740   -0.67299586    0.51342477    0.53242050
    0.03857700   -0.96822147   -0.24710118   -0.94729642   -0.11413730    0.29933621   -0.31802721    0.22253057   -0.92159581
    0.03857494   -0.96822216   -0.24709881   -0.89805458    0.07484591   -0.43346980    0.43818940    0.23862929   -0.86662917
    0.03858204   -0.96822357   -0.24709217    0.43819367    0.23862606   -0.86662790    0.89805219   -0.07483795    0.43347612
   -0.07503301   -0.48639266   -0.87051262    0.88921244   -0.42772227    0.16234191   -0.45129955   -0.76188965    0.46459969
    0.03857974   -0.96822075   -0.24710358    0.31802207   -0.22253265    0.92159708   -0.94729803   -0.11413936    0.29933032
   -0.07504155   -0.48639412   -0.87051107   -0.95020248   -0.22991011    0.21037250   -0.30246325    0.84294846   -0.44492008
   -0.07403538   -0.49351709   -0.86657928   -0.28560627    0.84305820   -0.45572132    0.95548303    0.21376097   -0.20336771
    0.38794103    0.07656832   -0.91849826    0.71306583    0.60648329    0.35173164    0.58398534   -0.79140086    0.18068150
    0.45544585    0.12714856   -0.88113695    0.60642287   -0.76892619    0.20249397   -0.65178246   -0.62656664   -0.42731004
    0.72041452    0.19831299   -0.66458624    0.03858028   -0.96822240   -0.24709703   -0.69246984    0.15237236   -0.70517245
    0.72039916    0.19832186   -0.66460025   -0.69248548    0.15236516   -0.70515865   -0.03858645    0.96822172    0.24709874
    0.39658403    0.85809983   -0.32616834   -0.67300864    0.51341471    0.53241403    0.62432402    0.00836721    0.78112068
    0.72968297    0.56821387   -0.38038897    0.07503888    0.48639722    0.87050957    0.67965575   -0.66373997    0.31227764
    0.72967058    0.56823111   -0.38038697    0.67966986   -0.66372854    0.31227120   -0.07503148   -0.48639267   -0.87051275
    0.69119309    0.63488810    0.34520894    0.37765671    0.08993658   -0.92156759   -0.61613921    0.76735162   -0.17760621
    0.69721720    0.62915725    0.34358307   -0.61045214    0.77235461   -0.17554639   -0.37581425   -0.08734706    0.92256932
    0.72465965    0.60169167    0.33590999   -0.67305349    0.51339021    0.53238098    0.14787630   -0.61188040    0.77700384
    0.72466563    0.60169667    0.33588814    0.14789281   -0.61187088    0.77700820    0.67304341   -0.51339570   -0.53238841
    0.99628228   -0.07361824   -0.04474343   -0.07503633   -0.48639857   -0.87050903    0.04232220    0.87063011   -0.49011432
    0.99628204   -0.07362050   -0.04474497    0.04232358    0.87063100   -0.49011261    0.07503870    0.48639662    0.87050992
