# Rotation matrices: 66 entries, row-major flattening of 3x3 -> 1x9
# https://github.com/Neurophysics-CFIN/GFO
# Col:  1    2    3    4    5    6    7    8    9
#       R11  R12  R13  R21  R22  R23  R31  R32  R33
# where Rij = R(i,j), i = row index, j = column index

   -0.71020672   -0.59922789   -0.36950284   -0.55622040    0.79936110   -0.22724587    0.43153827    0.04413347   -0.90101441
   -0.82036962   -0.39260389   -0.41575939    0.25759189    0.39539617   -0.88165089    0.51052924   -0.83037585   -0.22323943
   -0.99743956   -0.05220755   -0.04887434    0.06490083   -0.37377473   -0.92524609    0.03003684   -0.92604904    0.37620602
   -0.97759806    0.07972845   -0.19479581   -0.05382391   -0.98940493   -0.13483646   -0.20348223   -0.12133119    0.97153164
   -0.83197311    0.15316456   -0.53325544   -0.54802920   -0.07699428    0.83290808    0.08651439    0.98519668    0.14799582
   -0.83858685    0.41688780   -0.35068026   -0.11959257    0.48714137    0.86509589    0.53147879    0.76739680   -0.35865367
   -0.86119014    0.40335456   -0.30928409    0.49980554    0.78267973   -0.37095399    0.09244440   -0.47404382   -0.87563491
   -0.95870706    0.28358258    0.02148714    0.14603809    0.55572410   -0.81843974   -0.24403617   -0.78150601   -0.57419047
   -0.85524265    0.50651340   -0.10956367   -0.35934469   -0.73196612   -0.57887563   -0.37340516   -0.45570801    0.80802154
   -0.37734209    0.92551548    0.03215656   -0.70814713   -0.31074703    0.63400625    0.59677515    0.21646567    0.77265906
   -0.44553689    0.76228762    0.46948319    0.06591965   -0.49505142    0.86635945    0.89283340    0.41694326    0.17031394
   -0.47688548    0.84034484    0.25768350    0.83854725    0.34708803    0.41996238    0.26347436    0.41635375   -0.87019010
   -0.23403582    0.56510700    0.79112661    0.30297560    0.81559676   -0.49295813   -0.92381439    0.12432220   -0.36209249
   -0.29607539    0.26138462    0.91870422   -0.88389413    0.28958569   -0.36724828   -0.36203665   -0.92077044    0.14529713
   -0.57742222    0.40135529    0.71098348   -0.68524255   -0.71168078   -0.15476792    0.44387636   -0.57656257    0.68596602
   -0.47262471    0.03661526    0.88050281    0.32069163   -0.92348797    0.21053941    0.82084271    0.38187601    0.42472103
   -0.54920272   -0.18919373    0.81399146    0.83307845   -0.04701477    0.55115326   -0.06600512    0.98081361    0.18343386
   -0.33167148   -0.33596028    0.88154678    0.20473208    0.88653851    0.41489065   -0.92091194    0.31808830   -0.22525769
   -0.60273000   -0.28472956    0.74541641   -0.70931042    0.61908735   -0.33706020   -0.36550687   -0.73188792   -0.57510416
   -0.56815726   -0.67978593    0.46377625   -0.45084171   -0.21434238   -0.86648664    0.68843233   -0.70139036   -0.18469567
   -0.42767453   -0.78742154    0.44391645    0.15021397   -0.54617592   -0.82409200    0.89136427   -0.28576071    0.35186725
   -0.55149144   -0.79334446    0.25780178    0.81642806   -0.44991333    0.36197129   -0.17117946    0.41010067    0.89583203
   -0.72919537   -0.68131523   -0.06390357   -0.28996994    0.22305536    0.93067918   -0.61983187    0.69717707   -0.36021187
   -0.54363917   -0.82856206    0.13394537   -0.76586055    0.55499284    0.32471612   -0.34338618    0.07394493   -0.93627885
   -0.59647124   -0.79841262   -0.08221531   -0.37293759    0.36639099   -0.85245246    0.71073175   -0.47780219   -0.51629977
   -0.26767297   -0.82054207   -0.50503653    0.40757711    0.37852886   -0.83102154    0.87305904   -0.42828333    0.23311222
   -0.13548803   -0.73786965   -0.66120449    0.89085921   -0.38278954    0.24462633   -0.43360450   -0.55589617    0.70920137
   -0.03811835   -0.98759902   -0.15229959    0.30534803   -0.15663226    0.93927042   -0.95147757   -0.01070094    0.30753198
    0.12291996   -0.51873662   -0.84605142   -0.96995156   -0.24316100    0.00816749   -0.20996348    0.81962494   -0.53303874
    0.08482656   -0.33483077   -0.93845235   -0.59169755    0.74086819   -0.31781808    0.80168476    0.58223937   -0.13527325
   -0.04030974   -0.24652409   -0.96829799    0.62541157    0.74955228   -0.21686802    0.77925316   -0.61432666    0.12396477
   -0.43120986   -0.15027952   -0.88964832    0.88111809   -0.28230347   -0.37938854   -0.19413648   -0.94748130    0.25414604
   -0.18501486   -0.02267935   -0.98247399    0.02510150   -0.99951656    0.01834576   -0.98241509   -0.02126733    0.18549471
    0.17539587    0.64132509   -0.74695275   -0.98426595    0.09775828   -0.14718648   -0.02137356    0.76101606    0.64838085
    0.11633135    0.56464349   -0.81709531   -0.39997441    0.77965613    0.48182652    0.90911357    0.27076569    0.31654140
    0.20432058    0.38154112   -0.90148737    0.71707100    0.56856863    0.40316114    0.66637999   -0.72880456   -0.15742180
    0.18260112    0.79387441   -0.58001746    0.81559458   -0.45175544   -0.36155566   -0.54905583   -0.40703863   -0.72997072
   -0.06002225    0.88465178   -0.46237274   -0.54970253   -0.41593660   -0.72444728   -0.83320133    0.21068451    0.51126077
    0.01897181    0.97979900    0.19908288   -0.95241000   -0.04287828    0.30178908    0.30422897   -0.19533401    0.93235688
   -0.00310327    0.99803161   -0.06263599   -0.38695649    0.05655827    0.92036180    0.92209275    0.02709353    0.38601929
    0.07549213    0.99497577    0.06575836    0.91765572   -0.09512479    0.38582283    0.39013961    0.03121694   -0.92022638
    0.36183272    0.73338702    0.57551765    0.86585959   -0.03559074   -0.49901951   -0.34549133    0.67887906   -0.64788807
    0.24809685    0.69713433    0.67264529   -0.31741562    0.71452281   -0.62346169   -0.91525695   -0.05882924    0.39855218
    0.79501077    0.41324213    0.44405947   -0.60417325    0.47408427    0.64048324    0.05415305   -0.77747993    0.62657194
    0.62651558    0.26161165    0.73419178   -0.09555584   -0.90909722    0.40547668    0.77352912   -0.32419377   -0.54456505
    0.64292383    0.23327306    0.72954275    0.54105816   -0.81250166   -0.21701873    0.54213007    0.53425157   -0.64859097
    0.62999768   -0.06744838    0.77366249    0.65198257    0.58718445   -0.47972194   -0.42192612    0.80663817    0.41390001
    0.29400328   -0.32634432    0.89836599   -0.68042749    0.58862592    0.43650655   -0.67125294   -0.73960727   -0.04899570
    0.18198202   -0.06610803    0.98107710   -0.96036305   -0.22620167    0.16289755    0.21115244   -0.97183462   -0.10465235
    0.51996068   -0.38355964    0.76323187    0.05970439   -0.87501060   -0.48040799    0.85210109    0.29536156   -0.43207091
    0.38732928   -0.67686783    0.62596004    0.89687181    0.11937919   -0.42587507    0.21353453    0.72635979    0.65330273
    0.53808646   -0.44873552    0.71351201    0.47385207    0.86112015    0.18421808   -0.69708477    0.23897389    0.67599135
    0.63408789   -0.70243000    0.32330271   -0.45401158    0.00025355    0.89099575   -0.62594412   -0.71175279   -0.31875058
    0.27086584   -0.79801267    0.53833770   -0.89244214   -0.41779174   -0.17028533    0.36080289   -0.43431077   -0.82534564
    0.37912517   -0.85415543    0.35592501   -0.02846812   -0.39522450   -0.91814332    0.92490739    0.33795872   -0.17415576
    0.66127858   -0.73316205   -0.15869482    0.73752629    0.67407636   -0.04093943    0.13698767   -0.08996923    0.98647854
    0.47475026   -0.79092300   -0.38607384    0.62299248   -0.00785995    0.78218834   -0.62168526   -0.61186521    0.48900756
    0.77900699    0.03947814   -0.62577119   -0.06966726   -0.98638672   -0.14895541   -0.62313287    0.15963307   -0.76565182
    0.81731595   -0.44650367   -0.36418279   -0.27343285    0.25578802   -0.92725777    0.50717759    0.85744211    0.08697085
    0.71403790   -0.56336778   -0.41565204    0.32796888    0.79368846   -0.51234270    0.61853560    0.22951117    0.75149074
    0.83050542   -0.21324891   -0.51457327    0.55607703    0.26396007    0.78810115   -0.03223492   -0.94066465    0.33780309
    0.89478160    0.11522540   -0.43138035    0.27170367   -0.90717608    0.32126108   -0.35432049   -0.40466612   -0.84303162
    0.87291653    0.14130848   -0.46695679   -0.24685932   -0.69763048   -0.67258619   -0.42080542    0.70238424   -0.57408987
    0.95642129    0.26844905    0.11486258   -0.16677920    0.82514013   -0.53974853   -0.23967271    0.49707030    0.83395331
    0.91317489    0.38760686   -0.12598630   -0.33124517    0.88592322    0.32467936    0.23746214   -0.25475669    0.93739573
    0.90599327    0.32870927   -0.26669534    0.34597155   -0.21202732    0.91397380    0.24388496   -0.92032311   -0.30581938
