# Rotation matrices: 67 entries, row-major flattening of 3x3 -> 1x9
# https://github.com/Neurophysics-CFIN/GFO
# Col:  1    2    3    4    5    6    7    8    9
#       R11  R12  R13  R21  R22  R23  R31  R32  R33
# where Rij = R(i,j), i = row index, j = column index

   -0.86724289   -0.49488212    0.05460264   -0.49688466    0.86722888   -0.03193283   -0.03155000   -0.05482473   -0.99799742
   -0.82026554   -0.41645289   -0.39208599    0.14852692    0.50689025   -0.84911838    0.55236238   -0.75473787   -0.35393015
   -0.92093326   -0.21220331   -0.32688176    0.37134689   -0.22330661   -0.90124117    0.11825150   -0.95136949    0.28445152
   -0.95255430    0.09792420   -0.28818598   -0.05996734   -0.98865325   -0.13772678   -0.29840279   -0.11391049    0.94761816
   -0.84838493    0.16331318   -0.50355914   -0.52898755   -0.22491894    0.81828091    0.02037607    0.96059371    0.27720848
   -0.84672092    0.47974243   -0.23002364   -0.05438401    0.35203705    0.93440478    0.52925047    0.80368969   -0.27198682
   -0.84427125    0.30813239   -0.43847518    0.46041776    0.83575900   -0.29920292    0.27426547   -0.45449018   -0.84747692
   -0.79479757    0.56911966    0.21071220    0.11590506    0.48316988   -0.86782076   -0.59570365   -0.66531923   -0.44998610
   -0.81126779    0.57876242   -0.08293750   -0.45740079   -0.71660755   -0.52655307   -0.36418277   -0.38923987    0.84608701
   -0.65565133    0.66032386   -0.36618811   -0.73166180   -0.43580776    0.52415895    0.18652705    0.61159136    0.76887168
   -0.34380181    0.77199262    0.53462857    0.13738138   -0.52185773    0.84189718    0.92893847    0.36289378    0.07335822
   -0.50784823    0.77218370    0.38186715    0.85762166    0.41147735    0.30849876    0.08108803    0.48416808   -0.87120950
   -0.12220236    0.65931260    0.74187160    0.43743747    0.70673664   -0.55603218   -0.89090686    0.25657399   -0.37477293
   -0.36324042    0.40766250    0.83777544   -0.81194976    0.30249168   -0.49923579   -0.45693981   -0.86157418    0.22112426
   -0.67361140    0.29394899    0.67811627   -0.66672840   -0.63761119   -0.38590828    0.31893718   -0.71207160    0.62548630
   -0.32699164    0.07870172    0.94174440    0.34311792   -0.91863503    0.19590756    0.88053765    0.38718952    0.27338200
   -0.52456836   -0.17036398    0.83414876    0.84075963   -0.25785128    0.47606297    0.13398235    0.95104618    0.27849578
   -0.33706561   -0.49176102    0.80284362    0.12533371    0.82171773    0.55594194   -0.93310141    0.28801228   -0.21533855
   -0.57875882   -0.37505459    0.72413555   -0.65708586    0.74037716   -0.14170328   -0.48298696   -0.55783126   -0.67494288
   -0.63619074   -0.56350549    0.52699422   -0.51249947   -0.20192551   -0.83460792    0.57671972   -0.80105409   -0.16033313
   -0.54104201   -0.77465507    0.32738824    0.31046291   -0.54576563   -0.77830113    0.78159217   -0.31945171    0.53578381
   -0.50253321   -0.75889367    0.41417481    0.85939283   -0.38619214    0.33511132   -0.09436280    0.52434343    0.84626215
   -0.59296960   -0.80503438   -0.01751276   -0.05340581    0.01761785    0.99841746   -0.80345185    0.59296648   -0.05344036
   -0.46654178   -0.87125846    0.15247119   -0.81640767    0.49050495    0.30476780   -0.34031940    0.01770826   -0.94014314
   -0.57272572   -0.81310851    0.10411437   -0.50908770    0.25325246   -0.82261346    0.64250678   -0.52413523   -0.55898774
   -0.48145990   -0.56212652   -0.67246572    0.68385042    0.23897641   -0.68937571    0.54821982   -0.79177273    0.26935290
   -0.11242035   -0.78316652   -0.61156510    0.96054319   -0.24322496    0.13490148   -0.25439822   -0.57226902    0.77960869
   -0.30738044   -0.76762878   -0.56237293   -0.05232690   -0.57645523    0.81545157   -0.95014692    0.28008109    0.13702343
    0.02794514   -0.52419654   -0.85113868   -0.95931490   -0.25337968    0.12455381   -0.28095193    0.81302935   -0.50995029
   -0.05422196   -0.44870137   -0.89203535   -0.57253796    0.74588166   -0.34038337    0.81808329    0.49226784   -0.29734173
    0.20444324   -0.06764472   -0.97653835    0.77487939    0.62076357    0.11922468    0.59813451   -0.78107412    0.17932741
   -0.20690107   -0.18868335   -0.95999507    0.94660927   -0.28656154   -0.14769354   -0.24723035   -0.93929818    0.23789930
    0.16970190   -0.07291809   -0.98279409   -0.25123864   -0.96750839    0.02840187   -0.95293253    0.24209600   -0.18250786
    0.08095260    0.58423865   -0.80753445   -0.97801090   -0.10967227   -0.17738848   -0.19220134    0.80413755    0.56251351
    0.22628148    0.55823923   -0.79822657   -0.49915652    0.77016004    0.39710991    0.83644454    0.30858138    0.45292171
    0.13321451    0.52373377   -0.84140171    0.68729599    0.56284561    0.45916124    0.71405750   -0.63945896   -0.28498092
   -0.06816009    0.91337736   -0.40136767    0.72873265   -0.22918790   -0.64530739   -0.68139778   -0.33647394   -0.64998643
   -0.11929310    0.93653723   -0.32964705   -0.41072111   -0.34882650   -0.84239435   -0.90392330    0.03490117    0.42626821
   -0.14136556    0.97070897   -0.19426754   -0.98904913   -0.13008516    0.06971138    0.04239814    0.20199493    0.97846842
   -0.01555755    0.99671565   -0.07947244   -0.21923623    0.07414753    0.97285026    0.97554776    0.03255841    0.21736263
    0.02627976    0.99914514    0.03191166    0.87828454   -0.03832296    0.47660007    0.47741559    0.01550258   -0.87854085
    0.08765954    0.95524859    0.28251715    0.77953932    0.11078931   -0.61647723   -0.62018889    0.27427334   -0.73494209
    0.52517329    0.74009726    0.42005841   -0.54358051    0.67152922   -0.50355609   -0.65476198    0.03611864    0.75497165
    0.65181541    0.67180350    0.35187601   -0.70856634    0.37409880    0.59831749    0.27031539   -0.63932006    0.71986072
    0.63187888    0.29610521    0.71627563    0.12092051   -0.95049221    0.28625652    0.76557645   -0.09426704   -0.63640115
    0.66452655    0.48322949    0.56999449    0.66788080   -0.72620267   -0.16298750    0.33517115    0.48899790   -0.80532065
    0.47993061    0.09620007    0.87201614    0.44892215    0.82705117   -0.33831238   -0.75374764    0.55383383    0.35374083
    0.52546641   -0.23126713    0.81877992   -0.63326904    0.53637923    0.55791365   -0.56820363   -0.81167286    0.13539495
    0.41078064   -0.10188481    0.90602359   -0.87205843   -0.33386635    0.35783705    0.26603263   -0.93709805   -0.22599534
    0.41269092   -0.11343106    0.90378073    0.26115948   -0.93582389   -0.23670525    0.87262932    0.33371702   -0.35658242
    0.13914031   -0.50836224    0.84982811    0.92136095   -0.24807816   -0.29925112    0.36295176    0.82463632    0.43386744
    0.48841751   -0.46377066    0.73916514    0.32557663    0.88275702    0.33873280   -0.80959755    0.07521186    0.58214687
    0.59651097   -0.74709831    0.29328958   -0.43685290    0.00432747    0.89952255   -0.67330097   -0.66469948   -0.32379068
    0.38392319   -0.76753935    0.51330920   -0.80791222   -0.54839465   -0.21573398    0.44708033   -0.33188350   -0.83064585
    0.32179739   -0.70580574    0.63109801    0.07964823   -0.64401034   -0.76085928    0.94345249    0.29510837   -0.15102467
    0.46899208   -0.86166548   -0.19385310    0.72843810    0.50149213   -0.46678001    0.49942403    0.07770614    0.86286581
    0.05710319   -0.95548333   -0.28946647    0.55321523   -0.21107368    0.80585409   -0.83107890   -0.20615410    0.51653494
    0.67391518   -0.46993935   -0.57008362   -0.44120180   -0.87491478    0.19966245   -0.59260383    0.11696636   -0.79695644
    0.69035528   -0.65266616   -0.31214815   -0.48470127   -0.09693833   -0.86929146    0.53709800    0.75141855   -0.38327001
    0.95848118   -0.17187003   -0.22754017    0.10675591    0.95619794   -0.27255949    0.26441825    0.23695188    0.93484587
    0.79353467   -0.09374870   -0.60126027    0.60691370    0.19378393    0.77078113    0.04425485   -0.97655464    0.21067164
    0.78778819   -0.17963725   -0.58916910    0.31108357   -0.70953167    0.63229093   -0.53161714   -0.68139215   -0.50307847
    0.90495422    0.25251628   -0.34248121   -0.11469426   -0.63032665   -0.76781087   -0.40975978    0.73411432   -0.54145460
    0.97609005    0.21440275   -0.03577254   -0.18105988    0.71090720   -0.67957948   -0.12027276    0.66980774    0.73272918
    0.84853957    0.13938942   -0.51044215    0.00898061    0.96074561    0.27728545    0.52905571   -0.23987176    0.81397886
    0.98668044    0.03420159   -0.15903445    0.16215523   -0.12903695    0.97829195    0.01293782   -0.99104981   -0.13286420
    0.95960088    0.04249489    0.27813727    0.21073331   -0.76355291   -0.61039203    0.18643398    0.64434552   -0.74166113
