# Rotation matrices: 62 entries, row-major flattening of 3x3 -> 1x9
# https://github.com/Neurophysics-CFIN/GFO
# Col:  1    2    3    4    5    6    7    8    9
#       R11  R12  R13  R21  R22  R23  R31  R32  R33
# where Rij = R(i,j), i = row index, j = column index

   -0.94604545   -0.30776428   -0.10138620   -0.32037749    0.93527699    0.15038357    0.04854149    0.17475155   -0.98341528
   -0.92155094   -0.38804680   -0.01278895   -0.08369681    0.23071617   -0.96941472    0.37912889   -0.89229465   -0.24509498
   -0.90531801   -0.16537818   -0.39121523    0.42273729   -0.26162867   -0.86766562    0.04113984   -0.95089458    0.30676867
   -0.89046648    0.18583635   -0.41537249   -0.26047816   -0.95663130    0.13041354   -0.37312275    0.22432435    0.90025441
   -0.87104096    0.30790301   -0.38273148   -0.44718838   -0.17466443    0.87721998    0.20324910    0.93524760    0.28983052
   -0.94830251    0.24147718   -0.20593960    0.05794590    0.76973177    0.63573208    0.31203304    0.59093298   -0.74393118
   -0.86941941    0.16971156   -0.46401279    0.45417113    0.64427331   -0.61533770    0.19452114   -0.74572775   -0.63722182
   -0.73049997    0.67818512    0.08021681    0.38039462    0.50163759   -0.77695538   -0.56715934   -0.53705184   -0.62442422
   -0.65449502    0.75501412    0.03987422   -0.45519734   -0.35138740   -0.81812118   -0.60368175   -0.55360688    0.57366173
   -0.32447249    0.94496614    0.04191172   -0.76003510   -0.28683732    0.58315607    0.56308459    0.15736373    0.81127825
   -0.32359189    0.74359167    0.58511513    0.20705800   -0.54774874    0.81061600    0.92326338    0.38346153    0.02328045
   -0.40286984    0.74790518    0.52757343    0.91304986    0.28840277    0.28838133    0.06352825    0.59788099   -0.79906350
   -0.52330871    0.37656948    0.76442359    0.39872566    0.90100680   -0.17089354   -0.75310414    0.21536522   -0.62165262
   -0.33160731    0.10576631    0.93747004   -0.78066161    0.52718873   -0.33561808   -0.52972073   -0.84314028   -0.09225194
   -0.62881529    0.25429084    0.73479759   -0.67976896   -0.63858301   -0.36072968    0.37749901   -0.72632493    0.57440978
   -0.38111164   -0.10030671    0.91907153    0.34694427   -0.93696234    0.04160818    0.85696184    0.33472396    0.39188810
   -0.52630273    0.08853739    0.84567521    0.84998243    0.02771916    0.52608128    0.02313645    0.99568709   -0.08984389
   -0.57856524   -0.50775815    0.63831335    0.14632944    0.70528113    0.69366146   -0.80240262    0.49473245   -0.33375118
   -0.55727808   -0.50207183    0.66133579   -0.76791732    0.61458963   -0.18050641   -0.31582293   -0.60844348   -0.72804698
   -0.63077565   -0.56678434    0.52997886   -0.55969586   -0.14074082   -0.81665939    0.53745942   -0.81175583   -0.22845096
   -0.75247438   -0.39872925    0.52421112    0.32643839   -0.91706795   -0.22896365    0.57203172   -0.00116664    0.82023067
   -0.43227803   -0.70279134    0.56499561    0.86660534   -0.15058322    0.47573089   -0.24926069    0.69527622    0.67413655
   -0.44106497   -0.88448244    0.15215948   -0.03059697    0.18426238    0.98240073   -0.89695346    0.42864694   -0.10833416
   -0.48549422   -0.87098275    0.07539499   -0.68436108    0.43229682    0.58717065   -0.54400852    0.23347056   -0.80594431
   -0.12627228   -0.99153643    0.03017966   -0.78603771    0.08145037   -0.61278916    0.60514463   -0.10110064   -0.78966995
    0.02430613   -0.79898792   -0.60085566    0.63796034    0.47514000   -0.60601039    0.76968553   -0.36859231    0.52127141
    0.21341235   -0.80016345   -0.56052976    0.75042825   -0.23310953    0.61847989   -0.62554984   -0.55262862    0.55071681
   -0.14607227   -0.86567620   -0.47881897   -0.08364169   -0.47147024    0.87790653   -0.98573169    0.16828702   -0.00353789
   -0.05569406   -0.67967594   -0.73139510   -0.96929329   -0.13892136    0.20290728   -0.23951760    0.72023709   -0.65106824
   -0.05903038   -0.29683252   -0.95310328   -0.21412590    0.93631010   -0.27834061    0.97502077    0.18765355   -0.11883028
    0.05742611   -0.07492874   -0.99553399    0.55444877    0.83165466   -0.03061172    0.83023418   -0.55021469    0.08930284
   -0.19633374    0.07627429   -0.97756601    0.93108727   -0.29810698   -0.21025869   -0.30745658   -0.95148014   -0.01248956
   -0.03505366    0.51752686   -0.85494865   -0.40797125   -0.78835791   -0.46049024   -0.91232160    0.33265260    0.23877091
    0.18740813    0.33026786   -0.92509531   -0.87884975   -0.36428329   -0.30809220   -0.43874971    0.87075877    0.22198617
    0.00134190    0.54996504   -0.83518660   -0.20703440    0.81724466    0.53781775    0.97833274    0.17219066    0.11495834
   -0.39731305    0.65564334   -0.64208578    0.80342171    0.58663075    0.10187208    0.44345901   -0.47539055   -0.75983415
    0.15504005    0.84339114   -0.51444530    0.88579576   -0.34924515   -0.30560382   -0.43741108   -0.40831263   -0.80121929
   -0.04584767    0.98304024   -0.17756655   -0.35784434   -0.18211923   -0.91584934   -0.93265504    0.02155163    0.36012513
    0.31561475    0.94880970    0.01214457   -0.94379814    0.31522005   -0.09940521   -0.09814484    0.01991173    0.99497292
   -0.06188630    0.96351037   -0.26041862   -0.36972831    0.22022526    0.90266373    0.92707662    0.15214665    0.34260813
    0.68253147    0.65389358    0.32645671    0.57846481   -0.75633045    0.30552041    0.44668699   -0.01968358   -0.89447375
    0.65012235    0.68259514    0.33377359    0.46117332   -0.00536750   -0.88729384   -0.60387093    0.73077703   -0.31828420
    0.58207855    0.73591730    0.34584721   -0.29860853    0.58906858   -0.75088691   -0.75631839    0.33380224    0.56263536
    0.59285052    0.64938733    0.47626080   -0.80312856    0.43324072    0.40900732    0.05926860   -0.62497885    0.77838850
    0.55646256    0.14341598    0.81840166   -0.18144481   -0.94024150    0.28813834    0.81081884   -0.30883293   -0.49718711
    0.28445156    0.49108002    0.82336367    0.81772398   -0.57257872    0.05900079    0.50041462    0.65650135   -0.56443882
    0.48542016    0.42944626    0.76154001    0.46482678    0.61096641   -0.64082455   -0.74047507    0.66505334    0.09695729
    0.69011367   -0.14214092    0.70960488   -0.52203028    0.58132448    0.62413639   -0.50122600   -0.80116029    0.32697811
    0.36682901    0.11839512    0.92272373   -0.87429755   -0.29503405    0.38543313    0.31786832   -0.94812315   -0.00471449
    0.58014380   -0.02043662    0.81425765    0.22138793   -0.95809334   -0.18178156    0.78384983    0.28572626   -0.55130749
    0.30742103   -0.58791083    0.74823337    0.95123014    0.16874105   -0.25823956    0.02556415    0.79113040    0.61111305
    0.56854453   -0.62563490    0.53417047    0.33579760    0.76926309    0.54357545   -0.75099740   -0.12967369    0.64744702
    0.32396046   -0.62677839    0.70865963   -0.64219618    0.40435754    0.65121352   -0.69471843   -0.66606594   -0.27151883
    0.34119151   -0.93636847    0.08247693   -0.93925945   -0.34307768   -0.00945439    0.03714879   -0.07424148   -0.99654813
    0.66233295   -0.73862543    0.12548918    0.10864685   -0.07103337   -0.99153927    0.74129004    0.67036313    0.03320158
    0.80368582   -0.58813492   -0.09047882    0.59237147    0.77633914    0.21539169   -0.05643713   -0.22670432    0.97232711
    0.81139594   -0.40208457   -0.42422239    0.36011147   -0.22778665    0.90467285   -0.46038719   -0.88681522   -0.04002990
    0.89098954   -0.35500259   -0.28303852   -0.27419181   -0.91760817    0.28777440   -0.36187911   -0.17879713   -0.91491808
    0.95538568   -0.03047305   -0.29378494   -0.28912809   -0.29975338   -0.90914952   -0.06035847    0.95352992   -0.29519071
    0.80643607   -0.20283528   -0.55544461   -0.25072813    0.73341564   -0.63185196    0.53553364    0.64881380    0.54059631
    0.94546357    0.19470548   -0.26112913    0.01393738    0.77676248    0.62963941    0.32542956   -0.59894058    0.73168694
    0.94823564    0.28058533   -0.14873146    0.31117525   -0.72744793    0.61154679    0.06339666   -0.62617201   -0.77710326
