# Rotation matrices: 11 entries, row-major flattening of 3x3 -> 1x9
# https://github.com/Neurophysics-CFIN/GFO
# Col:  1    2    3    4    5    6    7    8    9
#       R11  R12  R13  R21  R22  R23  R31  R32  R33
# where Rij = R(i,j), i = row index, j = column index

   -0.94325016    0.06103640    0.32642564    0.11507705    0.98213544    0.14888670   -0.31150668    0.17800150   -0.93342330
   -0.48657702   -0.02461955   -0.87329072    0.86204214    0.14879168   -0.48450427    0.14186667   -0.98856204   -0.05117552
   -0.33246402   -0.12416640   -0.93490662    0.19292465   -0.97928721    0.06145433   -0.92317266   -0.15993517    0.34953252
   -0.03477002    0.22736130   -0.97318954   -0.64787527   -0.74657526   -0.15127134   -0.76095248    0.62524573    0.17326020
    0.69744239    0.32807290   -0.63713600   -0.58798966    0.77021891   -0.24704452    0.40968559    0.54692870    0.73008679
   -0.07519523    0.99253611   -0.09600911    0.20165190    0.10942811    0.97332523    0.97656653    0.05382900   -0.20837526
   -0.42931608    0.88819484    0.16369982    0.86898070    0.45561727   -0.19309440   -0.24608992    0.05935345   -0.96742799
   -0.02178314    0.99852952   -0.04964161    0.63480654   -0.02454530   -0.77228116   -0.77236400   -0.04833553   -0.63333839
    0.03978062    0.85444906    0.51800995   -0.76845967    0.35751860   -0.53070724   -0.63866050   -0.37695790    0.67083196
    0.95975447   -0.05283728    0.27582528   -0.22558257    0.43997750    0.86921361   -0.16728380   -0.89645302    0.41035120
    0.83708516    0.29770695   -0.45897605    0.51597671   -0.15081130    0.84322238    0.18181439   -0.94266989   -0.27985175
