# Rotation matrices: 96 entries, row-major flattening of 3x3 -> 1x9
# https://github.com/Neurophysics-CFIN/GFO
# Col:  1    2    3    4    5    6    7    8    9
#       R11  R12  R13  R21  R22  R23  R31  R32  R33
# where Rij = R(i,j), i = row index, j = column index

   -0.99673764    0.07504972   -0.02969215    0.05764024    0.91942775    0.38901184    0.05649502    0.38603128   -0.92075413
   -0.88241467   -0.46957344   -0.02907117   -0.10090011    0.24923950   -0.96317124    0.45952531   -0.84698315   -0.26731260
   -0.94156846   -0.04216017   -0.33417265    0.28805005   -0.61501221   -0.73402122   -0.17457381   -0.78738967    0.59122034
   -0.92668533   -0.04495908   -0.37313934    0.00882534   -0.99514860    0.09798660   -0.37573449    0.08750966    0.92258639
   -0.95225128    0.04394468   -0.30213633   -0.29813837   -0.34714224    0.88916015   -0.06581043    0.93678233    0.34366824
   -0.85137502    0.50802796   -0.13064517    0.16926102    0.50179562    0.84826403    0.49649902    0.70007767   -0.51320559
   -0.81575010    0.53403867   -0.22215867    0.55891279    0.82666778   -0.06509132    0.14889013   -0.17726558   -0.97283536
   -0.73541639    0.51716918   -0.43783419    0.45091683   -0.10880362   -0.88590958   -0.50580307   -0.84893923   -0.15318432
   -0.65091390    0.70855101    0.27251892   -0.62789867   -0.30072741   -0.71784837   -0.42667828   -0.63837175    0.64064588
   -0.52249108    0.81817066    0.23999969   -0.74974718   -0.57490900    0.32765654    0.40605694   -0.00874147    0.91380597
   -0.49616633    0.81686558    0.29419313    0.20418099   -0.21955953    0.95399357    0.84387742    0.53340813   -0.05785037
   -0.86092682    0.21482916    0.46114363    0.49135587    0.58600737    0.64433282   -0.13181209    0.78130903   -0.61006703
   -0.84884337    0.47231351    0.23745501    0.29959499    0.79987958   -0.52003413   -0.43555456   -0.37028720   -0.82047524
   -0.47736110    0.30835057    0.82282823   -0.66948711    0.47887830   -0.56785789   -0.56913389   -0.82194617   -0.02216114
   -0.35842188    0.46365540    0.81028231   -0.77604440   -0.63043633    0.01746788    0.51893049   -0.62255418    0.58577935
   -0.73918232    0.12694243    0.66143414    0.29997893   -0.81723132    0.49208293    0.60301090    0.56215530    0.56600289
   -0.77442554   -0.14824996    0.61505043    0.62696879   -0.04967330    0.77745913   -0.08470670    0.98770163    0.13141637
   -0.77203410   -0.23047697    0.59232062    0.15361436    0.83664324    0.52576680   -0.61673818    0.49689885   -0.61051254
   -0.57935165   -0.39541803    0.71273855   -0.61449729    0.78638165   -0.06322169   -0.53548552   -0.47460350   -0.69857481
   -0.69790693   -0.50085450    0.51192840   -0.37070160   -0.35896741   -0.85657616    0.61278564   -0.78758312    0.06485828
   -0.85874394   -0.50874231    0.06115639    0.40478099   -0.74670799   -0.52780633    0.31418338   -0.42849555    0.84716018
   -0.78037321   -0.54182036    0.31216718    0.62510910   -0.66317397    0.41162957   -0.01600813    0.51636323    0.85622004
   -0.50965919   -0.70286282    0.49621707   -0.07638996    0.61143304    0.78760029   -0.85697846    0.36350172   -0.36531412
   -0.51885025   -0.77503525   -0.36071426   -0.83116464    0.35868828    0.42486239   -0.19989936    0.52025290   -0.83028740
   -0.50045399   -0.85975511   -0.10181823   -0.63828641    0.44585678   -0.62753660    0.58492415   -0.24906400   -0.77190081
   -0.37693393   -0.92548291    0.03744587    0.57657523   -0.26608571   -0.77250204    0.72490125   -0.26959187    0.63390725
   -0.41506749   -0.75768240   -0.50362323    0.85355281   -0.51590924    0.07269985   -0.31490727   -0.39969368    0.86085909
   -0.40779969   -0.70995907   -0.57415810    0.06865339   -0.65088201    0.75606833   -0.91048675    0.26890654    0.31417058
   -0.28831988   -0.50307389   -0.81473204   -0.90079220   -0.14604638    0.40895461   -0.32472305    0.85181401   -0.41105696
   -0.46709805   -0.15388558   -0.87071157   -0.53736070    0.83142648    0.14132761    0.70218437    0.53390003   -0.47104975
   -0.55320357   -0.13909262   -0.82135197    0.54259453    0.68797350   -0.48195814    0.63210520   -0.71228204   -0.30511850
   -0.39646725    0.10210551   -0.91235310    0.83219624   -0.37964983   -0.40412303   -0.38763789   -0.91947837    0.06554690
   -0.28609488    0.18830880   -0.93951557    0.07576962   -0.97298299   -0.21808959   -0.95520086   -0.13358106    0.26409736
   -0.56423638    0.04832139   -0.82419801   -0.81508051   -0.19155340    0.54676418   -0.13145752    0.98029197    0.14746722
   -0.16090423    0.62469039   -0.76411501   -0.51152912    0.60932262    0.60585799    0.84406622    0.48835219    0.22150474
   -0.23700229    0.51684565   -0.82261807    0.90245153    0.43066150    0.01057896    0.35973762   -0.73986569   -0.56849591
   -0.09095038    0.94270780   -0.32098293    0.88527243   -0.07108311   -0.45960844   -0.45609292   -0.32595890   -0.82808818
   -0.48532218    0.83438914   -0.26126069    0.00809215   -0.29451127   -0.95561374   -0.87429794   -0.46589471    0.13618085
   -0.34860295    0.84544043   -0.40460656   -0.93502259   -0.34357391    0.08769102   -0.06487472    0.40888562    0.91027678
   -0.04864558    0.95773729    0.28350113   -0.22170573   -0.28711022    0.93188749    0.97389947   -0.01752162    0.22630249
   -0.05619127    0.98832402    0.14162688    0.91078400   -0.00737401    0.41281732    0.40904163    0.15218822   -0.89973534
    0.07856267    0.88926921    0.45058648    0.75843307    0.24002358   -0.60594385   -0.64699859    0.38934426   -0.65559429
   -0.01451829    0.70923308    0.70482456   -0.51173180    0.60031752   -0.61461325   -0.85902257   -0.36960427    0.35422154
   -0.27183767    0.75916136    0.59142058   -0.95951646   -0.26088299   -0.10615191    0.07370514   -0.59633387    0.79934565
    0.02908112    0.18065101    0.98311724   -0.36226502   -0.91476347    0.17880677    0.93162135   -0.36134888    0.03884120
    0.11934743    0.41972718    0.89976957    0.90103398   -0.42641891    0.07940201    0.41700594    0.80124653   -0.42908046
    0.04671918    0.08704183    0.99510856    0.80742231    0.58323404   -0.08892282   -0.58812119    0.80762725   -0.04303129
   -0.08340682   -0.15308814    0.98468641   -0.67708166    0.73371887    0.05671900   -0.73116601   -0.66198235   -0.16485033
   -0.01630240   -0.15085963    0.98842076   -0.99973250   -0.01376106   -0.01858928    0.01640609   -0.98845941   -0.15059493
    0.12003963   -0.68036915    0.72297185   -0.10094323   -0.73282813   -0.67288438    0.98762389    0.00779368   -0.15664708
    0.11501759   -0.59618028    0.79456909    0.91184117   -0.25397531   -0.32255577    0.39410232    0.76162039    0.51441009
   -0.13012267   -0.65900892    0.74079372    0.58689352    0.55099978    0.59325816   -0.79913959    0.51196337    0.31507050
    0.10757214   -0.94008173    0.32353450   -0.55777610    0.21231683    0.80237609   -0.82299092   -0.26677313   -0.50151575
    0.04073348   -0.90894426    0.41492303   -0.82305500   -0.26596800   -0.50183812    0.56649912   -0.32106286   -0.75894491
   -0.05026182   -0.95641437    0.28765482    0.04115300   -0.28975752   -0.95621494    0.99788786   -0.03622325    0.05392306
    0.03458526   -0.98779335   -0.15188202    0.98301521    0.06103042   -0.17307912    0.18023583   -0.14331635    0.97312665
    0.15280321   -0.98560985   -0.07228001    0.52011444    0.01801400    0.85390659   -0.84031670   -0.16807354    0.51538251
    0.23694949   -0.66140834   -0.71161362   -0.42483475   -0.72926957    0.53635933   -0.87371069    0.17522813   -0.45378930
    0.23694715   -0.74475629   -0.62385424   -0.82997328    0.17859458   -0.52843953    0.50497565    0.64299459   -0.57581034
    0.43447286   -0.64518432   -0.62846680   -0.01600670    0.69212425   -0.72160087    0.90054268    0.32357568    0.29038193
    0.32417952   -0.35006686   -0.87884061    0.94524926    0.08297335    0.31562519   -0.03756957   -0.93304266    0.35779871
    0.12919180   -0.29005835   -0.94824872    0.25481230   -0.91444105    0.31443324   -0.95832154   -0.28224763   -0.04422785
    0.47463350    0.11725859   -0.87233793   -0.78769556   -0.38565848   -0.48041987   -0.39275788    0.91516007   -0.09068236
    0.47420023    0.22805922   -0.85036647   -0.85005999    0.37004365   -0.37478756    0.22919896    0.90058686    0.36933880
    0.30683260    0.26297992   -0.91471051    0.40931117    0.83119530    0.37626951    0.85925440   -0.48985298    0.14739719
    0.27238760    0.72937308   -0.62755071    0.96141224   -0.18013511    0.20793710    0.03861981   -0.65997443   -0.75029478
    0.31691918    0.32570477   -0.89077418    0.19199162   -0.94177384   -0.27604572   -0.92881723   -0.08353700   -0.36099878
    0.56337220    0.65910029   -0.49819532   -0.71974708    0.09543923   -0.68764489   -0.40567957    0.74597464    0.52815332
    0.47581779    0.76216429   -0.43897952   -0.69238309    0.63236805    0.34744252    0.54240490    0.13862266    0.82860164
    0.36614444    0.92784581   -0.07099583    0.41167983   -0.09308893    0.90656173    0.83454057   -0.36116009   -0.41605940
    0.39263682    0.90993212   -0.13364083    0.91969358   -0.38850266    0.05682781   -0.00021037   -0.14522131   -0.98939918
    0.54308589    0.83314077    0.10456665    0.10714841    0.05475199   -0.99273432   -0.83281267    0.55034415   -0.05953467
    0.81971131    0.54973892    0.16081194   -0.55692928    0.83055980   -0.00043418   -0.13380262   -0.08920498    0.98698497
    0.44619201    0.65448392    0.61037979   -0.47001383   -0.40902742    0.78216594    0.76157711   -0.63588314    0.12511173
    0.60746084    0.54446031    0.57840669    0.43247606   -0.83745814    0.33410825    0.66630008    0.04718937   -0.74418907
    0.82505508    0.26630895    0.49836098    0.52454331   -0.03304583   -0.85074220   -0.21009150    0.96332109   -0.16695521
    0.49590309    0.25568961    0.82988129    0.04668745    0.94643577   -0.31949900   -0.86712191    0.19718558    0.45740293
    0.64981654    0.35659035    0.67125389   -0.74674224    0.46428418    0.47625228   -0.14182560   -0.81073024    0.56798061
    0.43360489   -0.39605436    0.80939962   -0.56715043   -0.81795201   -0.09641006    0.70023367   -0.41724747   -0.57929039
    0.63797258   -0.38593782    0.66636550    0.32579278   -0.64880948   -0.68768112    0.69774641    0.65581877   -0.28818691
    0.85588734   -0.20583368    0.47443583    0.44400178    0.76285144   -0.47002138   -0.26517782    0.61293571    0.74430541
    0.77539211   -0.22244956    0.59100191    0.00212502    0.93681343    0.34982292   -0.63147649   -0.26999404    0.72687046
    0.63723553   -0.55019867    0.53964090   -0.75515720   -0.30599746    0.57974405   -0.15384565   -0.77694722   -0.61047894
    0.52662736   -0.72785000    0.43920155   -0.43617405   -0.67480836   -0.59530317    0.72966830    0.12193461   -0.67284183
    0.59534637   -0.80242287    0.04099073    0.52482149    0.34974075   -0.77604369    0.60837907    0.48352761    0.62934566
    0.61003725   -0.79236686   -0.00305243    0.75030134    0.57640418    0.32373774   -0.25475962   -0.19978232    0.94614193
    0.85086987   -0.49659411   -0.17150729   -0.04230439   -0.39014672    0.91978034   -0.52367051   -0.77535787   -0.35297220
    0.83237590   -0.40838343   -0.37466430   -0.48214266   -0.86695976   -0.12617144   -0.27329254    0.28566371   -0.91853548
    0.96620566    0.06626539   -0.24910944   -0.24335392    0.55316575   -0.79673491    0.08500286    0.83043154    0.55059783
    0.57387383   -0.21092857   -0.79131407    0.22824447    0.96917011   -0.09281036    0.78649430   -0.12735162    0.60432464
    0.83917606   -0.36182045   -0.40604126    0.42621914   -0.02621698    0.90423997   -0.33781769   -0.93187909    0.13221414
    0.84280086    0.20935170   -0.49584127    0.16176464   -0.97718555   -0.13762486   -0.51334093    0.03578077   -0.85743853
    0.99714313    0.00711392   -0.07519951   -0.07211216   -0.20664872   -0.97575414   -0.02248132    0.97838934   -0.20554535
    0.98800804    0.03501314   -0.15038016   -0.07593100    0.95822028   -0.27576870    0.13444179    0.28388021    0.94938793
    0.85111165    0.52402485    0.03173183   -0.24883836    0.34946006    0.90330346    0.46226446   -0.77670820    0.42782701
    0.89562724    0.36079298    0.26015434    0.09611051   -0.72802572    0.67877929    0.43429785   -0.58292966   -0.68671566
