# Rotation matrices: 54 entries, row-major flattening of 3x3 -> 1x9
# https://github.com/Neurophysics-CFIN/GFO
# Col:  1    2    3    4    5    6    7    8    9
#       R11  R12  R13  R21  R22  R23  R31  R32  R33
# where Rij = R(i,j), i = row index, j = column index

   -0.98459627   -0.16883964    0.04542422   -0.16091243    0.97665507    0.14230975   -0.06839132    0.13280833   -0.98877934
   -0.97838010   -0.14710481   -0.14537039   -0.03175900    0.80142962   -0.59724528    0.20436179   -0.57971608   -0.78877470
   -0.98899540   -0.12191594   -0.08381293    0.14080916   -0.60183900   -0.78610597    0.04539696   -0.78925682    0.61238288
   -0.71934797   -0.13553122   -0.68130007   -0.04221266   -0.97044051    0.23762008   -0.69336613    0.19969101    0.69236328
   -0.35672421    0.81772649   -0.45174243   -0.80322267   -0.02153713    0.59528942    0.47705469    0.57520391    0.66449927
   -0.63538270    0.52931223   -0.56224317   -0.21989449    0.57393878    0.78882234    0.74022647    0.62483825   -0.24827793
   -0.64908130    0.52831350   -0.54733748    0.73093550    0.63248883   -0.25630288    0.21077657   -0.56642980   -0.79669977
   -0.86435342    0.50265619    0.01516335    0.25921426    0.47117067   -0.84309321   -0.43093055   -0.72479994   -0.53755363
   -0.42132638    0.88560454    0.19541925   -0.63997604   -0.13765612   -0.75596393   -0.64258443   -0.44357118    0.62476384
   -0.78556580    0.61219253    0.09003710   -0.59539752   -0.78745884    0.15940633    0.16848788    0.07161629    0.98309864
   -0.41968640    0.89451298    0.15398005    0.11697030   -0.11492823    0.98646310    0.90010070    0.43201624   -0.05639764
   -0.73333113    0.55341958    0.39490786    0.67904530    0.62484020    0.38532092   -0.03351016    0.55072815   -0.83401174
   -0.41645983    0.58389265    0.69687200    0.55327464    0.77099765   -0.31535662   -0.72142109    0.25422825   -0.64414254
   -0.67740067    0.22597653    0.70004496   -0.66666147    0.21368260   -0.71407439   -0.31095148   -0.95040747    0.00590111
   -0.70253780   -0.03239163    0.71090887   -0.33999029   -0.86230735   -0.37527675    0.62517777   -0.50534821    0.59479067
   -0.75413958    0.04413167    0.65522965    0.44284198   -0.70258682    0.55701233    0.48493760    0.71022824    0.51030517
   -0.72737072    0.13390646    0.67305341    0.66253696    0.39259678    0.63789697   -0.17882008    0.90991034   -0.37428138
   -0.73114755   -0.62926637    0.26352816   -0.21160949    0.57641184    0.78928500   -0.64857126    0.52131873   -0.55460084
   -0.26761529   -0.49074484    0.82918729   -0.93562467    0.33795241   -0.10195412   -0.23019238   -0.80309256   -0.54959421
   -0.25102352   -0.51198204    0.82149959   -0.44594938   -0.69207720   -0.56758991    0.85913698   -0.50882565   -0.05459042
    0.01991873   -0.80932879    0.58701801    0.21269140   -0.57026501   -0.79344829    0.97691638    0.14065817    0.16077832
    0.10698253   -0.83497335    0.53979092    0.97195988    0.20216938    0.12008969   -0.20940089    0.51180762    0.83318919
   -0.02108881   -0.93171349    0.36258134    0.54970415    0.29211813    0.78261890   -0.83509317    0.21581697    0.50600635
   -0.15560295   -0.98564125   -0.06556706   -0.78450998    0.08296980    0.61454056   -0.60027644    0.14706234   -0.78615575
   -0.25115659   -0.96647379    0.05337394   -0.85011469    0.19387966   -0.48960770    0.46284489   -0.16834216   -0.87030772
    0.33610343   -0.92092408   -0.19731528    0.44001630    0.33877427   -0.83163553    0.83271852    0.19269362    0.51908480
    0.15769101   -0.95682596   -0.24416720    0.98748102    0.15375577    0.03521918    0.00384349   -0.24666422    0.96909339
    0.20408047   -0.57481902   -0.79242303    0.07050513   -0.79872639    0.59754932   -0.97641189   -0.17781803   -0.12247677
    0.09219590   -0.53091992   -0.84239180   -0.99241310   -0.11810108   -0.03418149   -0.08133975    0.83915205   -0.53778032
    0.20111209   -0.57545487   -0.79272039   -0.64843908    0.52835760   -0.54805565    0.73422114    0.62425150   -0.26688833
   -0.06451082   -0.31965368   -0.94533586    0.73384140    0.62675986   -0.26200932    0.67625081   -0.71062902    0.19414231
   -0.10029270   -0.03147659   -0.99445995    0.86049313   -0.50451668   -0.07081302   -0.49949268   -0.86282799    0.07768473
   -0.10832788    0.04952155   -0.99288100   -0.27382900   -0.96160833   -0.01808578   -0.95565828    0.26992042    0.11772943
   -0.13325655    0.21397307   -0.96770771   -0.94209919   -0.33051478    0.05664895   -0.30772035    0.91922549    0.24562711
    0.45309775    0.31012583   -0.83577772   -0.29721421    0.93644872    0.18635319    0.84045591    0.16396880    0.51647661
    0.74576152    0.61468486   -0.25690908    0.63324071   -0.53421198    0.56002122    0.20699266   -0.58032757   -0.78763821
    0.26330725    0.74793139   -0.60931760    0.74729095   -0.55757156   -0.36148331   -0.61010288   -0.36015635   -0.70573499
    0.56310371    0.42847535   -0.70662797   -0.73800954   -0.12399815   -0.66329961   -0.37182809    0.89500466    0.24639508
    0.63029150    0.77435807   -0.05569747   -0.75807858    0.62934142    0.17101533    0.16747982   -0.06556645    0.98369281
    0.34459119    0.93865600    0.01348423   -0.00299793   -0.01326356    0.99990754    0.93874806   -0.34459976   -0.00175648
    0.38480458    0.72176539    0.57530874    0.86980013   -0.49211711    0.03561570    0.30882546    0.48669853   -0.81716055
    0.47814971    0.75383001    0.45068079    0.62304566    0.07053404   -0.77899875   -0.61902097    0.65327274   -0.43594468
    0.41670778    0.80915795    0.41426806   -0.44039256    0.57836643   -0.68669255   -0.79524148    0.10370956    0.59735693
    0.69484587    0.31338597    0.64728545   -0.71799574    0.25113601    0.64916317    0.04088194   -0.91581654    0.39951061
    0.49979543    0.62300644    0.60172045   -0.22481993   -0.57758900    0.78475917    0.83645713   -0.52749780   -0.14861207
    0.75516573    0.22690507    0.61501123    0.43793171   -0.87273836   -0.21573958    0.48779149    0.43225206   -0.75843103
    0.79322234    0.04842436    0.60700362    0.53649815    0.41595334   -0.73427008   -0.28804174    0.90809575    0.30396391
    0.19100100   -0.09841431    0.97664387   -0.35316117    0.92144417    0.16191923   -0.91585796   -0.37583942    0.14124065
    0.63342195   -0.31294753    0.70770084   -0.70388787    0.14687864    0.69495938   -0.32143196   -0.93834456   -0.12724382
    0.49447771   -0.58743929    0.64063005   -0.50112218   -0.79488908   -0.34209343    0.71018895   -0.15187636   -0.68743379
    0.90243265    0.42941506   -0.03490010   -0.09705686    0.12370618   -0.98756101   -0.41975621    0.89459459    0.15331418
    0.84571646   -0.47901397    0.23517928    0.28322282    0.77643689    0.56296589   -0.45227040   -0.40950138    0.79231314
    0.96372342   -0.24852588   -0.09732454    0.12389119    0.09356107    0.98787514   -0.23640675   -0.96409606    0.12095716
    0.86538219   -0.07619422   -0.49528589    0.05655290   -0.96720897    0.24760569   -0.49791108   -0.24228340   -0.83269641
