# Rotation matrices: 90 entries, row-major flattening of 3x3 -> 1x9
# https://github.com/Neurophysics-CFIN/GFO
# Col:  1    2    3    4    5    6    7    8    9
#       R11  R12  R13  R21  R22  R23  R31  R32  R33
# where Rij = R(i,j), i = row index, j = column index

   -0.93722419   -0.16804810   -0.30556613   -0.28367124    0.87703483    0.38773770    0.20283356    0.45007748   -0.86964867
   -0.79807715   -0.54501649   -0.25696282   -0.25742836    0.69397885   -0.67240166    0.54479675   -0.47047888   -0.69415137
   -0.88465996   -0.07707884    0.45982127   -0.24474189   -0.76266049   -0.59870727    0.39683518   -0.64218987    0.65583078
   -0.93758150   -0.00020689   -0.34776556   -0.07081029   -0.97893730    0.19148804   -0.34048030    0.20416102    0.91781885
   -0.87183031    0.30726739   -0.38144288   -0.42771793   -0.09810067    0.89857311    0.23868241    0.94655323    0.21695090
   -0.96419509    0.20357937   -0.16995077   -0.02394748    0.57139720    0.82032418    0.26411047    0.79502244   -0.54606316
   -0.75549286    0.57845503   -0.30760417    0.62642773    0.77530459   -0.08056732    0.19188236   -0.25355982   -0.94809735
   -0.59600952    0.80163410   -0.04642653    0.19081465    0.08523336   -0.97791873   -0.77997591   -0.59170774   -0.20376342
   -0.78597839    0.56951630    0.24060166   -0.51065913   -0.37864085   -0.77191862   -0.34851862   -0.72957679    0.58843222
   -0.51190905    0.80599188    0.29719725   -0.73964110   -0.58949439    0.32469586    0.43689834   -0.05360455    0.89791224
   -0.88895932    0.41885784    0.18522809    0.20596333    0.00438836    0.97854987    0.40906043    0.90804122   -0.09017043
   -0.64384080    0.59997426    0.47486832    0.75852195    0.58203485    0.29305271   -0.10056583    0.54887734   -0.82983142
   -0.90906457    0.32380029    0.26221171    0.22830124    0.91354553   -0.33662014   -0.34854003   -0.24614618   -0.90439588
   -0.65828379    0.23445110    0.71532869   -0.56280648    0.47777995   -0.67451848   -0.49991130   -0.84661621   -0.18256420
   -0.53797230    0.32790674    0.77657129   -0.59963268   -0.79635283   -0.07913801    0.59247486   -0.50823158    0.62503936
   -0.70253419    0.11583812    0.70215898    0.26008760   -0.87661540    0.40484551    0.66241992    0.46704065    0.58572423
   -0.38102986    0.19875314    0.90294708    0.92232044    0.01373539    0.38618174    0.06435251    0.97995333   -0.18854767
   -0.78023648   -0.25104002    0.57289611   -0.17385088    0.96687194    0.18690781   -0.60083851    0.04623380   -0.79803228
   -0.57508427   -0.46380975    0.67391290   -0.71694612    0.68249426   -0.14209098   -0.39403851   -0.56487353   -0.72501831
   -0.87237551   -0.00190032    0.48883265   -0.47809996   -0.20511364   -0.85401922    0.10188916   -0.97873632    0.17802757
   -0.86149241   -0.50744613    0.01814522    0.39259519   -0.68832153   -0.60998564    0.32202460   -0.51837428    0.79220469
   -0.65725243   -0.70552427    0.26505613    0.71575832   -0.47417730    0.51268500   -0.23602811    0.52667959    0.81663905
   -0.69461525   -0.59927399    0.39797028    0.10400199    0.46374473    0.87984340   -0.71182389    0.65254234   -0.25979848
   -0.54870877   -0.68151770   -0.48420275   -0.83431271    0.48332325    0.26518096    0.05330093    0.54948363   -0.83380259
   -0.38305585   -0.92149042   -0.06421542   -0.46762643    0.25340068   -0.84682561    0.79661392   -0.29435268   -0.52797989
   -0.40937822   -0.90771199    0.09202399    0.50890829   -0.31089732   -0.80271739    0.75724621   -0.28178325    0.58921675
   -0.34858437   -0.38944073   -0.85254024    0.90523844   -0.37567549   -0.19852275   -0.24296563   -0.84095412    0.48349133
   -0.21387927   -0.70147898   -0.67984035   -0.03927657   -0.68920646    0.72349970   -0.97607019    0.18144339    0.11985528
   -0.46815466   -0.25206905   -0.84693117   -0.82964057   -0.20455002    0.51947649   -0.30418373    0.94584379   -0.11336566
   -0.40450205    0.06612441   -0.91214344   -0.53490975    0.79187836    0.29461877    0.74178814    0.60708832   -0.28494582
   -0.21503146   -0.67024143   -0.71030831    0.60838848    0.47701627   -0.63428616    0.76395349   -0.56853487    0.30519366
   -0.31476578    0.13866803   -0.93898545    0.90383486   -0.25829244   -0.34112689   -0.28983624   -0.95606286   -0.04403137
   -0.25558539    0.20630382   -0.94451831   -0.03773100   -0.97835104   -0.20348368   -0.96604994   -0.01636983    0.25783628
   -0.54407465    0.28800980   -0.78805655   -0.82582156   -0.34986225    0.44228403   -0.14832911    0.89142962    0.42819588
   -0.15438749    0.65174150   -0.74256146   -0.69783061    0.46011781    0.54892990    0.69942615    0.60293002    0.38376874
   -0.30013934    0.74414226   -0.59679869    0.90579927    0.41849204    0.06627296    0.29907201   -0.52068869   -0.79964943
   -0.27614687    0.93153840   -0.23659906    0.80505926    0.08972263   -0.58636971   -0.52499761   -0.35240042   -0.77472024
    0.22455945    0.87702294   -0.42473971   -0.34489674   -0.33612512   -0.87639383   -0.91138318    0.34329386    0.22700228
    0.15421427    0.91499704   -0.37282486   -0.98705657    0.15948175   -0.01687891    0.04401461    0.37060220    0.92774820
   -0.05215257    0.95158959    0.30291478   -0.56980197   -0.27746084    0.77352518    0.82012550   -0.13226011    0.55668792
    0.23204999    0.95452426    0.18717970    0.91306045   -0.28009749    0.29642201    0.33537056    0.10212166   -0.93653497
    0.18097868    0.94814041    0.26129768    0.90013028   -0.05264183   -0.43242839   -0.39624765    0.31346227   -0.86297695
    0.24571624    0.76458383    0.59584822   -0.53292564    0.62001351   -0.57582419   -0.80969981   -0.17605344    0.55981372
   -0.07874581    0.77429427    0.62790723   -0.99604850   -0.08705746   -0.01756079    0.04106679   -0.62680889    0.77809005
   -0.16623773    0.30923461    0.93634341   -0.26580421   -0.92846042    0.25944051    0.94958577   -0.20575522    0.23654101
   -0.00871969    0.50111334    0.86533773    0.78512188   -0.53249613    0.31627758    0.61927991    0.68215343   -0.38879185
    0.18780460    0.08101831    0.97885927    0.60617740    0.77459662   -0.18041349   -0.77283788    0.62724485    0.09636134
   -0.27323256   -0.25064539    0.92872001   -0.35220411    0.92448394    0.14588251   -0.89515151   -0.28723916   -0.34087745
    0.02951858   -0.28580751    0.95783230   -0.92894677   -0.36162558   -0.07927704    0.36903463   -0.88743507   -0.27617464
    0.30878572   -0.66910893    0.67597679   -0.01058171   -0.71308067   -0.70100213    0.95107276    0.20930646   -0.22726945
   -0.00778900   -0.60782796    0.79403054    0.98355756   -0.14792995   -0.10359177    0.18042687    0.78016787    0.59898601
   -0.02868107   -0.53382451    0.84510875    0.52277663    0.71260387    0.46786784   -0.85198708    0.45522206    0.25863274
    0.11653368   -0.93568915    0.33302510   -0.31176781    0.28389810    0.90675394   -0.94298501   -0.20949388   -0.25863407
    0.21076243   -0.91982214    0.33091755   -0.75152318   -0.36895001   -0.54689012    0.62513368   -0.13342832   -0.76902846
    0.04814291   -0.97547638   -0.21477450   -0.01116889    0.21448465   -0.97666350    0.99877801    0.04941821   -0.00056907
    0.28855495   -0.95503370   -0.06816645    0.95516839    0.28220645    0.08951464   -0.06625248   -0.09094033    0.99365007
    0.17563109   -0.95856847   -0.22427708    0.62532376   -0.06732869    0.77745550   -0.76034461   -0.27679114    0.58759062
    0.49733920   -0.62513975   -0.60154303   -0.30020331   -0.77454932    0.55673272   -0.81396050   -0.09629980   -0.57288276
    0.39400965   -0.67531372   -0.62346433   -0.80436891    0.07483847   -0.58939788    0.44468760    0.73372377   -0.51371428
    0.42633943   -0.69757991   -0.57586192   -0.19914309    0.54861636   -0.81201116    0.88236994    0.46087130    0.09497856
    0.13222261   -0.35101617   -0.92698696    0.92801111    0.37245174   -0.00866521    0.34829954   -0.85910846    0.37499345
    0.08135070   -0.33035836   -0.94034324    0.35262466   -0.87290879    0.33717367   -0.93222203   -0.35901753    0.04548077
    0.52745377    0.20386059   -0.82476262   -0.68236031   -0.47669175   -0.55421060   -0.50613924    0.85510575   -0.11232648
    0.19920265    0.09413383   -0.97542664   -0.80935035    0.57700903   -0.10960195    0.55251273    0.81129489    0.19112897
    0.40191094    0.14983936   -0.90333591    0.25997499    0.92725223    0.26947414    0.87799807   -0.34314935    0.33371833
    0.60242907    0.30872282   -0.73604989    0.79817234   -0.23258190    0.55572168    0.00037208   -0.92227755   -0.38652812
    0.31878035    0.64436867   -0.69510295    0.11515730   -0.75426115   -0.64639687   -0.94080704    0.12601244   -0.31464739
    0.31226981    0.72859609   -0.60961898   -0.80544713   -0.13720780   -0.57656651   -0.50372858    0.67106017    0.54399978
    0.33898747    0.78254744   -0.52221355   -0.67923756    0.58764132    0.43967490    0.65094073    0.20566277    0.73073866
    0.76905703    0.59344847   -0.23742410    0.38177039   -0.12856309    0.91527204    0.51264281   -0.79453788   -0.32543340
    0.62674860    0.77246489   -0.10239230    0.76175634   -0.63505313   -0.12819829   -0.16405323    0.00235012   -0.98644869
    0.52634846    0.83670628    0.15126104    0.13598923    0.09276819   -0.98635744   -0.83932367    0.53973759   -0.06495465
    0.74622364    0.55438193    0.36852537   -0.54279678    0.82720356   -0.14527877   -0.38538543   -0.09162393    0.91819558
    0.86893942    0.32283774    0.37512675   -0.28175108   -0.30046517    0.91122830    0.40689140   -0.89749456   -0.17012615
    0.54906573    0.30618597    0.77767408    0.25959328   -0.94693404    0.18954488    0.79444204    0.09780636   -0.59941285
    0.60841894    0.63082126    0.48155055    0.66488587   -0.07387331   -0.74328293   -0.43330494    0.77240357   -0.46437006
    0.63607128    0.30153325    0.71027532    0.24510449    0.79386037   -0.55651550   -0.73166736    0.52807519    0.43104463
    0.81011429    0.09476237    0.57856281   -0.56432273    0.39354061    0.72571734   -0.15891726   -0.91441013    0.37228943
    0.55346177   -0.30473364    0.77512417   -0.50877092   -0.86053994    0.02496347    0.65941809   -0.40817696   -0.63131557
    0.66297035   -0.50136480    0.55597091    0.38511241   -0.40844899   -0.82756139    0.64199591    0.76275996   -0.07770776
    0.92861295   -0.13406448    0.34598368    0.34458710    0.65741351   -0.67012477   -0.13761441    0.74150805    0.65667959
    0.76606852   -0.27171565    0.58250290    0.00855216    0.91048273    0.41345866   -0.64270202   -0.31175601    0.69981591
    0.71430651   -0.65878996    0.23613980   -0.64439026   -0.48751910    0.58914032   -0.27299706   -0.57299295   -0.77275590
    0.43926604   -0.87835221    0.18852781   -0.30347413   -0.34260595   -0.88911451    0.84554645    0.33334450   -0.41705234
    0.86966858   -0.43399698   -0.23520878    0.04800875    0.54858472   -0.83471550    0.49129595    0.71463377    0.49792255
    0.71599976   -0.67682326    0.17103980    0.53699320    0.69053081    0.48456734   -0.44607470   -0.25510289    0.85786938
    0.97157192    0.13244632   -0.19622941    0.23597715   -0.47509598    0.84770195    0.01904720   -0.86990907   -0.49284421
    0.96787309   -0.21549656   -0.12954890   -0.24237962   -0.93668801   -0.25272058   -0.06688648    0.27600146   -0.95882709
    0.95476786    0.29678946    0.01828510    0.09397936   -0.24284614   -0.96550175   -0.28211028    0.92354847   -0.25975377
    0.94425409    0.24771580   -0.21684349   -0.30017696    0.91830531   -0.25808749    0.13519618    0.30879158    0.94147212
