# Rotation matrices: 56 entries, row-major flattening of 3x3 -> 1x9
# https://github.com/Neurophysics-CFIN/GFO
# Col:  1    2    3    4    5    6    7    8    9
#       R11  R12  R13  R21  R22  R23  R31  R32  R33
# where Rij = R(i,j), i = row index, j = column index

   -0.87637646   -0.33000169   -0.35080362   -0.43138812    0.86173328    0.26705812    0.21416952    0.38537597   -0.89756157
   -0.97801920    0.19846436    0.06395584    0.01461611    0.37121735   -0.92843096   -0.20800198   -0.90708851   -0.36595847
   -0.99646217   -0.00336361    0.08397514   -0.05433392   -0.73651476   -0.67423574    0.06411680   -0.67641311    0.73372634
   -0.86471909   -0.05975001   -0.49868912   -0.03463759   -0.98344038    0.17789112   -0.50106001    0.17109923    0.84833008
   -0.94876070    0.22531295    0.22155633   -0.06852660   -0.83115605    0.55180043    0.30847567    0.50834406    0.80400813
   -0.72210998    0.51297503   -0.46412692   -0.03845414    0.64011605    0.76731527    0.69070866    0.57193361   -0.44250818
   -0.57184357    0.57366882   -0.58642903    0.75506828    0.64752912   -0.10284906    0.32072858   -0.50160753   -0.80344450
   -0.50283307    0.77796579    0.37673350    0.25028707    0.54821156   -0.79801032   -0.82735439   -0.30697446   -0.47037368
   -0.50096319    0.83271463    0.23584366   -0.67038274   -0.20100610   -0.71427133   -0.54737817   -0.51592916    0.65893417
   -0.48406567    0.86889471    0.10345247   -0.77137485   -0.47954641    0.41834923    0.41311170    0.12270787    0.90237548
   -0.53321238    0.81607659    0.22294296    0.19565981   -0.13742379    0.97099533    0.82304422    0.56136771   -0.08639733
   -0.64534441    0.36919636    0.66874856    0.76202871    0.37224541    0.52985432   -0.05331829    0.85154413   -0.52156472
   -0.48706071    0.17694774    0.85525514    0.08094198    0.98419167   -0.15752824   -0.86960926   -0.00749977   -0.49368359
   -0.66218779    0.31229347    0.68116087   -0.60035226    0.32287771   -0.73166055   -0.44842447   -0.89343314   -0.02631959
   -0.56403682    0.23049178    0.79292875   -0.55726614   -0.81486399   -0.15953409    0.60935779   -0.53185545    0.58805856
   -0.48155853    0.09504378    0.87124512    0.49045666   -0.79463822    0.35777418    0.72632888    0.59959718    0.33604996
   -0.42835575   -0.12126307    0.89543655    0.90178641    0.00555920    0.43214623   -0.05738129    0.99260484    0.10697208
   -0.71654423   -0.48912024    0.49731858   -0.17035044    0.81407609    0.55521244   -0.67642080    0.31311583   -0.66664337
   -0.77101175   -0.46015851    0.44022157   -0.63623079    0.52685367   -0.56359168    0.02740916   -0.71461833   -0.69897738
   -0.65626180   -0.46113354    0.59722383   -0.33221007   -0.53407980   -0.77742860    0.67746359   -0.70860047    0.19730297
   -0.44787402   -0.89338709   -0.03561416    0.68456980   -0.31702260   -0.65639993    0.57512873   -0.31836485    0.75357200
   -0.05013742   -0.73952785    0.67125614    0.99716239    0.00072352    0.07527710   -0.05615518    0.67312558    0.73739308
    0.15283242   -0.95667105    0.24783614   -0.25352523    0.20443504    0.94547939   -0.95517915   -0.20733262   -0.21129595
   -0.08821360   -0.99131453    0.09753904   -0.97617672    0.10552098    0.18958991   -0.19823565   -0.07849093   -0.97700655
   -0.11307533   -0.98990243    0.08548186   -0.40223492   -0.03306171   -0.91493934    0.90852685   -0.13784086   -0.39443486
   -0.05417216   -0.73671134   -0.67403396    0.53858184    0.54685835   -0.64099574    0.84082993   -0.39774658    0.36715485
   -0.04245506   -0.99720794   -0.06143195    0.92322612   -0.06266027    0.37911373   -0.38190456   -0.04062029    0.92330867
   -0.21531777   -0.70993577   -0.67054415    0.06023311   -0.69499776    0.71648453   -0.97468468    0.11388289    0.19240701
    0.05512175   -0.71863181   -0.69320265   -0.92340000   -0.30081227    0.23842067   -0.37986054    0.62696116   -0.68016591
    0.01356347   -0.65815357   -0.75276153   -0.63705252    0.57457293   -0.51383852    0.77070106    0.48651806   -0.41148518
   -0.22237090   -0.09067900   -0.97073606    0.29707056    0.94201815   -0.15604768    0.92860124   -0.32307757   -0.18253936
    0.09758244    0.42701033   -0.89896599    0.85492353   -0.49838652   -0.14393277   -0.50949331   -0.75450186   -0.41369495
   -0.36155212    0.01116656   -0.93228503    0.21205579   -0.97273696   -0.09388904   -0.90791652   -0.23164222    0.34932718
    0.05576719    0.22246470   -0.97334448   -0.74659358   -0.63798969   -0.18859265   -0.66293895    0.73721002    0.13051183
    0.15013919    0.51476261   -0.84408393   -0.39746282    0.81315716    0.42520435    0.90525219    0.27165214    0.32668575
    0.04484430    0.81956848   -0.57122368    0.76450481    0.33991473    0.54771377    0.64305629   -0.46126509   -0.61132081
   -0.18211030    0.84399158   -0.50449386    0.73024560   -0.22749832   -0.64419398   -0.65846580   -0.48571878   -0.57489135
    0.76132416    0.57473715   -0.30010452   -0.39722029    0.04762454   -0.91648674   -0.51244664    0.81695110    0.26455497
    0.75859060    0.51742182   -0.39599870   -0.57120464    0.82050948   -0.02212370    0.31347340    0.24297913    0.91798452
    0.45819214    0.88586204    0.07285884   -0.24372102    0.04638432    0.96873555    0.85478654   -0.46162424    0.23715613
    0.58540731    0.73819085    0.33522016    0.72662428   -0.66111811    0.18692246    0.35960457    0.13415333   -0.92341076
    0.83245703    0.33257910    0.44317766    0.42843074    0.12086008   -0.89545516   -0.35137216    0.93529887   -0.04187629
    0.63472224    0.73952015    0.22413752   -0.39709416    0.56097552   -0.72637641   -0.66290566    0.37204356    0.64972277
    0.75514781    0.44398089    0.48232017   -0.64694705    0.38588090    0.65768948    0.10588342   -0.80868838    0.57862924
    0.89734201    0.19233816    0.39721952   -0.16907258   -0.68155901    0.71196333    0.40766626   -0.70603354   -0.57907242
    0.10283755    0.65553760    0.74812759    0.97405481   -0.21879959    0.05782697    0.20159777    0.72277050   -0.66103037
    0.42364478    0.12761890    0.89679346    0.76415528    0.48126807   -0.42947380   -0.48640703    0.86723380    0.10636605
    0.49916388    0.01004564    0.86644937   -0.64487336    0.67219506    0.36371988   -0.57876919   -0.74030594    0.34201366
    0.67792474   -0.51282047    0.52671929   -0.72130690   -0.32572150    0.61124615   -0.14189574   -0.79430515   -0.59071560
    0.06072726   -0.69506123    0.71638124   -0.20827199   -0.71073185   -0.67192486    0.97618389   -0.10839799   -0.18792258
    0.19280362    0.07640250    0.97825836    0.97678141   -0.10984815   -0.18393333    0.09340691    0.99100759   -0.09580766
    0.69465873   -0.59275981    0.40753535    0.43852088    0.79805300    0.41329270   -0.57021811   -0.10838462    0.81431203
    0.75367046   -0.43055917    0.49658799   -0.47512072    0.16515277    0.86428286   -0.45413780   -0.88732371   -0.08009682
    0.66701055   -0.73253841   -0.13595738   -0.74361578   -0.64323965   -0.18242345    0.04617901    0.22277842   -0.97377476
    0.97679839   -0.10965568   -0.18395797   -0.20415460   -0.21728233   -0.95452045    0.06469777    0.96992991   -0.23462774
    0.97506158   -0.09982023   -0.19821917    0.10585983    0.99417825    0.02008257    0.19506054   -0.04056519    0.97995196
