# Rotation matrices: 47 entries, row-major flattening of 3x3 -> 1x9
# https://github.com/Neurophysics-CFIN/GFO
# Col:  1    2    3    4    5    6    7    8    9
#       R11  R12  R13  R21  R22  R23  R31  R32  R33
# where Rij = R(i,j), i = row index, j = column index

   -0.98187380    0.18451058   -0.04335536    0.18910694    0.96905801   -0.15863523    0.01274398   -0.16395857   -0.98638490
   -0.68803371   -0.46693561   -0.55550045    0.55721199    0.15045976   -0.81662517    0.46489183   -0.87139715    0.15666073
   -0.96174627    0.27167593   -0.03516099   -0.00879733   -0.15891577   -0.98725295   -0.27380050   -0.94917752    0.15522667
   -0.67627999    0.02325197   -0.73627761    0.01754753   -0.99870960   -0.04765730   -0.73643565   -0.04514954    0.67499930
   -0.77590946    0.33698065   -0.53329968   -0.62014448   -0.25240162    0.74277470    0.11569500    0.90704877    0.40481750
   -0.77224204    0.38120741   -0.50825499   -0.03021010    0.77705004    0.62871344    0.63460978    0.50087338   -0.58855440
   -0.60513674    0.70965573   -0.36082997    0.76812356    0.63958405   -0.03030597    0.20927429   -0.29550126   -0.93213909
   -0.46605952    0.87105922   -0.15506245    0.59531007    0.17908295   -0.78328489   -0.65451848   -0.45736762   -0.60201364
   -0.47661315    0.86626855   -0.14972878   -0.59754702   -0.44415220   -0.66758249   -0.64480808   -0.22870860    0.72932497
   -0.48216641    0.81436440    0.32299564   -0.78353377   -0.56578094    0.25683997    0.39190610   -0.12923838    0.91088256
   -0.65571175    0.56212192    0.50404469    0.14740744   -0.55943757    0.81565965    0.74048170    0.60913755    0.28396883
   -0.65788850    0.55672284    0.50719070    0.74739106    0.56550795    0.34872247   -0.09267861    0.60849029   -0.78813085
   -0.69110844    0.46921656    0.54973170    0.24196006    0.86692641   -0.43576820   -0.68104659   -0.16814996   -0.71267183
   -0.65542503    0.47951269    0.58351145   -0.64354092    0.04981471   -0.76378896   -0.39531395   -0.87611990    0.27593623
   -0.52659950   -0.08566827    0.84578597   -0.44618684   -0.81900581   -0.36075862    0.72360919   -0.56735388    0.39306400
   -0.26331472    0.03014856    0.96423878    0.46415623   -0.87225879    0.15402462    0.84570938    0.48811439    0.21568493
    0.24706520   -0.20827599    0.94635083    0.91813315    0.36257857   -0.15990089   -0.30982302    0.90838202    0.28080563
    0.06280626   -0.58289476    0.81011670    0.20836355    0.80149012    0.56053387   -0.97603279    0.13359375    0.17179262
    0.09272054   -0.59124183    0.80114668   -0.90896227    0.27817709    0.31049171   -0.40643634   -0.75700106   -0.51162378
    0.08618176   -0.60767078    0.78949916   -0.75014698   -0.56107280   -0.34996688    0.65563116   -0.56207965   -0.50419665
    0.09720554   -0.59045920    0.80119225    0.43289815   -0.69978330   -0.56824512    0.89618652    0.40207122    0.18758589
   -0.19671694   -0.90182673    0.38472196    0.97912053   -0.16018654    0.12515296   -0.05123900    0.40130888    0.91450847
    0.46566592   -0.87142997    0.15415923   -0.01563541    0.16607023    0.98598997   -0.88482246   -0.46155227    0.06370808
   -0.09989122   -0.97041480   -0.21981097   -0.98494036    0.06510651    0.16016751   -0.14111780    0.23250002   -0.96230427
   -0.37840617   -0.87944880    0.28875348   -0.61254732    0.00404131   -0.79042359    0.69397014   -0.47597634   -0.54023326
   -0.08549237   -0.84633989   -0.52573743    0.61213318    0.37171810   -0.69793884    0.78611960   -0.38148978    0.48629366
    0.11187675   -0.89009007   -0.44184076    0.85161149   -0.14325374    0.50421844   -0.51209517   -0.43268699    0.74198417
   -0.05610695   -0.80894782   -0.58519691    0.10999176   -0.58756067    0.80166968   -0.99234763   -0.01938760    0.12194383
   -0.01829904   -0.40192871   -0.91548810   -0.97926824   -0.17754720    0.09752282   -0.20173957    0.89829299   -0.39034708
   -0.34766204   -0.35012605   -0.86979472   -0.47685815    0.86475533   -0.15749451    0.80730256    0.36001384   -0.46760306
    0.06139038   -0.33423184   -0.94048939    0.39904003    0.87190503   -0.28381097    0.91487610   -0.35786966    0.18689846
   -0.00374739   -0.18670118   -0.98240960    0.91836297   -0.38940847    0.07050170   -0.39572137   -0.90194441    0.17291872
    0.70744793    0.24449147   -0.66312996    0.26743433   -0.96109931   -0.06904336   -0.65421427   -0.12849914   -0.74531313
    0.63966155    0.38418247   -0.66576041   -0.75649254    0.46812932   -0.45669900    0.13620622    0.79577558    0.59007550
    0.68898894    0.61943865   -0.37628447   -0.11501460    0.60604364    0.78707226    0.71558779   -0.49900587    0.48880185
    0.62268722    0.21874236   -0.75127386    0.73731041    0.15743585    0.65695305    0.26198089   -0.96299831   -0.06324773
    0.34646019    0.88296697   -0.31675648    0.69712115   -0.46829275   -0.54288488   -0.62768419   -0.03272965   -0.77777975
    0.88192510    0.44607499   -0.15239822   -0.07999774   -0.17697550   -0.98095873   -0.46455191    0.87732364   -0.12039414
    0.87956562    0.47510011   -0.02538118   -0.47274114    0.86669025   -0.15926023   -0.05366693    0.15207855    0.98691032
    0.25402071    0.96416150   -0.07659037   -0.09818816    0.10448544    0.98966756    0.96220194   -0.24387579    0.12121071
    0.48549809    0.78846797    0.37763722    0.70694059   -0.60820187    0.36100621    0.51432150    0.09169926   -0.85268086
    0.74578184    0.57544636    0.33566490    0.65804134   -0.55774953   -0.50586268   -0.10387990    0.59814459   -0.79462697
    0.74848649    0.57187421    0.33574969   -0.10202056    0.59956783   -0.79379482   -0.65525550    0.55989133    0.50711135
    0.66743817    0.00354813    0.74465677   -0.63965417    0.51473134    0.57087143   -0.38127265   -0.85734419    0.34582092
    0.62848676    0.03297773    0.77712088   -0.41728613   -0.82885803    0.37264816    0.65641197   -0.55848620   -0.50716515
    0.98803173   -0.05296601   -0.14487205   -0.12959270   -0.79442050   -0.59338166   -0.08366027    0.60505427   -0.79177667
    0.99465838    0.00526442   -0.10308735   -0.08521226    0.60550638   -0.79126538    0.05825450    0.79582304    0.60272058
