# Rotation matrices: 50 entries, row-major flattening of 3x3 -> 1x9
# https://github.com/Neurophysics-CFIN/GFO
# Col:  1    2    3    4    5    6    7    8    9
#       R11  R12  R13  R21  R22  R23  R31  R32  R33
# where Rij = R(i,j), i = row index, j = column index

   -0.99756702   -0.06155322    0.03272997   -0.06929641    0.92682695   -0.36903905   -0.00761948   -0.37040925   -0.92883741
   -0.56589966   -0.61417279   -0.55004486    0.27031247    0.49205975   -0.82753149    0.77890226   -0.61698378   -0.11243788
   -0.99756464   -0.06157867    0.03275441   -0.00763190   -0.37042125   -0.92883252    0.06932920   -0.92682046    0.36904918
   -0.78701684    0.06529070   -0.61346688   -0.27672030   -0.92610160    0.25644044   -0.55138949    0.37158168    0.74692482
   -0.27199492    0.31698671   -0.90859132   -0.96030004   -0.15023269    0.23506164   -0.06198870    0.93645585    0.34526488
   -0.56814208    0.62511632   -0.53520479   -0.27206778    0.47111142    0.83906684    0.77665546    0.62232115   -0.09758421
   -0.56815303    0.62511307   -0.53519697    0.77664910    0.62232812   -0.09759042    0.27206308   -0.47110653   -0.83907110
   -0.39202445    0.78733213   -0.47584130    0.72531683   -0.05364733   -0.68632169   -0.56589074   -0.61419059   -0.55003418
   -0.59883085    0.76473963   -0.23785482   -0.56588510   -0.61419372   -0.55003648   -0.56672363   -0.19478032    0.80055291
   -0.77887560    0.61701317    0.11246134   -0.59996859   -0.78525165    0.15302788    0.18273067    0.05171640    0.98180187
   -0.77885332    0.61704215    0.11245660    0.18271887    0.05169947    0.98180496    0.60000109    0.78523000   -0.15301155
   -0.80392054    0.55907918    0.20283547    0.56590358    0.61418032    0.55003243    0.18293412    0.55696769   -0.81013709
   -0.55139999    0.37158738    0.74691423    0.27673938    0.92609836   -0.25643155   -0.78700278    0.06530423   -0.61348349
   -0.55139300    0.37158179    0.74692217   -0.78700731    0.06531286   -0.61347676   -0.27674041   -0.92610000    0.25642452
   -0.72531505    0.05361579    0.68632604   -0.56587508   -0.61419962   -0.55004020    0.39205035   -0.78732724    0.47582806
   -0.72532715    0.05365463    0.68631021    0.39200647   -0.78733882    0.47584504    0.56588996    0.61418137    0.55004526
    0.00763463    0.37043739    0.92882606    0.99756278    0.06160176   -0.03276784   -0.06935575    0.92681248   -0.36906424
   -0.27040728   -0.49198366    0.82754576    0.56589069    0.61418056    0.55004543   -0.77887587    0.61703673    0.11233007
   -0.27032009   -0.49205607    0.82753119   -0.77889994    0.61698792    0.11243123   -0.56589922   -0.61417158   -0.55004667
    0.18228329   -0.74382237    0.64304050   -0.56589021   -0.61418938   -0.55003607    0.80407778   -0.26362793   -0.53287826
    0.06932478   -0.92682126    0.36904801   -0.00763615   -0.37042019   -0.92883291    0.99756492    0.06157303   -0.03275664
    0.06926389   -0.92683299    0.36902998    0.99756913    0.06151645   -0.03273460    0.00763809    0.37040024    0.92884085
    0.05070720   -0.93409702   -0.35339997    0.05413004   -0.35076456    0.93489794   -0.99724557   -0.06653561    0.03277642
    0.04601528   -0.93368995   -0.35511359   -0.99755970   -0.06163648    0.03279620   -0.05250943    0.35273788   -0.93424769
   -0.27674810   -0.92609900    0.25641983   -0.78700991    0.06532463   -0.61347216    0.55138542   -0.37158220   -0.74692756
    0.16813866   -0.93401222   -0.31519926    0.59359001    0.35121256   -0.72408607    0.78700717   -0.06535227    0.61347273
    0.15681961   -0.93475299   -0.31881728    0.78626179   -0.07718699    0.61305348   -0.59766212   -0.34681266    0.72285612
   -0.00763112   -0.37042935   -0.92882930    0.06935940   -0.92681536    0.36905632   -0.99756255   -0.06160673    0.03276540
    0.27205736   -0.47114321   -0.83905236   -0.77666280   -0.62230804    0.09760938   -0.56813703    0.62510541   -0.53522289
    0.27205035   -0.47110633   -0.83907535   -0.56812133    0.62514510   -0.53519320    0.77667674    0.62229610   -0.09757461
   -0.18273057   -0.05173989   -0.98180065    0.59994166    0.78526934   -0.15304271    0.77889636   -0.61698869   -0.11245180
   -0.18271354   -0.05171769   -0.98180499    0.77886553   -0.61702906   -0.11244388   -0.59998687   -0.78523908    0.15302069
   -0.05705001    0.34695018   -0.93614682    0.06113164   -0.93470057   -0.35013963   -0.99649798   -0.07720366    0.03211505
    0.34655870    0.35130197   -0.86976088   -0.93600791    0.06868668   -0.34521202   -0.06153267    0.93373929    0.35262539
    0.59358133    0.35119757   -0.72410046   -0.16812002    0.93401751    0.31519352    0.78701770   -0.06535720    0.61345870
    0.81457394    0.29272704   -0.50077957    0.55960546   -0.16934065    0.81127398    0.15267950   -0.94108162   -0.30175213
    0.27673005    0.92610153   -0.25643019    0.55140337   -0.37158070   -0.74691506   -0.78700369    0.06529737   -0.61348305
    0.59997536    0.78524500   -0.15303547   -0.18272332   -0.05173051   -0.98180250   -0.77887211    0.61702046    0.11244554
    0.59996790    0.78525349   -0.15302118   -0.77887716    0.61701124    0.11246113    0.18272628    0.05171163    0.98180294
    0.77665067    0.62232693   -0.09758546   -0.27206887    0.47110822    0.83906828    0.56814810   -0.62511298    0.53520230
    0.77667053    0.62230510   -0.09756663    0.56812322   -0.62513875    0.53519861    0.27206415   -0.47110286   -0.83907282
    0.56587764    0.61420195    0.55003497    0.72531689   -0.05362881   -0.68632308   -0.39204325    0.78732453   -0.47583839
    0.56587424    0.61419570    0.55004544   -0.39203692    0.78732969   -0.47583507   -0.72532296    0.05362469    0.68631698
    0.78700715   -0.06529578    0.61347877   -0.55139877    0.37158390    0.74691686   -0.27672936   -0.92610035    0.25643517
    0.78701176   -0.06532163    0.61347011   -0.59358177   -0.35119210    0.72410275    0.16814629   -0.93402205   -0.31516604
    0.56589975    0.61418891    0.55002677    0.77890560   -0.61698097   -0.11243018    0.27030268    0.49204315   -0.82754456
    0.99825481    0.05809237   -0.01061150   -0.03092473    0.36116545   -0.93198883   -0.05030893    0.93069049    0.36233164
    0.78701305   -0.06530998    0.61346970   -0.16815427    0.93402292    0.31515921   -0.59357780   -0.35119196    0.72410607
    0.77890613   -0.61698116   -0.11242551   -0.27031006   -0.49204558    0.82754071   -0.56589550   -0.61418678   -0.55003353
    0.99663708    0.07504636   -0.03290249    0.05879682   -0.93461967   -0.35075491   -0.05707419    0.34764079   -0.93588911
