# Rotation matrices: 31 entries, row-major flattening of 3x3 -> 1x9
# https://github.com/Neurophysics-CFIN/GFO
# Col:  1    2    3    4    5    6    7    8    9
#       R11  R12  R13  R21  R22  R23  R31  R32  R33
# where Rij = R(i,j), i = row index, j = column index

   -0.72713166   -0.36281416   -0.58279108   -0.37631564    0.92067600   -0.10364481    0.57416556    0.14394998   -0.80598530
   -0.85671624   -0.39638088   -0.33002951    0.33747175    0.05312055   -0.93983564    0.39006423   -0.91654809    0.08825811
   -0.92716397   -0.01645339   -0.37429435    0.30921817   -0.59769795   -0.73968999   -0.21154456   -0.80155252    0.55925169
   -0.63552977   -0.08665924   -0.76719755   -0.39886987   -0.81395244    0.42235559   -0.66106333    0.57443155    0.48272525
   -0.94046010    0.29780123   -0.16385735   -0.28801088   -0.44216169    0.84943674    0.18051186    0.84605406    0.50160543
   -0.49160830    0.61728008   -0.61423658   -0.02965093    0.69308260    0.72024810    0.87031149    0.37229264   -0.32242223
   -0.92631618    0.33430661   -0.17371651    0.31749947    0.94092185    0.11772914    0.20281129    0.05389951   -0.97773331
   -0.38649984    0.91688548   -0.09969400    0.25627255    0.00292846   -0.96660013   -0.88596967   -0.39913963   -0.23610443
   -0.34438125    0.92752583   -0.14524940   -0.69457272   -0.35580563   -0.62527681   -0.63164095   -0.11444734    0.76676693
    0.35022367    0.90210846    0.25207878   -0.71490373    0.08355989    0.69421207    0.60519091   -0.42334156    0.67418535
    0.15158562    0.92248948    0.35501402    0.47235478   -0.38310540    0.79379545    0.86827574    0.04736459   -0.49381559
    0.26937753    0.88789279    0.37293717    0.94155859   -0.32414671    0.09163150    0.20224530    0.32645872   -0.92332093
    0.07543735    0.70018210    0.70996777    0.27669306    0.66933816   -0.68951242   -0.95799277    0.24845815   -0.14324243
   -0.02690152    0.37987531    0.92464645   -0.93185470    0.32528018   -0.16074708   -0.36183301   -0.86596048    0.34523806
    0.14604073    0.31977391    0.93617133   -0.89481295   -0.36085962    0.26285000    0.42187900   -0.87608503    0.23343763
    0.11369937    0.16751256    0.97929158    0.40491777   -0.90791773    0.10829127    0.90725633    0.38421992   -0.17105848
   -0.43605135   -0.26279893    0.86069503    0.89872399   -0.17649714    0.40142738    0.04641553    0.94857023    0.31314552
   -0.23382140   -0.15050363    0.96056036    0.28427105    0.93419452    0.21557033   -0.92979434    0.32346446   -0.17565085
    0.45668803   -0.39757779    0.79584417   -0.81121061    0.18113167    0.55599340   -0.36520321   -0.89951277   -0.23979866
    0.05466523   -0.60714635    0.79270740   -0.78859431   -0.51322371   -0.33870406    0.61247916   -0.60660921   -0.50684765
   -0.29508537   -0.67025345    0.68094416    0.64686364   -0.66465376   -0.37390215    0.70320130    0.33014496    0.62969218
   -0.36342309   -0.86538216    0.34501793    0.93152811   -0.34286660    0.12123480    0.01338069    0.36545342    0.93073345
   -0.31118246   -0.86160214    0.40100776    0.04189427    0.40911088    0.91152244   -0.94942633    0.30044972   -0.09121194
    0.46757834   -0.85658719    0.21824042   -0.86323442   -0.38934513    0.32130468   -0.19025463   -0.33862775   -0.92148490
    0.78478515   -0.52309934   -0.33238434   -0.43036881   -0.07404002   -0.89961145    0.44597641    0.84904956   -0.28323115
    0.68658887   -0.51932378   -0.50882074    0.37268230    0.85229975   -0.36700550    0.62426247    0.06235341    0.77872230
    0.56248368   -0.63824352   -0.52560186    0.82114842    0.50548451    0.26495410    0.09657837   -0.58062950    0.80841945
    0.67257613   -0.08974614   -0.73456584    0.35987179   -0.82768023    0.43062481   -0.64663254   -0.55397750   -0.52438086
    0.80968059    0.22351545   -0.54264002   -0.45384714   -0.34773951   -0.82042672   -0.37207542    0.91055921   -0.18011608
    0.85921656    0.49923821   -0.11183970   -0.44148003    0.61303344   -0.65519874   -0.25853877    0.61233260    0.74713218
    0.86624685    0.39956024   -0.29994667   -0.19691854    0.82480283    0.53002206    0.45917260   -0.40006488    0.79316367
