# Rotation matrices: 7 entries, row-major flattening of 3x3 -> 1x9
# https://github.com/Neurophysics-CFIN/GFO
# Col:  1    2    3    4    5    6    7    8    9
#       R11  R12  R13  R21  R22  R23  R31  R32  R33
# where Rij = R(i,j), i = row index, j = column index

    0.99990918   -0.00271274    0.01320148   -0.00271274    0.91897482    0.39430690   -0.01320148   -0.39430690    0.91888399
    0.91513103   -0.14961905   -0.37436524   -0.14961905    0.73623033   -0.65998413    0.37436524    0.65998413    0.65136136
    0.90854327   -0.24880451    0.33562693   -0.24880451    0.32313688    0.91306017   -0.33562693   -0.91306017    0.23168016
    0.69732596    0.45496302   -0.55384579    0.45496302    0.31612454    0.83251062    0.55384579   -0.83251062    0.01345050
    0.29328630   -0.16651711    0.94141128   -0.16651711    0.96076495    0.22181696   -0.94141128   -0.22181696    0.25405125
    0.58992094    0.07621100   -0.80385644    0.07621100    0.98583660    0.14939241    0.80385644   -0.14939241    0.57575753
    0.86482364    0.10445408    0.49109003    0.10445408    0.91928578   -0.37947727   -0.49109003    0.37947727    0.78410942
