# Rotation matrices: 91 entries, row-major flattening of 3x3 -> 1x9
# https://github.com/Neurophysics-CFIN/GFO
# Col:  1    2    3    4    5    6    7    8    9
#       R11  R12  R13  R21  R22  R23  R31  R32  R33
# where Rij = R(i,j), i = row index, j = column index

    0.99037224    0.00272152    0.13840314    0.00272152    0.99923069   -0.03912304   -0.13840314    0.03912304    0.98960293
    0.97693375   -0.04336384   -0.20909336   -0.04336384    0.91847734   -0.39308899    0.20909336    0.39308899    0.89541109
    0.97384995   -0.02483200    0.22583100   -0.02483200    0.97641962    0.21444837   -0.22583100   -0.21444837    0.95026957
    0.95610710    0.04036543    0.29022379    0.04036543    0.96287856   -0.26689983   -0.29022379    0.26689983    0.91898565
    0.91426056   -0.04428330   -0.40269918   -0.04428330    0.97712826   -0.20798883    0.40269918    0.20798883    0.89138881
    0.90669428   -0.10850261    0.40759376   -0.10850261    0.87382536    0.47397935   -0.40759376   -0.47397935    0.78051964
    0.99511839    0.03001497    0.09401329    0.03001497    0.81545068   -0.57804783   -0.09401329    0.57804783    0.81056906
    0.99877095    0.00411154   -0.04939319    0.00411154    0.98624566    0.16523497    0.04939319   -0.16523497    0.98501661
    0.84276272    0.08086110    0.53217712    0.08086110    0.95841624   -0.27367827   -0.53217712    0.27367827    0.80117895
    0.98212838   -0.06152681   -0.17787157   -0.06152681    0.78818102   -0.61236029    0.17787157    0.61236029    0.77030940
    0.91960402   -0.15262241    0.36198735   -0.15262241    0.71026410    0.68719088   -0.36198735   -0.68719088    0.62986812
    0.99944701   -0.01435328   -0.02999437   -0.01435328    0.62745125   -0.77852355    0.02999437    0.77852355    0.62689825
    0.63434018    0.12555378   -0.76279013    0.12555378    0.95688957    0.26191333    0.76279013   -0.26191333    0.59122975
    0.88024410   -0.05770435    0.47099950   -0.05770435    0.97219518    0.22695098   -0.47099950   -0.22695098    0.85243928
    0.90978867   -0.16109942   -0.38253308   -0.16109942    0.71230862   -0.68312767    0.38253308    0.68312767    0.62209728
    0.98425996    0.07958007   -0.15779524    0.07958007    0.59765104    0.79779712    0.15779524   -0.79779712    0.58191100
    0.76701431    0.17069478    0.61850816    0.17069478    0.87494207   -0.45314420   -0.61850816    0.45314420    0.64195638
    0.84899758    0.01599340   -0.52815464    0.01599340    0.99830606    0.05593943    0.52815464   -0.05593943    0.84730364
    0.78450684   -0.27269473    0.55694399   -0.27269473    0.65491983    0.70478195   -0.55694399   -0.70478195    0.43942666
    0.98831442    0.08017872    0.12963792    0.08017872    0.44986686   -0.88948928   -0.12963792    0.88948928    0.43818128
    0.88488952    0.19292468   -0.42397004    0.19292468    0.67665902    0.71057205    0.42397004   -0.71057205    0.56154855
    0.56256969    0.22290828    0.79613268    0.22290828    0.88640911   -0.40569791   -0.79613268    0.40569791    0.44897880
    0.71891583   -0.17674695   -0.67225036   -0.17674695    0.88886075   -0.42271395    0.67225036    0.42271395    0.60777658
    0.99863612    0.02968471   -0.04295023    0.02968471    0.35391623    0.93480593    0.04295023   -0.93480593    0.35255235
    0.92981605    0.09939003    0.35434973    0.09939003    0.85925018   -0.50180748   -0.35434973    0.50180748    0.78906624
    0.31301962    0.18324045   -0.93190217    0.18324045    0.95112369    0.24856922    0.93190217   -0.24856922    0.26414331
    0.54678043   -0.19332389    0.81465148   -0.19332389    0.91753638    0.34749514   -0.81465148   -0.34749514    0.46431681
    0.83374399   -0.28842944   -0.47082843   -0.28842944    0.49961783   -0.81681729    0.47082843    0.81681729    0.33336182
    0.79211255    0.31119622   -0.52508535    0.31119622    0.53415616    0.78602424    0.52508535   -0.78602424    0.32626870
    0.32911622    0.24285899    0.91252508    0.24285899    0.91208538   -0.33033281   -0.91252508    0.33033281    0.24120160
    0.43959435    0.03382989   -0.89755910    0.03382989    0.99795780    0.05418276    0.89755910   -0.05418276    0.43755215
    0.91112532   -0.21654655    0.35065402   -0.21654655    0.47237606    0.85438191   -0.35065402   -0.85438191    0.38350138
    0.99134283   -0.07751618   -0.10597466   -0.07751618    0.30592094   -0.94889600    0.10597466    0.94889600    0.29726377
    0.63195753    0.32940666   -0.70151331    0.32940666    0.70517330    0.62787090    0.70151331   -0.62787090    0.33713083
    0.56083056   -0.04354767    0.82678455   -0.04354767    0.99568185    0.08198326   -0.82678455   -0.08198326    0.55651241
    0.51552399   -0.25893066   -0.81681695   -0.25893066    0.86161320   -0.43655196    0.81681695    0.43655196    0.37713719
    0.99378572   -0.07793915   -0.07946968   -0.07793915    0.02249148   -0.99670438    0.07946968    0.99670438    0.01627720
    0.85001062    0.20293907    0.48610460    0.20293907    0.72541878   -0.65771067   -0.48610460    0.65771067    0.57542940
    0.14057168    0.02803344   -0.98967355    0.02803344    0.99908559    0.03228188    0.98967355   -0.03228188    0.13965727
    0.40302239   -0.46839740    0.78624222   -0.46839740    0.63248852    0.61689720   -0.78624222   -0.61689720    0.03551091
    0.85578193   -0.32758135    0.40040948   -0.32758135    0.25592168    0.90950237   -0.40040948   -0.90950237    0.11170361
    0.58104769    0.46554835   -0.66756896    0.46554835    0.48267318    0.74181624    0.66756896   -0.74181624    0.06372087
    0.10941018    0.29537213   -0.94909679    0.29537213    0.90203717    0.31477650    0.94909679   -0.31477650    0.01144736
    0.68067853   -0.39841745    0.61476847   -0.39841745    0.50289449    0.76704672   -0.61476847   -0.76704672    0.18357302
    0.68505749   -0.43433352   -0.58485095   -0.43433352    0.40101575   -0.80656107    0.58485095    0.80656107    0.08607324
    0.82673073    0.35639648   -0.43531350    0.35639648    0.26693030    0.89539364    0.43531350   -0.89539364    0.09366103
    0.43170761    0.40096601    0.80799430    0.40096601    0.71709327   -0.57009079   -0.80799430    0.57009079    0.14880088
    0.05267925   -0.18372038    0.98156595   -0.18372038    0.96436985    0.19036179   -0.98156595   -0.19036179    0.01704911
    0.57237901   -0.32147937    0.75434294   -0.32147937    0.75831638    0.56710429   -0.75434294   -0.56710429    0.33069539
    0.98354016    0.11506256    0.13931749    0.11506256    0.19565487   -0.97389926   -0.13931749    0.97389926    0.17919503
    0.36854536    0.39957777   -0.83935209    0.39957777    0.74715145    0.53113305    0.83935209   -0.53113305    0.11569681
    0.13587994    0.06063709    0.98886793    0.06063709    0.99574497   -0.06939090   -0.98886793    0.06939090    0.13162491
    0.57687776   -0.37656336   -0.72485315   -0.37656336    0.66487234   -0.64509286    0.72485315    0.64509286    0.24175010
    0.97346726    0.15177197   -0.17125057    0.15177197    0.13183736    0.97958368    0.17125057   -0.97958368    0.10530463
    0.69481797    0.39446503    0.60135292    0.39446503    0.49013165   -0.77728264   -0.60135292    0.77728264    0.18494962
    0.67560385    0.00833397   -0.73721773    0.00833397    0.99978589    0.01893964    0.73721773   -0.01893964    0.67538975
    0.31383657   -0.30830642    0.89802770   -0.30830642    0.86147199    0.40350112   -0.89802770   -0.40350112    0.17530856
    0.90770956   -0.26606717   -0.32445587   -0.26606717    0.23294611   -0.93538461    0.32445587    0.93538461    0.14065568
    0.75654516    0.20138863   -0.62215918    0.20138863    0.83340902    0.51465719    0.62215918   -0.51465719    0.58995418
    0.40169904    0.06974327    0.91311213    0.06974327    0.99187011   -0.10644045   -0.91311213    0.10644045    0.39356915
    0.27706558   -0.34160965   -0.89807433   -0.34160965    0.83857850   -0.42436887    0.89807433    0.42436887    0.11564408
    0.97761915   -0.13028212    0.16518891   -0.13028212    0.24160938    0.96158800   -0.16518891   -0.96158800    0.21922853
    0.87598688    0.29980523    0.37784099    0.29980523    0.27521239   -0.91344128   -0.37784099    0.91344128    0.15119927
    0.51792346    0.24551215   -0.81943827    0.24551215    0.87496547    0.41732387    0.81943827   -0.41732387    0.39288893
    0.31646978   -0.11780548    0.94125913   -0.11780548    0.97969639    0.16222469   -0.94125913   -0.16222469    0.29616617
    0.75876793   -0.25708341   -0.59848086   -0.25708341    0.72602365   -0.63780701    0.59848086    0.63780701    0.48479158
    0.93582007    0.19363252   -0.29452885    0.19363252    0.41580564    0.88860122    0.29452885   -0.88860122    0.35162571
    0.67258854    0.30706908    0.67330026    0.30706908    0.71200942   -0.63146748   -0.67330026    0.63146748    0.38459795
    0.30412958   -0.14346702   -0.94176558   -0.14346702    0.97042152   -0.19416302    0.94176558    0.19416302    0.27455111
    0.98973394   -0.06845490    0.12546174   -0.06845490    0.54353718    0.83658906   -0.12546174   -0.83658906    0.53327113
    0.88738684    0.23481176    0.39674682    0.23481176    0.51038971   -0.82726403   -0.39674682    0.82726403    0.39777655
    0.91459183    0.11711657   -0.38704715    0.11711657    0.83940307    0.53074117    0.38704715   -0.53074117    0.75399490
    0.73341113   -0.10164211    0.67214359   -0.10164211    0.96124700    0.25626761   -0.67214359   -0.25626761    0.69465813
    0.88381758   -0.11831507   -0.45262350   -0.11831507    0.87951314   -0.46093186    0.45262350    0.46093186    0.76333072
    0.99259588   -0.04373111    0.11331819   -0.04373111    0.74171006    0.66929349   -0.11331819   -0.66929349    0.73430594
    0.96398319    0.10825985    0.24293253    0.10825985    0.67459099   -0.73021011   -0.24293253    0.73021011    0.63857418
    0.81965016    0.09693364   -0.56460383    0.09693364    0.94790053    0.30346078    0.56460383   -0.30346078    0.76755070
    0.76468113   -0.19184319    0.61519018   -0.19184319    0.84360026    0.50153245   -0.61519018   -0.50153245    0.60828138
    0.96087915   -0.13705576   -0.24068024   -0.13705576    0.51983964   -0.84319776    0.24068024    0.84319776    0.48071879
    0.98834824    0.05065505   -0.14353337    0.05065505    0.77978143    0.62399918    0.14353337   -0.62399918    0.76812967
    0.63977192    0.09304661    0.76291167    0.09304661    0.97596614   -0.19705943   -0.76291167    0.19705943    0.61573806
    0.55081948   -0.10906364   -0.82746784   -0.10906364    0.97351872   -0.20091399    0.82746784    0.20091399    0.52433819
    0.98610643   -0.03915046    0.16143525   -0.03915046    0.88967856    0.45490582   -0.16143525   -0.45490582    0.87578499
    0.99851743    0.00974677    0.05355319    0.00974677    0.93592243   -0.35207131   -0.05355319    0.35207131    0.93443986
    0.94389265    0.05176380   -0.32617047    0.05176380    0.95224350    0.30091998    0.32617047   -0.30091998    0.89613615
    0.76553822    0.00511332    0.64337011    0.00511332    0.99988848   -0.01403111   -0.64337011    0.01403111    0.76542670
    0.77707962   -0.07426903   -0.62500510   -0.07426903    0.97525624   -0.20822916    0.62500510    0.20822916    0.75233585
    0.99574261    0.01957110   -0.09007572    0.01957110    0.91003231    0.41407508    0.09007572   -0.41407508    0.90577491
    0.91002576    0.00548963    0.41451535    0.00548963    0.99966506   -0.02529095   -0.41451535    0.02529095    0.90969082
    0.95728032    0.00571988   -0.28910496    0.00571988    0.99923415    0.03870925    0.28910496   -0.03870925    0.95651446
    0.99384788   -0.00816297   -0.11045253   -0.00816297    0.98916892   -0.14655446    0.11045253    0.14655446    0.98301680
