# Rotation matrices: 55 entries, row-major flattening of 3x3 -> 1x9
# https://github.com/Neurophysics-CFIN/GFO
# Col:  1    2    3    4    5    6    7    8    9
#       R11  R12  R13  R21  R22  R23  R31  R32  R33
# where Rij = R(i,j), i = row index, j = column index

    0.90243539   -0.01136054    0.43067541   -0.01136054    0.99867716    0.05014837   -0.43067541   -0.05014837    0.90111255
    0.97886906    0.02044644    0.20346326    0.02044644    0.98021587   -0.19687251   -0.20346326    0.19687251    0.95908494
    0.95302713   -0.15085216    0.26264599   -0.15085216    0.51554216    0.84348083   -0.26264599   -0.84348083    0.46856929
    0.71023530    0.03545449    0.70307098    0.03545449    0.99566193   -0.08602504   -0.70307098    0.08602504    0.70589722
    0.70162229   -0.06747138   -0.70934743   -0.06747138    0.98474287   -0.16040290    0.70934743    0.16040290    0.68636516
    0.60020467   -0.21131760    0.77142675   -0.21131760    0.88830503    0.40774875   -0.77142675   -0.40774875    0.48850970
    0.80140117   -0.16726672   -0.57426302   -0.16726672    0.85912226   -0.48366392    0.57426302    0.48366392    0.66052342
    0.96358523    0.09055131   -0.25160278    0.09055131    0.77482927    0.62565171    0.25160278   -0.62565171    0.73841450
    0.32712610    0.14575372    0.93367252    0.14575372    0.96842775   -0.20224627   -0.93367252    0.20224627    0.29555384
    0.43455706    0.01219117   -0.90056179    0.01219117    0.99973715    0.01941647    0.90056179   -0.01941647    0.43429422
    0.85826772   -0.17093241    0.48389940   -0.17093241    0.79385155    0.58359389   -0.48389940   -0.58359389    0.65211927
    0.99205116   -0.01476608   -0.12496584   -0.01476608    0.97256995   -0.23214147    0.12496584    0.23214147    0.96462111
    0.88698648    0.21328967   -0.40958822    0.21328967    0.59745984    0.77301311    0.40958822   -0.77301311    0.48444631
    0.20059942   -0.15504870    0.96732609   -0.15504870    0.96992734    0.18761890   -0.96732609   -0.18761890    0.17052676
    0.96622433   -0.07147656   -0.24759168   -0.07147656    0.84874026   -0.52395712    0.24759168    0.52395712    0.81496460
    0.64042806    0.35845446   -0.67923656    0.35845446    0.64265956    0.67712561    0.67923656   -0.67712561    0.28308761
    0.67546062    0.17854521    0.71545409    0.17854521    0.90177343   -0.39360678   -0.71545409    0.39360678    0.57723404
    0.18356150   -0.14272597   -0.97259163   -0.14272597    0.97504931   -0.17002394    0.97259163    0.17002394    0.15861081
    0.47227392   -0.04316803    0.88039415   -0.04316803    0.99646885    0.07201631   -0.88039415   -0.07201631    0.46874277
    0.99932371    0.02464820    0.02728728    0.02464820    0.10167158   -0.99451262   -0.02728728    0.99451262    0.10099528
    0.87050949    0.30888215    0.38315147    0.30888215    0.26320329   -0.91395615   -0.38315147    0.91395615    0.13371277
    0.25030673    0.39602553   -0.88346495    0.39602553    0.79079949    0.46669043    0.88346495   -0.46669043    0.04110622
    0.60264089   -0.48443379    0.63415129   -0.48443379    0.40941056    0.77311506   -0.63415129   -0.77311506    0.01205145
    0.98968488   -0.05018654    0.13418326   -0.05018654    0.75582550    0.65284694   -0.13418326   -0.65284694    0.74551038
    0.50131302    0.31908322    0.80428301    0.31908322    0.79583565   -0.51461783   -0.80428301    0.51461783    0.29714867
    0.45530998    0.21296320   -0.86448800    0.21296320    0.91673553    0.33799798    0.86448800   -0.33799798    0.37204551
    0.44059420   -0.36341088    0.82085887   -0.36341088    0.76391473    0.53326055   -0.82085887   -0.53326055    0.20450893
    0.90503962   -0.27207530    0.32692250   -0.27207530    0.22046469    0.93668049   -0.32692250   -0.93668049    0.12550431
    0.98938113   -0.08037469   -0.12109869   -0.08037469    0.39164057   -0.91660110    0.12109869    0.91660110    0.38102170
    0.74345123    0.20645816   -0.63612523    0.20645816    0.83385237    0.51192309    0.63612523   -0.51192309    0.57730360
    0.06921618    0.13986445   -0.98774848    0.13986445    0.97898324    0.14842426    0.98774848   -0.14842426    0.04819941
    0.87123382   -0.29349296   -0.39346348   -0.29349296    0.33105013   -0.89680973    0.39346348    0.89680973    0.20228396
    0.88991378    0.27847739   -0.36125312    0.27847739    0.29555530    0.91383664    0.36125312   -0.91383664    0.18546907
    0.56747650    0.47699360    0.67115388    0.47699360    0.47396409   -0.74015887   -0.67115388    0.74015887    0.04144059
    0.33679938   -0.38348414   -0.85994540   -0.38348414    0.77825701   -0.49724836    0.85994540    0.49724836    0.11505639
    0.99990266    0.00873068   -0.01088338    0.00873068    0.21693123    0.97614785    0.01088338   -0.97614785    0.21683389
    0.99997333   -0.00301292   -0.00665250   -0.00301292    0.65959204   -0.75161777    0.00665250    0.75161777    0.65956537
    0.71981070    0.06817704   -0.69081434    0.06817704    0.98341083    0.16809235    0.69081434   -0.16809235    0.70322153
    0.90723194    0.14947911    0.39317453    0.14947911    0.75914122   -0.63353027   -0.39317453    0.63353027    0.66637316
    0.51913462   -0.20662313   -0.82934078   -0.20662313    0.91121607   -0.35635959    0.82934078    0.35635959    0.43035069
    0.99600603    0.04349804   -0.07797382    0.04349804    0.52626645    0.84920642    0.07797382   -0.84920642    0.52227248
    0.96518086    0.13655890    0.22310887    0.13655890    0.46442285   -0.87502176   -0.22310887    0.87502176    0.42960371
    0.88906778    0.08783714   -0.44926954    0.08783714    0.93044975    0.35573571    0.44926954   -0.35573571    0.81951754
    0.76131836   -0.30851911    0.57027214   -0.30851911    0.60120921    0.73713191   -0.57027214   -0.73713191    0.36252757
    0.91327615   -0.17580864   -0.36744796   -0.17580864    0.64359656   -0.74489918    0.36744796    0.74489918    0.55687271
    0.99630056    0.01763162   -0.08410900    0.01763162    0.91596729    0.40086537    0.08410900   -0.40086537    0.91226785
    0.77947467    0.29095955    0.55476281    0.29095955    0.61611004   -0.73195011   -0.55476281    0.73195011    0.39558471
    0.89271304   -0.04722612   -0.44814408   -0.04722612    0.97921176   -0.19726636    0.44814408    0.19726636    0.87192481
    0.95408466   -0.05898024    0.29367295   -0.05898024    0.92423735    0.37723555   -0.29367295   -0.37723555    0.87832200
    0.87761994    0.08681309    0.47143052    0.08681309    0.93841715   -0.33442000   -0.47143052    0.33442000    0.81603709
    0.99783569   -0.00378871    0.06564734   -0.00378871    0.99336771    0.11491840   -0.06564734   -0.11491840    0.99120340
    0.77404206   -0.09392731    0.62612822   -0.09392731    0.96095583    0.26027207   -0.62612822   -0.26027207    0.73499789
    0.68542329   -0.32539335   -0.65139395   -0.32539335    0.66341808   -0.67379197    0.65139395    0.67379197    0.34884138
    0.95542660    0.01344062   -0.29492264    0.01344062    0.99594713    0.08893067    0.29492264   -0.08893067    0.95137373
    0.99213904    0.03335517    0.12061328    0.03335517    0.85846932   -0.51177910   -0.12061328    0.51177910    0.85060836
