# Rotation matrices: 39 entries, row-major flattening of 3x3 -> 1x9
# https://github.com/Neurophysics-CFIN/GFO
# Col:  1    2    3    4    5    6    7    8    9
#       R11  R12  R13  R21  R22  R23  R31  R32  R33
# where Rij = R(i,j), i = row index, j = column index

    0.95786762   -0.09840498    0.26982604   -0.09840498    0.77016398    0.63020941   -0.26982604   -0.63020941    0.72803160
    0.99929569   -0.00572971   -0.03708508   -0.00572971    0.95338785   -0.30169318    0.03708508    0.30169318    0.95268354
    0.97531073   -0.00193359    0.22082854   -0.00193359    0.99984857    0.01729460   -0.22082854   -0.01729460    0.97515930
    0.99626301   -0.03003520   -0.08098087   -0.03003520    0.75859902   -0.65086512    0.08098087    0.65086512    0.75486203
    0.99985417   -0.00334248    0.01674694   -0.00334248    0.92338756    0.38385446   -0.01674694   -0.38385446    0.92324173
    0.81333806    0.03596596    0.58067861    0.03596596    0.99307009   -0.11188496   -0.58067861    0.11188496    0.80640815
    0.96911287    0.15496137    0.19185208    0.15496137    0.22255559   -0.96252583   -0.19185208    0.96252583    0.19166846
    0.84717668    0.23847730   -0.47478443    0.23847730    0.62786163    0.74089024    0.47478443   -0.74089024    0.47503831
    0.51751145    0.09052674    0.85087414    0.09052674    0.98301495   -0.15964495   -0.85087414    0.15964495    0.50052640
    0.89839575   -0.07449025   -0.43282362   -0.07449025    0.94538814   -0.31732076    0.43282362    0.31732076    0.84378389
    0.74927028   -0.24383491    0.61574230   -0.24383491    0.76287029    0.59881004   -0.61574230   -0.59881004    0.51214057
    0.72212569    0.35332126    0.59472563    0.35332126    0.55074684   -0.75620236   -0.59472563    0.75620236    0.27287252
    0.74253769    0.20100234    0.63893336    0.20100234    0.84307629   -0.49881903   -0.63893336    0.49881903    0.58561398
    0.17365055   -0.02866968    0.98438993   -0.02866968    0.99900532    0.03415279   -0.98438993   -0.03415279    0.17265588
    0.64320324   -0.16128339   -0.74851671   -0.16128339    0.92709482   -0.33835316    0.74851671    0.33835316    0.57029806
    0.98909935    0.08694924   -0.11883728    0.08694924    0.30644755    0.94790808    0.11883728   -0.94790808    0.29554690
    0.48707003    0.40701433   -0.77272383    0.40701433    0.67703064    0.61316299    0.77272383   -0.61316299    0.16410066
    0.49397967   -0.37035119   -0.78665372   -0.37035119    0.72894369   -0.57574395    0.78665372    0.57574395    0.22292336
    0.80928603   -0.33179947   -0.48473212   -0.33179947    0.42274344   -0.84332502    0.48473212    0.84332502    0.23202947
    0.96747440   -0.17682343    0.18090541   -0.17682343    0.03871037    0.98348105   -0.18090541   -0.98348105    0.00618477
    0.79901771    0.37738227   -0.46813813    0.37738227    0.29139337    0.87901793    0.46813813   -0.87901793    0.09041108
    0.91567953    0.09636510   -0.39018555    0.09636510    0.88986977    0.44592103    0.39018555   -0.44592103    0.80554930
    0.58000009   -0.12472300    0.80501185   -0.12472300    0.96296231    0.23905599   -0.80501185   -0.23905599    0.54296239
    0.98803149   -0.08166093   -0.13086355   -0.08166093    0.44282898   -0.89287960    0.13086355    0.89287960    0.43086047
    0.65802899    0.20084550   -0.72571270    0.20084550    0.88203995    0.42622366    0.72571270   -0.42622366    0.54006895
    0.19820833    0.20021007   -0.95949434    0.20021007    0.95000687    0.23958896    0.95949434   -0.23958896    0.14821520
    0.34722011   -0.33415311    0.87623050   -0.33415311    0.82894954    0.44853580   -0.87623050   -0.44853580    0.17616964
    0.67866308   -0.41321553    0.60718148   -0.41321553    0.46863538    0.78079051   -0.60718148   -0.78079051    0.14729846
    0.94893465    0.13988729    0.28276241    0.13988729    0.61679588   -0.77459305   -0.28276241    0.77459305    0.56573053
    0.23142022   -0.16604046   -0.95857981   -0.16604046    0.96412938   -0.20708719    0.95857981    0.20708719    0.19554959
    0.86771233   -0.07981247    0.49061725   -0.07981247    0.95184713    0.29600170   -0.49061725   -0.29600170    0.81955946
    0.50143177    0.02845438   -0.86472916    0.02845438    0.99837605    0.04935198    0.86472916   -0.04935198    0.49980782
    0.99231252    0.05029794   -0.11307515    0.05029794    0.67090888    0.73983200    0.11307515   -0.73983200    0.66322139
    0.36931341    0.32166732    0.87185879    0.32166732    0.83594092   -0.44467170   -0.87185879    0.44467170    0.20525432
    0.80283722    0.02314757   -0.59574876    0.02314757    0.99728240    0.06994290    0.59574876   -0.06994290    0.80011962
    0.94404383   -0.17487777    0.27964087   -0.17487777    0.45346094    0.87395134   -0.27964087   -0.87395134    0.39750476
    0.86032216   -0.19262403   -0.47195525   -0.19262403    0.73436003   -0.65085431    0.47195525    0.65085431    0.59468219
    0.97403342    0.00691278   -0.22629873    0.00691278    0.99815969    0.06024483    0.22629873   -0.06024483    0.97219311
    0.94356820    0.07795682    0.32187232    0.07795682    0.89230779   -0.44464540   -0.32187232    0.44464540    0.83587599
