# Rotation matrices: 54 entries, row-major flattening of 3x3 -> 1x9
# https://github.com/Neurophysics-CFIN/GFO
# Col:  1    2    3    4    5    6    7    8    9
#       R11  R12  R13  R21  R22  R23  R31  R32  R33
# where Rij = R(i,j), i = row index, j = column index

    0.15907176    0.51998415    0.83923338    0.51998415    0.67847017   -0.51893614   -0.83923338    0.51893614   -0.16245807
   -0.14644598    0.79956749    0.58244777    0.79956749    0.44235648   -0.40621739   -0.58244777    0.40621739   -0.70408950
    0.97577405    0.06058042   -0.21022610    0.06058042    0.84851007    0.52570017    0.21022610   -0.52570017    0.82428413
    0.74237927    0.10222532    0.66213519    0.10222532    0.95943644   -0.26273887   -0.66213519    0.26273887    0.70181571
    0.71211226    0.03189584   -0.70134071    0.03189584    0.99646618    0.07770338    0.70134071   -0.07770338    0.70857844
    0.62991628   -0.56966920   -0.52790386   -0.56966920    0.12310924   -0.81260145    0.52790386    0.81260145   -0.24697448
    0.35286747   -0.70505306    0.61512985   -0.70505306    0.23184232    0.67018603   -0.61512985   -0.67018603   -0.41529021
    0.41139089    0.83735340   -0.35999559    0.83735340   -0.19121620    0.51212855    0.35999559   -0.51212855   -0.77982531
   -0.16801650   -0.37740235   -0.91067992   -0.37740235    0.87805606   -0.29425333    0.91067992    0.29425333   -0.28996044
    0.99993756    0.00876861    0.00692773    0.00876861   -0.23134158   -0.97283307   -0.00692773    0.97283307   -0.23140402
   -0.27782216   -0.65700207   -0.70083031   -0.65700207    0.66219734   -0.36033729    0.70083031    0.36033729   -0.61562482
    0.64772297   -0.44401789   -0.61911474   -0.44401789    0.44034987   -0.78034615    0.61911474    0.78034615    0.08807284
    0.17341225   -0.65458540   -0.73583024   -0.65458540    0.48162546   -0.58271337    0.73583024    0.58271337   -0.34496229
   -0.12559480    0.17348103    0.97679592    0.17348103    0.97326243   -0.15054757   -0.97679592    0.15054757   -0.15233237
    0.85348765    0.28951080    0.43329244    0.28951080    0.42792193   -0.85619292   -0.43329244    0.85619292    0.28140958
    0.99999584   -0.00148690   -0.00247100   -0.00148690    0.46833497   -0.88354974    0.00247100    0.88354974    0.46833081
   -0.02280599   -0.22115032    0.97497304   -0.22115032    0.95218305    0.21080792   -0.97497304   -0.21080792   -0.07062295
    0.81002678   -0.03089374    0.58557851   -0.03089374    0.99497601    0.09522769   -0.58557851   -0.09522769    0.80500279
    0.84166236   -0.15036060   -0.51864839   -0.15036060    0.85721455   -0.49251894    0.51864839    0.49251894    0.69887691
    0.98993334   -0.00280018   -0.14150668   -0.00280018    0.99922109   -0.03936200    0.14150668    0.03936200    0.98915443
    0.80583416    0.51548831   -0.29138138    0.51548831   -0.36856307    0.77358456    0.29138138   -0.77358456   -0.56272891
   -0.77883172   -0.58902502   -0.21557059   -0.58902502    0.80495599   -0.07138195    0.21557059    0.07138195   -0.97387573
    0.50377795    0.18883164    0.84294151    0.18883164    0.92814227   -0.32077178   -0.84294151    0.32077178    0.43192022
    0.99709767    0.03526333   -0.06747389    0.03526333    0.57154972    0.81980938    0.06747389   -0.81980938    0.56864740
   -0.71573751   -0.51211425    0.47482502   -0.51211425    0.84714386    0.14172603   -0.47482502   -0.14172603   -0.86859365
    0.42697399   -0.77011439   -0.47393781   -0.77011439   -0.03498996   -0.63694547    0.47393781    0.63694547   -0.60801597
    0.20733812    0.02560083    0.97793430    0.02560083    0.99917316   -0.03158462   -0.97793430    0.03158462    0.20651128
    0.66346406   -0.12117816   -0.73833007   -0.12117816    0.95636678   -0.26585416    0.73833007    0.26585416    0.61983084
    0.92599600    0.04078046   -0.37532435    0.04078046    0.97752762    0.20682529    0.37532435   -0.20682529    0.90352362
    0.21415486    0.76401394   -0.60862172    0.76401394    0.25721078    0.59171388    0.60862172   -0.59171388   -0.52863435
    0.54308329   -0.01772075    0.83949182   -0.01772075    0.99931273    0.03255828   -0.83949182   -0.03255828    0.54239602
    0.96893544   -0.05255123   -0.24166607   -0.05255123    0.91110024   -0.40882113    0.24166607    0.40882113    0.88003568
    0.99999677   -0.00164741   -0.00193630   -0.00164741    0.16018212   -0.98708610    0.00193630    0.98708610    0.16017888
    0.26917150    0.70566354    0.65542785    0.70566354    0.31863490   -0.63285920   -0.65542785    0.63285920   -0.41219360
    0.88357259   -0.39397337   -0.25314908   -0.39397337   -0.33314843   -0.85661958    0.25314908    0.85661958   -0.44957584
    0.90647599    0.23368054   -0.35170255    0.23368054    0.41612217    0.87876945    0.35170255   -0.87876945    0.32259816
    0.61301054    0.68758487    0.38915950    0.68758487   -0.22166883   -0.69144050   -0.38915950    0.69144050   -0.60865829
    0.32731396    0.60202759   -0.72830512    0.60202759    0.46120895    0.65180449    0.72830512   -0.65180449   -0.21147708
    0.60455053    0.51923636    0.60407968    0.51923636    0.31822796   -0.79317374   -0.60407968    0.79317374   -0.07722151
    0.91615643    0.03999095    0.39882090    0.03999095    0.98092548   -0.19022601   -0.39882090    0.19022601    0.89708191
   -0.04619160   -0.53867651    0.84124548   -0.53867651    0.72263935    0.43315123   -0.84124548   -0.43315123   -0.32355225
    0.78311365   -0.55125327    0.28784169   -0.55125327   -0.40110326    0.73159825   -0.28784169   -0.73159825   -0.61798961
    0.29945556   -0.45102607    0.84077455   -0.45102607    0.70961940    0.54130933   -0.84077455   -0.54130933    0.00907496
    0.91047256   -0.29264359   -0.29223185   -0.29264359    0.04341878   -0.95523533    0.29223185    0.95523533   -0.04610866
    0.92287314   -0.07699415    0.37732885   -0.07699415    0.92313833    0.37667961   -0.37732885   -0.37667961    0.84601147
    0.99897048    0.04268238   -0.01536895    0.04268238   -0.76953987    0.63717079    0.01536895   -0.63717079   -0.77056939
    0.83237032   -0.43589568    0.34227855   -0.43589568   -0.13348092    0.89004371   -0.34227855   -0.89004371   -0.30111060
    0.98828548   -0.05095611    0.14385855   -0.05095611    0.77834984    0.62575954   -0.14385855   -0.62575954    0.76663532
    0.41224800   -0.04123511   -0.91013804   -0.04123511    0.99710705   -0.06385285    0.91013804    0.06385285    0.40935506
    0.23984726    0.30475321    0.92173682    0.30475321    0.87782124   -0.36953397   -0.92173682    0.36953397    0.11766850
    0.91680317    0.27741606   -0.28724949    0.27741606    0.07496869    0.95782046    0.28724949   -0.95782046   -0.00822813
    0.99681367    0.01261429    0.07876161    0.01261429    0.95006159   -0.31180740   -0.07876161    0.31180740    0.94687526
    0.99999658   -0.00041794    0.00258341   -0.00041794    0.94898943    0.31530761   -0.00258341   -0.31530761    0.94898600
   -0.29273664    0.46247121    0.83691436    0.46247121    0.83455283   -0.29940266   -0.83691436    0.29940266   -0.45818381
