# Rotation matrices: 11 entries, row-major flattening of 3x3 -> 1x9
# https://github.com/Neurophysics-CFIN/GFO
# Col:  1    2    3    4    5    6    7    8    9
#       R11  R12  R13  R21  R22  R23  R31  R32  R33
# where Rij = R(i,j), i = row index, j = column index

    0.98812341   -0.04043442   -0.14824705   -0.04043442    0.86233911   -0.50471410    0.14824705    0.50471410    0.85046252
    0.82006580    0.09711555    0.56396867    0.09711555    0.94758400   -0.30438976   -0.56396867    0.30438976    0.76764980
    0.96057420   -0.15251599    0.23245664   -0.15251599    0.41000248    0.89924237   -0.23245664   -0.89924237    0.37057668
    0.27255569    0.35089428    0.89587198    0.35089428    0.83074059   -0.43213803   -0.89587198    0.43213803    0.10329628
    0.40591443   -0.07849219   -0.91053416   -0.07849219    0.98962940   -0.12030224    0.91053416    0.12030224    0.39554383
    0.45515706   -0.22556191    0.86136745   -0.22556191    0.90661864    0.35660127   -0.86136745   -0.35660127    0.36177570
    0.75384412   -0.33653173   -0.56432743   -0.33653173    0.53991104   -0.77151958    0.56432743    0.77151958    0.29375516
    0.95085796    0.17841611    0.25305501    0.17841611    0.35223884   -0.91874670   -0.25305501    0.91874670    0.30309680
    0.82976009    0.25896689   -0.49440301    0.25896689    0.60606271    0.75207988    0.49440301   -0.75207988    0.43582280
    0.96200553   -0.05211365    0.26801031   -0.05211365    0.92852032    0.36760601   -0.26801031   -0.36760601    0.89052585
    0.89689231    0.03968463   -0.44046489    0.03968463    0.98472598    0.16952842    0.44046489   -0.16952842    0.88161828
