# Rotation matrices: 49 entries, row-major flattening of 3x3 -> 1x9
# https://github.com/Neurophysics-CFIN/GFO
# Col:  1    2    3    4    5    6    7    8    9
#       R11  R12  R13  R21  R22  R23  R31  R32  R33
# where Rij = R(i,j), i = row index, j = column index

    0.91934695    0.06467239    0.38809621    0.06467239    0.94814185   -0.31119852   -0.38809621    0.31119852    0.86748880
    0.99995299    0.00145053    0.00958718    0.00145053    0.95524307   -0.29581847   -0.00958718    0.29581847    0.95519606
    0.98184015   -0.03348161    0.18673215   -0.03348161    0.93826941    0.34428114   -0.18673215   -0.34428114    0.92010956
    0.98260897    0.05846786    0.17624164    0.05846786    0.80343363   -0.59251659   -0.17624164    0.59251659    0.78604260
    0.96852448   -0.00132246    0.24891483   -0.00132246    0.99994444    0.01045830   -0.24891483   -0.01045830    0.96846891
    0.94946234   -0.10510205    0.29576142   -0.10510205    0.78142157    0.61508852   -0.29576142   -0.61508852    0.73088391
    0.88889488   -0.16756949   -0.42636412   -0.16756949    0.74727057   -0.64304522    0.42636412    0.64304522    0.63616545
    0.87319209    0.13317743   -0.46882763    0.13317743    0.86013311    0.49237669    0.46882763   -0.49237669    0.73332520
    0.71682845    0.13337840    0.68437357    0.13337840    0.93717661   -0.32235106   -0.68437357    0.32235106    0.65400506
    0.75368616    0.06800170   -0.65370708    0.06800170    0.98122627    0.18047378    0.65370708   -0.18047378    0.73491242
    0.76885281   -0.25094943    0.58812391   -0.25094943    0.72755188    0.63850814   -0.58812391   -0.63850814    0.49640469
    0.85415256    0.18990754    0.48410591    0.18990754    0.75272192   -0.63035294   -0.48410591    0.63035294    0.60687448
    0.54820378   -0.04131594   -0.83532365   -0.04131594    0.99622173   -0.07638883    0.83532365    0.07638883    0.54442551
    0.49847760   -0.39853931    0.76986135   -0.39853931    0.68329714    0.61177728   -0.76986135   -0.61177728    0.18177474
    0.79205741   -0.08885487   -0.60394526   -0.08885487    0.96203189   -0.25806872    0.60394526    0.25806872    0.75408929
    0.96312615   -0.13389441    0.23336731   -0.13389441    0.51380957    0.84739130   -0.23336731   -0.84739130    0.47693572
    0.95453353    0.15312860    0.25576820    0.15312860    0.48427116   -0.86141341   -0.25576820    0.86141341    0.43880469
    0.28455235    0.40183915    0.87037650    0.40183915    0.77430256   -0.48885667   -0.87037650    0.48885667    0.05885491
    0.60805186   -0.43475410   -0.66427540   -0.43475410    0.51776496   -0.73682313    0.66427540    0.73682313    0.12581682
    0.98400942    0.12147742    0.13026393    0.12147742    0.07715877   -0.98959070   -0.13026393    0.98959070    0.06116820
    0.74271622    0.26544545   -0.61474493    0.26544545    0.72613398    0.63424613    0.61474493   -0.63424613    0.46885020
    0.16697184    0.02375064    0.98567556    0.02375064    0.99932284   -0.02810280   -0.98567556    0.02810280    0.16629468
    0.85840898   -0.27180505   -0.43503566   -0.27180505    0.47822971   -0.83511578    0.43503566    0.83511578    0.33663869
    0.99960160    0.01674449   -0.02272143    0.01674449    0.29624032    0.95496665    0.02272143   -0.95496665    0.29584192
    0.86726812    0.29401158   -0.40175017    0.29401158    0.34874119    0.88990830    0.40175017   -0.88990830    0.21600931
    0.21004662    0.20213866   -0.95656698    0.20213866    0.94827538    0.24477288    0.95656698   -0.24477288    0.15832200
    0.23927229   -0.07456968   -0.96808478   -0.07456968    0.99269037   -0.09489568    0.96808478    0.09489568    0.23196266
    0.81787518   -0.33387222    0.46862515   -0.33387222    0.38794361    0.85908620   -0.46862515   -0.85908620    0.20581879
    0.99520994   -0.03978146   -0.08930064   -0.03978146    0.66961459   -0.74164259    0.08930064    0.74164259    0.66482453
    0.79570632    0.36725576    0.48163748    0.36725576    0.33978969   -0.86583265   -0.48163748    0.86583265    0.13549601
    0.17389101   -0.26926421    0.94723741   -0.26926421    0.91223529    0.30874513   -0.94723741   -0.30874513    0.08612630
    0.94133006   -0.23245264   -0.24467018   -0.23245264    0.07901348   -0.96939292    0.24467018    0.96939292    0.02034353
    0.55925499    0.42355698   -0.71262426    0.42355698    0.59296075    0.68483358    0.71262426   -0.68483358    0.15221574
    0.42709659    0.20582981    0.88046726    0.20582981    0.92605052   -0.31632978   -0.88046726    0.31632978    0.35314711
    0.38937501   -0.31460031   -0.86568687   -0.31460031    0.83791467   -0.44601082    0.86568687    0.44601082    0.22728968
    0.81717758   -0.11620789    0.56454985   -0.11620789    0.92613447    0.35884630   -0.56454985   -0.35884630    0.74331205
    0.99432381   -0.05978622   -0.08801005   -0.05978622    0.37028330   -0.92699293    0.08801005    0.92699293    0.36460710
    0.95114136    0.14312862   -0.27357690    0.14312862    0.58071287    0.80142795    0.27357690   -0.80142795    0.53185423
    0.52525128   -0.19057884    0.82933154   -0.19057884    0.92349575    0.33291936   -0.82933154   -0.33291936    0.44874703
    0.66523442   -0.23158464   -0.70981105   -0.23158464    0.83979402   -0.49103416    0.70981105    0.49103416    0.50502844
    0.99824687    0.02127153   -0.05523320    0.02127153    0.74190261    0.67017016    0.05523320   -0.67017016    0.74014948
    0.64737113    0.33835717    0.68295318    0.33835717    0.67533693   -0.65531249   -0.68295318    0.65531249    0.32270806
    0.97808462    0.04023664   -0.20428288    0.04023664    0.92612554    0.37506332    0.20428288   -0.37506332    0.90421016
    0.53836492   -0.00296210    0.84270661   -0.00296210    0.99998099    0.00540726   -0.84270661   -0.00540726    0.53834591
    0.95557152   -0.06300248   -0.28794750   -0.06300248    0.91065840   -0.40832827    0.28794750    0.40832827    0.86622991
    0.99438773    0.00251973   -0.10576719    0.00251973    0.99886872    0.04748604    0.10576719   -0.04748604    0.99325645
    0.81330154   -0.00791904    0.58178853   -0.00791904    0.99966410    0.02467726   -0.58178853   -0.02467726    0.81296565
    0.53851539    0.18973658   -0.82097576    0.18973658    0.92199096    0.33753917    0.82097576   -0.33753917    0.46050636
    0.90805494    0.00022476   -0.41885102    0.00022476    0.99999945    0.00102387    0.41885102   -0.00102387    0.90805439
