# Rotation matrices: 17 entries, row-major flattening of 3x3 -> 1x9
# https://github.com/Neurophysics-CFIN/GFO
# Col:  1    2    3    4    5    6    7    8    9
#       R11  R12  R13  R21  R22  R23  R31  R32  R33
# where Rij = R(i,j), i = row index, j = column index

    0.68945614   -0.16924458   -0.70427729   -0.16924458    0.90776269   -0.38382700    0.70427729    0.38382700    0.59721883
    0.10740335    0.95975287   -0.25949751    0.95975287   -0.03196171    0.27902130    0.25949751   -0.27902130   -0.92455836
   -0.17813414    0.67361423   -0.71729498    0.67361423    0.61485189    0.41012317    0.71729498   -0.41012317   -0.56328225
    0.93515537   -0.28857831    0.20544341   -0.28857831   -0.28426115    0.91428560   -0.20544341   -0.91428560   -0.34910578
    0.83994009    0.23195398   -0.49060982    0.23195398    0.66385931    0.71097691    0.49060982   -0.71097691    0.50379941
    0.58787887   -0.22125569    0.77810305   -0.22125569    0.88121434    0.41774060   -0.77810305   -0.41774060    0.46909321
    0.79947026    0.50605248   -0.32366369    0.50605248   -0.27706304    0.81679064    0.32366369   -0.81679064   -0.47759278
    0.30387843   -0.37495618   -0.87582291   -0.37495618    0.79803508   -0.47174980    0.87582291    0.47174980    0.10191351
    0.82369365    0.03860805   -0.56571917    0.03860805    0.99154550    0.12388274    0.56571917   -0.12388274    0.81523916
    0.97399101   -0.06208474   -0.21791511   -0.06208474    0.85180068   -0.52017410    0.21791511    0.52017410    0.82579169
    0.43236356    0.21964630   -0.87453831    0.21964630    0.91500811    0.33840164    0.87453831   -0.33840164    0.34737167
   -0.43901089   -0.77456550   -0.45532155   -0.77456550    0.58308049   -0.24508249    0.45532155    0.24508249   -0.85593041
    0.18324364    0.13083795    0.97432192    0.13083795    0.97904079   -0.15607871   -0.97432192    0.15607871    0.16228443
    0.80276244   -0.43325212   -0.40971340   -0.43325212    0.04831819   -0.89997664    0.40971340    0.89997664   -0.14891937
    0.77486792    0.41832542    0.47390247    0.41832542    0.22269559   -0.88057397   -0.47390247    0.88057397   -0.00243649
    0.99563367    0.01781878   -0.09163017    0.01781878    0.92728246    0.37393815    0.09163017   -0.37393815    0.92291612
    0.99359665   -0.09915300   -0.05416992   -0.09915300   -0.53533965   -0.83879684    0.05416992    0.83879684   -0.54174300
