# Rotation matrices: 75 entries, row-major flattening of 3x3 -> 1x9
# https://github.com/Neurophysics-CFIN/GFO
# Col:  1    2    3    4    5    6    7    8    9
#       R11  R12  R13  R21  R22  R23  R31  R32  R33
# where Rij = R(i,j), i = row index, j = column index

    0.99209426    0.00654031   -0.12532441    0.00654031    0.99458929    0.10367914    0.12532441   -0.10367914    0.98668355
   -0.38196969    0.15329227   -0.91137294    0.15329227    0.98299636    0.10109225    0.91137294   -0.10109225   -0.39897334
    0.99962716    0.01824273    0.02031624    0.01824273    0.10740669   -0.99404779   -0.02031624    0.99404779    0.10703385
    0.92248970    0.02305820    0.38533242    0.02305820    0.99314051   -0.11463087   -0.38533242    0.11463087    0.91563021
   -0.21374561    0.80164796   -0.55827714    0.80164796    0.47053201    0.36872778    0.55827714   -0.36872778   -0.74321360
    0.99409578    0.00711457    0.10827259    0.00711457    0.99142695   -0.13046836   -0.10827259    0.13046836    0.98552273
   -0.11052139    0.66514471    0.73849004    0.66514471    0.60161282   -0.44231723   -0.73849004    0.44231723   -0.50890857
    0.10483350   -0.09051639   -0.99036191   -0.09051639    0.99084727   -0.10014225    0.99036191    0.10014225    0.09568077
   -0.09015382    0.21392681    0.97268063    0.21392681    0.95801998   -0.19087441   -0.97268063    0.19087441   -0.13213384
    0.96662780   -0.10946100    0.23162249   -0.10946100    0.64096729    0.75972312   -0.23162249   -0.75972312    0.60759510
    0.94884173    0.06642406    0.30868629    0.06642406    0.91375480   -0.40079922   -0.30868629    0.40079922    0.86259652
    0.35162393   -0.72791107    0.58864767   -0.72791107    0.18279752    0.66085591   -0.58864767   -0.66085591   -0.46557855
    0.52615976    0.74755249   -0.40536549    0.74755249   -0.17937371    0.63952353    0.40536549   -0.63952353   -0.65321395
    0.05711958    0.93699689    0.34463631    0.93699689    0.06884994   -0.34248580   -0.34463631    0.34248580   -0.87403049
   -0.10165276    0.23278810   -0.96720030    0.23278810    0.95081000    0.20437721    0.96720030   -0.20437721   -0.15084276
    0.99785504   -0.02857051   -0.05889864   -0.02857051    0.61944602   -0.78451918    0.05889864    0.78451918    0.61730106
    0.47623934   -0.48815560    0.73136872   -0.48815560    0.54502904    0.68165054   -0.73136872   -0.68165054    0.02126839
    0.83672218    0.29639393    0.46048521    0.29639393    0.46196390   -0.83590669   -0.46048521    0.83590669    0.29868608
    0.58848616   -0.71542141    0.37663808   -0.71542141   -0.24376813    0.65478951   -0.37663808   -0.65478951   -0.65528196
    0.94200801   -0.16935500   -0.28972365   -0.16935500    0.50542969   -0.84608493    0.28972365    0.84608493    0.44743771
    0.96185260   -0.18013370    0.20589176   -0.18013370    0.14940062    0.97223007   -0.20589176   -0.97223007    0.11125323
    0.27900259    0.38003735    0.88188955    0.38003735    0.79968252   -0.46484351   -0.88188955    0.46484351    0.07868510
    0.73992264    0.62261277    0.25469162    0.62261277   -0.49050523   -0.60971957   -0.25469162    0.60971957   -0.75058259
    0.80479571   -0.03374201   -0.59259205   -0.03374201    0.99416753   -0.10243241    0.59259205    0.10243241    0.79896324
    0.61329776    0.65701362    0.43840501    0.65701362   -0.11627723   -0.74485751   -0.43840501    0.74485751   -0.50297947
    0.98461531   -0.01383355    0.17418761   -0.01383355    0.98756121    0.15662534   -0.17418761   -0.15662534    0.97217652
   -0.50029766   -0.38779979    0.77415346   -0.38779979    0.89976077    0.20010466   -0.77415346   -0.20010466   -0.60053689
    0.07253561   -0.47439310   -0.87731965   -0.47439310    0.75735045   -0.44874434    0.87731965    0.44874434   -0.17011394
    0.95528642    0.28943047    0.06048028    0.28943047   -0.87347987   -0.39148809   -0.06048028    0.39148809   -0.91819345
    0.99789053   -0.06070916   -0.02299737   -0.06070916   -0.74717338   -0.66185069    0.02299737    0.66185069   -0.74928285
   -0.08451048   -0.90888170    0.40840182   -0.90888170    0.23830525    0.34226404   -0.40840182   -0.34226404   -0.84620523
   -0.43343940    0.48396415   -0.76020325    0.48396415    0.83660188    0.25666319    0.76020325   -0.25666319   -0.59683752
   -0.58737058   -0.14210117   -0.79674529   -0.14210117    0.98727912   -0.07132452    0.79674529    0.07132452   -0.60009145
    0.88755244   -0.12911368    0.44224464   -0.12911368    0.85175006    0.50779079   -0.44224464   -0.50779079    0.73930251
    0.79815932    0.08618487   -0.59624984    0.08618487    0.96319953    0.25459543    0.59624984   -0.25459543    0.76135885
    0.66357992   -0.35954468    0.65604064   -0.35954468    0.61574120    0.70113507   -0.65604064   -0.70113507    0.27932112
    0.78594489    0.01208932    0.61817836    0.01208932    0.99931722   -0.03491324   -0.61817836    0.03491324    0.78526211
    0.67610076   -0.70728594   -0.20648090   -0.70728594   -0.54447229   -0.45088417    0.20648090    0.45088417   -0.86837152
    0.77613153   -0.39991354    0.48753360   -0.39991354    0.28560356    0.87091892   -0.48753360   -0.87091892    0.06173509
    0.23174239   -0.31599181   -0.92002426   -0.31599181    0.87002950   -0.37841491    0.92002426    0.37841491    0.10177189
    0.99084246    0.13212525   -0.02782345    0.13212525   -0.90630621    0.40143739    0.02782345   -0.40143739   -0.91546375
    0.44188568    0.51872735    0.73188727    0.51872735    0.51788002   -0.68023688   -0.73188727    0.68023688   -0.04023430
    0.50301920    0.26034508    0.82413113    0.26034508    0.86361734   -0.43172390   -0.82413113    0.43172390    0.36663654
    0.89782234   -0.23811510    0.37042712   -0.23811510    0.44509594    0.86324435   -0.37042712   -0.86324435    0.34291828
   -0.35372566   -0.14069204    0.92470747   -0.14069204    0.98537795    0.09610439   -0.92470747   -0.09610439   -0.36834771
    0.44837773   -0.73503163   -0.50861176   -0.73503163    0.02057709   -0.67772051    0.50861176    0.67772051   -0.53104518
   -0.89922699    0.18346022    0.39715634    0.18346022    0.98227824   -0.03836424   -0.39715634    0.03836424   -0.91694876
   -0.02269876   -0.67706125   -0.73557653   -0.67706125    0.55176250   -0.48697660    0.73557653    0.48697660   -0.47093626
    0.62323066    0.38357928    0.68150604    0.38357928    0.60948769   -0.69382396   -0.68150604    0.69382396    0.23271835
   -0.28805748   -0.36987823   -0.88329666   -0.36987823    0.89378587   -0.25364722    0.88329666    0.25364722   -0.39427161
    0.77401848   -0.35179802   -0.52643475   -0.35179802    0.45233643   -0.81953030    0.52643475    0.81953030    0.22635491
    0.98570153    0.12849636    0.10900082    0.12849636   -0.15476097   -0.97955997   -0.10900082    0.97955997   -0.16905944
    0.17747150    0.83232537    0.52510793    0.83232537    0.15776107   -0.53136233   -0.52510793    0.53136233   -0.66476743
    0.67983131    0.33858004   -0.65053282    0.33858004    0.64194986    0.68794181    0.65053282   -0.68794181    0.32178117
    0.89596518   -0.04963897    0.44134156   -0.04963897    0.97631536    0.21058085   -0.44134156   -0.21058085    0.87228053
    0.91125731    0.23586046   -0.33760917    0.23586046    0.37312966    0.89729822    0.33760917   -0.89729822    0.28438698
    0.77750330   -0.15941826   -0.60833744   -0.15941826    0.88577727   -0.43587206    0.60833744    0.43587206    0.66328057
    0.62968694    0.04430996   -0.77558429    0.04430996    0.99469807    0.09280286    0.77558429   -0.09280286    0.62438501
   -0.16036875   -0.12971209   -0.97849713   -0.12971209    0.98550010   -0.10938153    0.97849713    0.10938153   -0.17486865
    0.99619435   -0.04768642    0.07295766   -0.04768642    0.40246872    0.91419086   -0.07295766   -0.91419086    0.39866307
    0.53109969   -0.37333562   -0.76062713   -0.37333562    0.70275240   -0.60560678    0.76062713    0.60560678    0.23385210
    0.20554050    0.75114747   -0.62732016    0.75114747    0.28980329    0.59312017    0.62732016   -0.59312017   -0.50465621
    0.95284347    0.26530749    0.14731347    0.26530749   -0.49264720   -0.82880074   -0.14731347    0.82880074   -0.53980373
    0.98110103   -0.01937130   -0.19252406   -0.01937130    0.98014456   -0.19733574    0.19252406    0.19733574    0.96124559
    0.51744258   -0.23459207   -0.82293362   -0.23459207    0.88595464   -0.40006368    0.82293362    0.40006368    0.40339721
    0.92322794    0.35868633   -0.13781976    0.35868633   -0.67581649    0.64390697    0.13781976   -0.64390697   -0.75258855
    0.91910000    0.25749849    0.29824439    0.25749849    0.18040206   -0.94928901   -0.29824439    0.94928901    0.09950206
    0.91947329   -0.29809370    0.25633768   -0.29809370   -0.10348304    0.94891064   -0.25633768   -0.94891064   -0.18400975
    0.99790898    0.05361686   -0.03609581    0.05361686   -0.37481345    0.92554855    0.03609581   -0.92554855   -0.37690447
    0.40353989    0.32258161   -0.85621064    0.32258161    0.82553922    0.46306166    0.85621064   -0.46306166    0.22907911
    0.71683653    0.47054368    0.51452312    0.47054368    0.21807940   -0.85500294   -0.51452312    0.85500294   -0.06508408
   -0.38713618   -0.64771789   -0.65619137   -0.64771789    0.69755063   -0.30640603    0.65619137    0.30640603   -0.68958555
    0.98191516   -0.05511581   -0.18112116   -0.05511581    0.83202772   -0.55198924    0.18112116    0.55198924    0.81394288
    0.86068956    0.43334550   -0.26725486    0.43334550   -0.34798455    0.83133533    0.26725486   -0.83133533   -0.48729499
    0.43201667    0.13186649   -0.89217309    0.13186649    0.96938507    0.20713237    0.89217309   -0.20713237    0.40140174
