# Rotation matrices: 58 entries, row-major flattening of 3x3 -> 1x9
# https://github.com/Neurophysics-CFIN/GFO
# Col:  1    2    3    4    5    6    7    8    9
#       R11  R12  R13  R21  R22  R23  R31  R32  R33
# where Rij = R(i,j), i = row index, j = column index

    0.91511603    0.03800689   -0.40139522    0.03800689    0.98298237    0.17972515    0.40139522   -0.17972515    0.89809841
    0.20709817   -0.49364764    0.84464333   -0.49364764    0.69266309    0.52586105   -0.84464333   -0.52586105   -0.10023873
    0.63071963    0.16528811   -0.75820353    0.16528811    0.92601784    0.33936823    0.75820353   -0.33936823    0.55673747
    0.87256816   -0.28826327    0.39437176   -0.28826327    0.34792030    0.89210748   -0.39437176   -0.89210748    0.22048847
    0.94739979    0.21693539   -0.23531398    0.21693539    0.10530839    0.97048914    0.23531398   -0.97048914    0.05270818
    0.99961453   -0.01034895    0.02576216   -0.01034895    0.72215455    0.69165432   -0.02576216   -0.69165432    0.72176908
    0.65494200    0.67051297   -0.34851589    0.67051297   -0.30293356    0.67723231    0.34851589   -0.67723231   -0.64799156
   -0.37691131   -0.74157737    0.55497826   -0.74157737    0.60060100    0.29890039   -0.55497826   -0.29890039   -0.77631031
    0.94699281    0.12865977   -0.29436590    0.12865977    0.68771527    0.71448889    0.29436590   -0.71448889    0.63470808
    0.92567233    0.21235772    0.31310530    0.21235772    0.39328378   -0.89455691   -0.31310530    0.89455691    0.31895611
    0.73296012    0.42599252    0.53037707    0.42599252    0.32043999   -0.84607836   -0.53037707    0.84607836    0.05340011
    0.75136794    0.01836235   -0.65962795    0.01836235    0.99864388    0.04871585    0.65962795   -0.04871585    0.75001182
    0.52589053   -0.61798083    0.58441325   -0.61798083    0.19448918    0.76175695   -0.58441325   -0.76175695   -0.27962029
    0.99706883    0.03662440    0.06717439    0.03662440    0.54238502   -0.83933137   -0.06717439    0.83933137    0.53945385
    0.30063835   -0.17733845   -0.93710600   -0.17733845    0.95503196   -0.23762373    0.93710600    0.23762373    0.25567030
    0.50762975   -0.82092883    0.26151078   -0.82092883   -0.36873450    0.43601688   -0.26151078   -0.43601688   -0.86110475
    0.99998945   -0.00355062    0.00291429   -0.00355062   -0.19496388    0.98080400   -0.00291429   -0.98080400   -0.19497443
    0.47541046    0.42701763    0.76918193    0.42701763    0.65240623   -0.62611665   -0.76918193    0.62611665    0.12781669
    0.35107900    0.27051551   -0.89641781    0.27051551    0.88723028    0.37368943    0.89641781   -0.37368943    0.23830928
    0.78010752    0.15713891    0.60559031    0.15713891    0.88770586   -0.43276514   -0.60559031    0.43276514    0.66781338
    0.74440409    0.64221865    0.18280523    0.64221865   -0.61365962   -0.45932240   -0.18280523    0.45932240   -0.86925553
    0.96818474   -0.12298816    0.21792710   -0.12298816    0.52456502    0.84244018   -0.21792710   -0.84244018    0.49274976
    0.76266519    0.25397425   -0.59484359    0.25397425    0.72821973    0.63654780    0.59484359   -0.63654780    0.49088492
    0.01700402   -0.65941211    0.75158934   -0.65941211    0.55765402    0.50418020   -0.75158934   -0.50418020   -0.42534197
    0.76554092    0.28902689    0.57481350    0.28902689    0.64370524   -0.70859510   -0.57481350    0.70859510    0.40924616
    0.99712897    0.02246553    0.07231258    0.02246553    0.82420915   -0.56583971   -0.07231258    0.56583971    0.82133812
   -0.74202993    0.38048497   -0.55192641    0.38048497    0.91689648    0.12054885    0.55192641   -0.12054885   -0.82513345
   -0.46357780   -0.40318192    0.78901202   -0.40318192    0.88893268    0.21735461   -0.78901202   -0.21735461   -0.57464512
    0.44217901    0.04337866   -0.89587723    0.04337866    0.99662668    0.06966743    0.89587723   -0.06966743    0.43880569
    0.53558540   -0.76353412   -0.36078238   -0.76353412   -0.25531014   -0.59315460    0.36078238    0.59315460   -0.71972474
    0.99476152   -0.06646860    0.07766236   -0.06646860    0.15661119    0.98542116   -0.07766236   -0.98542116    0.15137271
    0.86701388   -0.35818718    0.34639409   -0.35818718    0.03525225    0.93298404   -0.34639409   -0.93298404   -0.09773387
    0.13839553   -0.21791976    0.96610437   -0.21791976    0.94488304    0.24435021   -0.96610437   -0.24435021    0.08327856
    0.95084627   -0.16328386   -0.26311546   -0.16328386    0.45758705   -0.87404375    0.26311546    0.87404375    0.40843332
    0.46020999   -0.14630624    0.87567188   -0.14630624    0.96034473    0.23734463   -0.87567188   -0.23734463    0.42055472
   -0.65821289   -0.69344498    0.29306970   -0.69344498    0.71000952    0.12255827   -0.29306970   -0.12255827   -0.94820337
    0.48271011   -0.33499445    0.80917839   -0.33499445    0.78305920    0.52402005   -0.80917839   -0.52402005    0.26576931
    0.54756797    0.40115957   -0.73432984    0.40115957    0.64430237    0.65111094    0.73432984   -0.65111094    0.19187034
    0.99948371    0.00398358    0.03188183    0.00398358    0.96926370   -0.24599191   -0.03188183    0.24599191    0.96874740
    0.26760827    0.04055924    0.96267376    0.04055924    0.99775386   -0.05331207   -0.96267376    0.05331207    0.26536213
    0.70264740   -0.05391988    0.70949227   -0.05391988    0.99022254    0.12865445   -0.70949227   -0.12865445    0.69286994
    0.10714717    0.05604887   -0.99266208    0.05604887    0.99648153    0.06231440    0.99266208   -0.06231440    0.10362870
    0.72973014    0.52628272    0.43648645    0.52628272   -0.02480350   -0.84994781   -0.43648645    0.84994781   -0.29507337
    0.02508973    0.35091493   -0.93607116    0.35091493    0.87368962    0.33693495    0.93607116   -0.33693495   -0.10122065
   -0.37059996   -0.81464593   -0.44610277   -0.81464593    0.51579745   -0.26515090    0.44610277    0.26515090   -0.85480250
    0.99809902    0.00391129   -0.06150644    0.00391129    0.99195245    0.12655056    0.06150644   -0.12655056    0.99005147
    0.94067425    0.06454095    0.33311623    0.06454095    0.92978540   -0.36239973   -0.33311623    0.36239973    0.87045965
    0.87115094   -0.44724752    0.20264673   -0.44724752   -0.55243928    0.70340636   -0.20264673   -0.70340636   -0.68128834
    0.85269045    0.12715402   -0.50670589    0.12715402    0.89024375    0.43737618    0.50670589   -0.43737618    0.74293420
    0.53946048   -0.52584101   -0.65762727   -0.52584101    0.39959818   -0.75087451    0.65762727    0.75087451   -0.06094134
   -0.96287462   -0.07058662   -0.26055709   -0.07058662    0.99746165   -0.00936985    0.26055709    0.00936985   -0.96541297
    0.99080972    0.07250688   -0.11418783    0.07250688    0.42795599    0.90088647    0.11418783   -0.90088647    0.41876570
    0.73760249   -0.18011216    0.65077045   -0.18011216    0.87636928    0.44669507   -0.65077045   -0.44669507    0.61397177
    0.44629334   -0.69923015   -0.55847959   -0.69923015    0.11700033   -0.70525749    0.55847959    0.70525749   -0.43670633
    0.75682003   -0.63711716   -0.14596289   -0.63711716   -0.66920934   -0.38241416    0.14596289    0.38241416   -0.91238931
    0.83878102   -0.19410877   -0.50869262   -0.19410877    0.76629169   -0.61246945    0.50869262    0.61246945    0.60507271
   -0.49988976    0.27211923   -0.82222950    0.27211923    0.95063045    0.14917394    0.82222950   -0.14917394   -0.54925930
    0.54214181    0.25293103    0.80131651    0.25293103    0.86027528   -0.44266504   -0.80131651    0.44266504    0.40241710
