# Rotation matrices: 89 entries, row-major flattening of 3x3 -> 1x9
# https://github.com/Neurophysics-CFIN/GFO
# Col:  1    2    3    4    5    6    7    8    9
#       R11  R12  R13  R21  R22  R23  R31  R32  R33
# where Rij = R(i,j), i = row index, j = column index

    0.86331496   -0.05227011    0.50195131   -0.05227011    0.98001124    0.19195262   -0.50195131   -0.19195262    0.84332620
    0.96745962   -0.01027100    0.25281691   -0.01027100    0.99675808    0.07979877   -0.25281691   -0.07979877    0.96421770
    0.99911095   -0.00669578    0.04162303   -0.00669578    0.94957149    0.31347912   -0.04162303   -0.31347912    0.94868244
    0.99931306    0.00334051    0.03690860    0.00334051    0.98375541   -0.17948298   -0.03690860    0.17948298    0.98306847
    0.87084536   -0.00868165   -0.49148040   -0.00868165    0.99941643   -0.03303682    0.49148040    0.03303682    0.87026179
    0.95667409   -0.09514179    0.27517762   -0.09514179    0.79107281    0.60427796   -0.27517762   -0.60427796    0.74774690
    0.90003734    0.09196360    0.42599939    0.09196360    0.91539537   -0.39191073   -0.42599939    0.39191073    0.81543271
    0.99928419   -0.01094690    0.03621138   -0.01094690    0.83258787    0.55378480   -0.03621138   -0.55378480    0.83187206
    0.70252135   -0.00916425    0.71160366   -0.00916425    0.99971768    0.02192195   -0.71160366   -0.02192195    0.70223903
    0.64187079   -0.24936536   -0.72513365   -0.24936536    0.82636690   -0.50491055    0.72513365    0.50491055    0.46823769
    0.89004216   -0.19012990    0.41433752   -0.19012990    0.67124330    0.71643775   -0.41433752   -0.71643775    0.56128546
    0.99997717    0.00318125    0.00596176    0.00318125    0.55674076   -0.83068021   -0.00596176    0.83068021    0.55671793
    0.75560335    0.17960266   -0.62992576    0.17960266    0.86801326    0.46292101    0.62992576   -0.46292101    0.62361661
    0.70355456   -0.12059146    0.70033470   -0.12059146    0.95094443    0.28489015   -0.70033470   -0.28489015    0.65449898
    0.83736605   -0.17185643   -0.51892531   -0.17185643    0.81839812   -0.54835197    0.51892531    0.54835197    0.65576417
    0.97627322    0.04474017   -0.21187004    0.04474017    0.91563615    0.39951066    0.21187004   -0.39951066    0.89190937
    0.95828087    0.02974058    0.28427674    0.02974058    0.97879864   -0.20265418   -0.28427674    0.20265418    0.93707952
    0.52689825   -0.13594387   -0.83898599   -0.13594387    0.96093708   -0.24107923    0.83898599    0.24107923    0.48783533
    0.95347459   -0.05629790    0.29617013   -0.05629790    0.93187692    0.35837962   -0.29617013   -0.35837962    0.88535151
    0.99755847   -0.04058325   -0.05683392   -0.04058325    0.32542245   -0.94469743    0.05683392    0.94469743    0.32298092
    0.98182026    0.06757842   -0.17737567    0.06757842    0.74879490    0.65934768    0.17737567   -0.65934768    0.73061516
    0.55248639    0.10040209    0.82745285    0.10040209    0.97747425   -0.18564350   -0.82745285    0.18564350    0.52996064
    0.74336597   -0.12421686   -0.65724973   -0.12421686    0.93987614   -0.31812420    0.65724973    0.31812420    0.68324211
    0.99528484   -0.04159575    0.08762349   -0.04159575    0.63305437    0.77298898   -0.08762349   -0.77298898    0.62833921
    0.97240597    0.08221816    0.21832729    0.08221816    0.75502576   -0.65052000   -0.21832729    0.65052000    0.72743173
    0.25608941    0.10833984   -0.96056270    0.10833984    0.98422187    0.13989209    0.96056270   -0.13989209    0.24031128
    0.25018104   -0.12535119    0.96005027   -0.12535119    0.97904438    0.16049667   -0.96005027   -0.16049667    0.22922542
    0.61221216   -0.37368810   -0.69681667   -0.37368810    0.63989898   -0.67148082    0.69681667    0.67148082    0.25211115
    0.91841124    0.26713026    0.29182565    0.26713026    0.12538712   -0.95546821   -0.29182565    0.95546821    0.04379836
    0.11514885    0.24068960    0.96374751    0.24068960    0.93452968   -0.26215031   -0.96374751    0.26215031    0.04967853
    0.10992646   -0.26896696   -0.95685576   -0.26896696    0.91872219   -0.28914755    0.95685576    0.28914755    0.02864866
    0.84799610   -0.13868396    0.51153629   -0.13868396    0.87346877    0.46671091   -0.51153629   -0.46671091    0.72146487
    0.96588949    0.15011442    0.21100508    0.15011442    0.33937248   -0.92859678   -0.21100508    0.92859678    0.30526197
    0.86341782    0.20300389   -0.46184315    0.20300389    0.69827265    0.68644354    0.46184315   -0.68644354    0.56169046
    0.48713526   -0.05110753    0.87182983   -0.05110753    0.99490708    0.08687880   -0.87182983   -0.08687880    0.48204234
    0.78631945   -0.35901471   -0.50280231   -0.35901471    0.39680256   -0.84478173    0.50280231    0.84478173    0.18312201
    0.98037208    0.12514118   -0.15234917    0.12514118    0.20214090    0.97132834    0.15234917   -0.97132834    0.18251298
    0.58858500    0.45847617    0.66585832    0.45847617    0.48907940   -0.74202489   -0.66585832    0.74202489    0.07766440
    0.60033189    0.28414112   -0.74757304    0.28414112    0.79799194    0.53148159    0.74757304   -0.53148159    0.39832383
    0.35159123   -0.45617981   -0.81748614   -0.45617981    0.67906045   -0.57513206    0.81748614    0.57513206    0.03065168
    0.96739343    0.11898001   -0.22359273    0.11898001    0.56584692    0.81588052    0.22359273   -0.81588052    0.53324035
    0.76850283    0.39585055   -0.50269846    0.39585055    0.32311198    0.85959350    0.50269846   -0.85959350    0.09161481
    0.32944091    0.39990229    0.85530512    0.39990229    0.76150970   -0.51007954   -0.85530512    0.51007954    0.09095061
    0.82155974   -0.25262233   -0.51109838   -0.25262233    0.64235626   -0.72357473    0.51109838    0.72357473    0.46391600
    0.93552881   -0.23255242   -0.26590455   -0.23255242    0.16116606   -0.95913757    0.26590455    0.95913757    0.09669486
    0.90452676    0.23673770   -0.35466406    0.23673770    0.41297957    0.87943341    0.35466406   -0.87943341    0.31750634
    0.60284311    0.33736506    0.72302490    0.33736506    0.71342513   -0.61417375   -0.72302490    0.61417375    0.31626824
    0.00067949   -0.00679687   -0.99997667   -0.00679687    0.99995377   -0.00680134    0.99997667    0.00680134    0.00063326
    0.98500405   -0.11049020    0.13251012   -0.11049020    0.18590777    0.97633509   -0.13251012   -0.97633509    0.17091182
    0.99986365    0.01125039    0.01208722    0.01125039    0.07168616   -0.99736379   -0.01208722    0.99736379    0.07154982
    0.31339235    0.29877326   -0.90139878    0.29877326    0.86999058    0.39223836    0.90139878   -0.39223836    0.18338293
    0.28941238    0.08399494    0.95351210    0.08399494    0.99007139   -0.11270980   -0.95351210    0.11270980    0.27948377
    0.61787733   -0.46891391    0.63114764   -0.46891391    0.42458200    0.77449975   -0.63114764   -0.77449975    0.04245934
    0.99988159    0.00834411   -0.01292969    0.00834411    0.41199586    0.91114751    0.01292969   -0.91114751    0.41187745
    0.68928379    0.20601086    0.69458432    0.20601086    0.86341081   -0.46052285   -0.69458432    0.46052285    0.55269460
    0.70500903    0.08351364   -0.70426398    0.08351364    0.97635681    0.19938117    0.70426398   -0.19938117    0.68136584
    0.79244063   -0.31111649    0.52463738   -0.31111649    0.53365887    0.78639350   -0.52463738   -0.78639350    0.32609950
    0.99872726   -0.01720874   -0.04741012   -0.01720874    0.76732036   -0.64103301    0.04741012    0.64103301    0.76604762
    0.49179536    0.42050654   -0.76243792    0.42050654    0.65205798    0.63086817    0.76243792   -0.63086817    0.14385333
    0.43700049    0.24281657    0.86606621    0.24281657    0.89527542   -0.37352648   -0.86606621    0.37352648    0.33227592
    0.39377312   -0.28882302   -0.87265342   -0.28882302    0.86239684   -0.41575589    0.87265342    0.41575589    0.25616995
    0.86008241   -0.31961210    0.39762590   -0.31961210    0.26991385    0.90829214   -0.39762590   -0.90829214    0.12999626
    0.82004939    0.32586758    0.47045650    0.32586758    0.40989541   -0.85193666   -0.47045650    0.85193666    0.22994480
    0.51285291    0.16781981   -0.84191354    0.16781981    0.94218689    0.29003513    0.84191354   -0.29003513    0.45503980
    0.52233705   -0.20533786    0.82764749   -0.20533786    0.91172931    0.35578930   -0.82764749   -0.35578930    0.43406636
    0.95029296   -0.09015379   -0.29801942   -0.09015379    0.83648781   -0.54051868    0.29801942    0.54051868    0.78678077
    0.90508811    0.11752186   -0.40866138    0.11752186    0.85448201    0.50601295    0.40866138   -0.50601295    0.75957012
    0.86522447    0.16739090    0.47261707    0.16739090    0.79210088   -0.58698934   -0.47261707    0.58698934    0.65732535
    0.27540271   -0.09994457   -0.95611946   -0.09994457    0.98621453   -0.13187870    0.95611946    0.13187870    0.26161724
    0.95239366   -0.16138502    0.25865264   -0.16138502    0.45290636    0.87682992   -0.25865264   -0.87682992    0.40530002
    0.95777063   -0.12180490   -0.26045920   -0.12180490    0.64867032   -0.75125920    0.26045920    0.75125920    0.60644095
    0.50045397    0.01465674   -0.86563907    0.01465674    0.99956997    0.02539796    0.86563907   -0.02539796    0.50002394
    0.57726798   -0.36600264    0.72993407   -0.36600264    0.68311382    0.63197909   -0.72993407   -0.63197909    0.26038180
    0.89628502   -0.07205994   -0.43758489   -0.07205994    0.94993361   -0.30402878    0.43758489    0.30402878    0.84621863
    0.71833205   -0.24228651    0.65214746   -0.24228651    0.79158880    0.56096740   -0.65214746   -0.56096740    0.50992085
    0.94895648    0.14731375    0.27889113    0.14731375    0.57484631   -0.80489153   -0.27889113    0.80489153    0.52380279
    0.86509528    0.06736143   -0.49706398    0.06736143    0.96636469    0.24819695    0.49706398   -0.24819695    0.83145997
    0.34415678   -0.31876133    0.88314626   -0.31876133    0.84507153    0.42923807   -0.88314626   -0.42923807    0.18922830
    0.93373473   -0.19279741   -0.30161005   -0.19279741    0.43906004   -0.87752803    0.30161005    0.87752803    0.37279477
    0.73999612    0.32599700   -0.58832958    0.32599700    0.59125977    0.73765700    0.58832958   -0.73765700    0.33125589
    0.80941247    0.26225521    0.52542711    0.26225521    0.63912750   -0.72300639   -0.52542711    0.72300639    0.44853997
    0.71377879   -0.02676187   -0.69985973   -0.02676187    0.99749775   -0.06543735    0.69985973    0.06543735    0.71127653
    0.86694081    0.01961804    0.49802486    0.01961804    0.99710755   -0.07342799   -0.49802486    0.07342799    0.86404836
    0.98895340    0.03442127    0.14417472    0.03442127    0.89274314   -0.44924921   -0.14417472    0.44924921    0.88169654
    0.99971387    0.00085497   -0.02390493    0.00085497    0.99744529    0.07142936    0.02390493   -0.07142936    0.99715917
    0.75971158    0.09643240    0.64307006    0.09643240    0.96129981   -0.25807649   -0.64307006    0.25807649    0.72101139
    0.99082100   -0.02655760   -0.13254602   -0.02655760    0.92316091   -0.38349528    0.13254602    0.38349528    0.91398191
    0.96099426    0.02100686   -0.27576935    0.02100686    0.98868659    0.14851783    0.27576935   -0.14851783    0.94968085
    0.96939090   -0.01667406   -0.24495564   -0.01667406    0.99091694   -0.13343762    0.24495564    0.13343762    0.96030784
