# Rotation matrices: 64 entries, row-major flattening of 3x3 -> 1x9
# https://github.com/Neurophysics-CFIN/GFO
# Col:  1    2    3    4    5    6    7    8    9
#       R11  R12  R13  R21  R22  R23  R31  R32  R33
# where Rij = R(i,j), i = row index, j = column index

    0.98707032   -0.01261261    0.15979081   -0.01261261    0.98769669    0.15587230   -0.15979081   -0.15587230    0.97476701
    0.99033054   -0.02712047   -0.13605108   -0.02712047    0.92393369   -0.38159011    0.13605108    0.38159011    0.91426424
    0.99997077   -0.00196718    0.00738892   -0.00196718    0.86762458    0.49721597   -0.00738892   -0.49721597    0.86759535
    0.90243170    0.09171491    0.42095771    0.09171491    0.91378732   -0.39570331   -0.42095771    0.39570331    0.81621902
    0.98738634    0.02013489   -0.15704396    0.02013489    0.96785915    0.25068558    0.15704396   -0.25068558    0.95524548
    0.85274756   -0.05669666    0.51923702   -0.05669666    0.97817006    0.19992204   -0.51923702   -0.19992204    0.83091762
    0.94150380   -0.10687338   -0.31960707   -0.10687338    0.80474083   -0.58392660    0.31960707    0.58392660    0.74624463
    0.97038588    0.09256563   -0.22312070    0.09256563    0.71066517    0.69741424    0.22312070   -0.69741424    0.68105105
    0.73070973    0.07196229    0.67888491    0.07196229    0.98076956   -0.18141803   -0.67888491    0.18141803    0.71147929
    0.60427024   -0.17957837   -0.77627900   -0.17957837    0.91850906   -0.35226796    0.77627900    0.35226796    0.52277930
    0.91151280   -0.14916385    0.38326825   -0.14916385    0.74855283    0.64607957   -0.38326825   -0.64607957    0.66006563
    0.99928150   -0.01443233   -0.03504555   -0.01443233    0.71010130   -0.70395160    0.03504555    0.70395160    0.70938280
    0.89147137    0.02736157   -0.45225008    0.02736157    0.99310177    0.11401852    0.45225008   -0.11401852    0.88457314
    0.48905171   -0.18977632    0.85135972   -0.18977632    0.92951331    0.31621188   -0.85135972   -0.31621188    0.41856502
    0.81423135   -0.23563350   -0.53056966   -0.23563350    0.70111670   -0.67298754    0.53056966    0.67298754    0.51534805
    0.98507617    0.09041780   -0.14645670    0.09041780    0.45219308    0.88732522    0.14645670   -0.88732522    0.43726925
    0.75586160    0.19461387    0.62513893    0.19461387    0.84486439   -0.49832681   -0.62513893    0.49832681    0.60072599
    0.15581879   -0.01362918   -0.98769163   -0.01362918    0.99977996   -0.01594614    0.98769163    0.01594614    0.15559875
    0.84935500   -0.26024005    0.45920715   -0.26024005    0.55043392    0.79328281   -0.45920715   -0.79328281    0.39978892
    0.99461305    0.05273719    0.08923939    0.05273719    0.48371311   -0.87363632   -0.08923939    0.87363632    0.47832616
    0.58106212    0.26021246   -0.77113960    0.26021246    0.83837574    0.47897348    0.77113960   -0.47897348    0.41943786
    0.41236945    0.01357653    0.91091554    0.01357653    0.99968633   -0.02104567   -0.91091554    0.02104567    0.41205578
    0.57090664   -0.33169168   -0.75103012   -0.33169168    0.74360040   -0.58055067    0.75103012    0.58055067    0.31450703
    0.93143068   -0.24017347    0.27341103   -0.24017347    0.15875942    0.95765973   -0.27341103   -0.95765973    0.09019010
    0.64715967    0.37743815   -0.66236304    0.37743815    0.59624921    0.70853886    0.66236304   -0.70853886    0.24340889
    0.27109380    0.21387078   -0.93849211    0.21387078    0.93724747    0.27536607    0.93849211   -0.27536607    0.20834127
    0.26664184   -0.32468740    0.90745811   -0.32468740    0.85624772    0.40176851   -0.90745811   -0.40176851    0.12288956
    0.95573540   -0.18148590   -0.23158739   -0.18148590    0.25590362   -0.94951367    0.23158739    0.94951367    0.21163902
    0.82965092    0.20853903   -0.51787144    0.20853903    0.74470936    0.63397117    0.51787144   -0.63397117    0.57436028
    0.52323989    0.17494162    0.83403564    0.17494162    0.93580719   -0.30603976   -0.83403564    0.30603976    0.45904708
    0.28366721   -0.25816679   -0.92351655   -0.25816679    0.90695653   -0.33283595    0.92351655    0.33283595    0.19062374
    0.72422371   -0.41190849    0.55302027   -0.41190849    0.38476000    0.82600916   -0.55302027   -0.82600916    0.10898371
    0.87349920    0.32664003   -0.36097845    0.32664003    0.15657680    0.93208905    0.36097845   -0.93208905    0.03007600
    0.63092903    0.45568292    0.62791849    0.45568292    0.43737942   -0.77527564   -0.62791849    0.77527564    0.06830845
    0.17871409    0.20331545    0.96266510    0.20331545    0.94966774   -0.23831493   -0.96266510    0.23831493    0.12838184
    0.41380583   -0.48615708   -0.76968567   -0.48615708    0.59680816   -0.63833480    0.76968567    0.63833480    0.01061399
    0.99557188    0.06069937    0.07177896    0.06069937    0.16795099   -0.98392482   -0.07177896    0.98392482    0.16352287
    0.31956984    0.42631816   -0.84624343    0.42631816    0.73289371    0.53020716    0.84624343   -0.53020716    0.05246355
    0.14543397   -0.08231062    0.98593809   -0.08231062    0.99207195    0.09496420   -0.98593809   -0.09496420    0.13750593
    0.77513668   -0.35410002   -0.52323637   -0.35410002    0.44238648   -0.82395836    0.52323637    0.82395836    0.21752316
    0.99796955    0.04155314   -0.04827121    0.04155314    0.14961438    0.98787088    0.04827121   -0.98787088    0.14758393
    0.75618091    0.29897688    0.58206809    0.29897688    0.63338730   -0.71374600   -0.58206809    0.71374600    0.38956821
    0.54425535    0.10327463   -0.83253856    0.10327463    0.97659731    0.18865853    0.83253856   -0.18865853    0.52085266
    0.61912929   -0.32456480    0.71507805   -0.32456480    0.72341715    0.60936469   -0.71507805   -0.60936469    0.34254644
    0.95782280   -0.14026497   -0.25080116   -0.14026497    0.53353323   -0.83406716    0.25080116    0.83406716    0.49135603
    0.86749975    0.26808005   -0.41901940    0.26808005    0.45760919    0.84777763    0.41901940   -0.84777763    0.32510895
    0.47926270    0.34328408    0.80775201    0.34328408    0.77369787   -0.53249192   -0.80775201    0.53249192    0.25296057
    0.44329450   -0.05629450   -0.89460657   -0.05629450    0.99430746   -0.09046332    0.89460657    0.09046332    0.43760195
    0.97949092   -0.10896470    0.16948223   -0.10896470    0.42107070    0.90045886   -0.16948223   -0.90045886    0.40056162
    0.90367361    0.24214637    0.35318429    0.24214637    0.39128971   -0.88783867   -0.35318429    0.88783867    0.29496331
    0.76840044    0.12074178   -0.62847609    0.12074178    0.93705265    0.32764881    0.62847609   -0.32764881    0.70545309
    0.65777737   -0.05580452    0.75114232   -0.05580452    0.99090024    0.12248499   -0.75114232   -0.12248499    0.64867761
    0.81634256   -0.12851002   -0.56308969   -0.12851002    0.91007810   -0.39400892    0.56308969    0.39400892    0.72642066
    0.99476656   -0.04132180    0.09344518   -0.04132180    0.67373454    0.73781724   -0.09344518   -0.73781724    0.66850110
    0.93076229    0.14525183    0.33553460    0.14525183    0.69528031   -0.70390852   -0.33553460    0.70390852    0.62604259
    0.72448158   -0.02000407   -0.68900382   -0.02000407    0.99854760   -0.05002526    0.68900382    0.05002526    0.72302919
    0.75854002   -0.17655540    0.62725213   -0.17655540    0.87090279    0.45864640   -0.62725213   -0.45864640    0.62944281
    0.98878360    0.03977934    0.14396037    0.03977934    0.85892121   -0.51056044   -0.14396037    0.51056044    0.84770481
    0.92876412    0.08859883   -0.35992702    0.08859883    0.88980620    0.44765520    0.35992702   -0.44765520    0.81857032
    0.89916719    0.01853098    0.43721272    0.01853098    0.99659439   -0.08035065   -0.43721272    0.08035065    0.89576158
    0.91202615   -0.04209610   -0.40796595   -0.04209610    0.97985673   -0.19521454    0.40796595    0.19521454    0.89188288
    0.94795787   -0.06886944    0.31085830   -0.06886944    0.90886232    0.41137123   -0.31085830   -0.41137123    0.85682018
    0.98767171    0.01483513    0.15583488    0.01483513    0.98214829   -0.18752241   -0.15583488    0.18752241    0.96982000
    0.99115074   -0.00368700   -0.13268995   -0.00368700    0.99846383   -0.05528453    0.13268995    0.05528453    0.98961457
