# Rotation matrices: 96 entries, row-major flattening of 3x3 -> 1x9
# https://github.com/Neurophysics-CFIN/GFO
# Col:  1    2    3    4    5    6    7    8    9
#       R11  R12  R13  R21  R22  R23  R31  R32  R33
# where Rij = R(i,j), i = row index, j = column index

    0.15313321    0.62031421    0.76925971    0.62031421    0.54563135   -0.56346846   -0.76925971    0.56346846   -0.30123544
    0.72288574    0.54974925   -0.41858328    0.54974925   -0.09061238    0.83040060    0.41858328   -0.83040060   -0.36772664
    0.63629165   -0.52746073    0.56295481   -0.52746073    0.23506067    0.81641390   -0.56295481   -0.81641390   -0.12864767
    0.93758281   -0.05688853    0.34307751   -0.05688853    0.94815043    0.31268908   -0.34307751   -0.31268908    0.88573324
    0.63194810    0.53288198    0.56274186    0.53288198    0.22846968   -0.81476279   -0.56274186    0.81476279   -0.13958222
    0.99202596    0.01588335   -0.12502884    0.01588335    0.96836224    0.24904277    0.12502884   -0.24904277    0.96038820
    0.27031427    0.37248589    0.88779753    0.37248589    0.80985548   -0.45319792   -0.88779753    0.45319792    0.08016975
   -0.16109190    0.13155201    0.97813264    0.13155201    0.98509512   -0.11082268   -0.97813264    0.11082268   -0.17599678
    0.56572146    0.10247344    0.81820439    0.10247344    0.97582011   -0.19306553   -0.81820439    0.19306553    0.54154158
    0.87368160   -0.41015349    0.26163825   -0.41015349   -0.33176073    0.84953454   -0.26163825   -0.84953454   -0.45807913
    0.98201684   -0.09056433    0.16565336   -0.09056433    0.54391243    0.83424060   -0.16565336   -0.83424060    0.52592926
    0.59427611   -0.02996995    0.80370250   -0.02996995    0.99778619    0.05936776   -0.80370250   -0.05936776    0.59206229
    0.34448210    0.03604911    0.93810050    0.03604911    0.99801754   -0.05158927   -0.93810050    0.05158927    0.34249964
    0.33633764   -0.65219924    0.67934759   -0.65219924    0.35906589    0.66761354   -0.67934759   -0.66761354   -0.30459647
   -0.58598045    0.69618055   -0.41468005    0.69618055    0.69440521    0.18202758    0.41468005   -0.18202758   -0.89157524
    0.96126503   -0.22004763   -0.16597767   -0.22004763   -0.25005796   -0.94289451    0.16597767    0.94289451   -0.28879294
    0.99383955    0.04263786   -0.10229842    0.04263786    0.70489389    0.70803009    0.10229842   -0.70803009    0.69873344
    0.82266475   -0.12126850    0.55544276   -0.12126850    0.91707205    0.37983260   -0.55544276   -0.37983260    0.73973680
    0.72694791   -0.22740142   -0.64794702   -0.22740142    0.81061707   -0.53961890    0.64794702    0.53961890    0.53756497
    0.76794594    0.03339558    0.63964347    0.03339558    0.99519394   -0.09205297   -0.63964347    0.09205297    0.76313988
   -0.02670179   -0.56760300    0.82286928   -0.56760300    0.68620571    0.45491600   -0.82286928   -0.45491600   -0.34049609
    0.60106078   -0.63782680    0.48156298   -0.63782680   -0.01976193    0.76992626   -0.48156298   -0.76992626   -0.41870115
    0.74532761    0.29094987    0.59986242    0.29094987    0.66760501   -0.68531141   -0.59986242    0.68531141    0.41293262
    0.85550517   -0.33499349    0.39482942   -0.33499349    0.22335879    0.91536343   -0.39482942   -0.91536343    0.07886396
    0.15474710   -0.77770599   -0.60928379   -0.77770599    0.28444303   -0.56059393    0.60928379    0.56059393   -0.56080987
    0.98957071    0.10050227    0.10319446    0.10050227    0.03150553   -0.99443788   -0.10319446    0.99443788    0.02107624
    0.99251913   -0.07566326   -0.09581675   -0.07566326    0.23472430   -0.96911278    0.09581675    0.96911278    0.22724343
    0.22474530   -0.26082284    0.93886154   -0.26082284    0.91225006    0.31586591   -0.93886154   -0.31586591    0.13699536
   -0.15523461   -0.82500589    0.54338523   -0.82500589    0.41082556    0.38805625   -0.54338523   -0.38805625   -0.74440906
    0.92799790   -0.01126716    0.37241501   -0.01126716    0.99823687    0.05827693   -0.37241501   -0.05827693    0.92623478
    0.63907657   -0.65623392   -0.40117101   -0.65623392   -0.19316986   -0.72941240    0.40117101    0.72941240   -0.55409329
    0.81703205    0.20647813   -0.53835436    0.20647813    0.76699080    0.60752934    0.53835436   -0.60752934    0.58402284
   -0.91291649    0.19867300    0.35652842    0.19867300    0.97936608   -0.03702858   -0.35652842    0.03702858   -0.93355041
    0.37113998    0.52674604    0.76471807    0.52674604    0.55878673   -0.64054353   -0.76471807    0.64054353   -0.07007329
    0.28446735    0.29777520   -0.91126739    0.29777520    0.87607824    0.37923193    0.91126739   -0.37923193    0.16054559
    0.45667626   -0.88187270   -0.11724902   -0.88187270   -0.43137397   -0.19030773    0.11724902    0.19030773   -0.97469772
   -0.62657087   -0.12921769    0.76857774   -0.12921769    0.98973472    0.06105719   -0.76857774   -0.06105719   -0.63683615
    0.82457766    0.45486184    0.33641103    0.45486184   -0.17943529   -0.87229793   -0.33641103    0.87229793   -0.35485762
   -0.26737776    0.39574296    0.87857649    0.39574296    0.87642793   -0.27433846   -0.87857649    0.27433846   -0.39094983
    0.97656543   -0.08293072   -0.19860126   -0.08293072    0.70652317   -0.70281399    0.19860126    0.70281399    0.68308860
    0.81127293    0.12330320   -0.57151777    0.12330320    0.91944093    0.37339618    0.57151777   -0.37339618    0.73071385
    0.64930553    0.21433243   -0.72970126    0.21433243    0.86900737    0.44596839    0.72970126   -0.44596839    0.51831290
    0.11719364    0.90542154   -0.40801654    0.90542154    0.07138395    0.41846885    0.40801654   -0.41846885   -0.81142241
    0.81564575    0.03679337   -0.57738051    0.03679337    0.99265679    0.11523345    0.57738051   -0.11523345    0.80830254
    0.99373968   -0.00086875   -0.11171703   -0.00086875    0.99987944   -0.01550303    0.11171703    0.01550303    0.99361912
    0.92472840   -0.11511332    0.36280340   -0.11511332    0.82395650    0.55483746   -0.36280340   -0.55483746    0.74868490
   -0.08646401    0.64222215   -0.76162634    0.64222215    0.62037464    0.45020664    0.76162634   -0.45020664   -0.46608937
    0.97686437   -0.14778981    0.15457740   -0.14778981    0.05592247    0.98743650   -0.15457740   -0.98743650    0.03278684
    0.92812312   -0.34503651   -0.13977578   -0.34503651   -0.65630734   -0.67097726    0.13977578    0.67097726   -0.72818421
    0.94722585   -0.07843367   -0.31082365   -0.07843367    0.88343079   -0.46195044    0.31082365    0.46195044    0.83065664
   -0.12883467    0.92237735    0.36417256    0.92237735    0.24632012   -0.29756751   -0.36417256    0.29756751   -0.88251454
    0.88791617   -0.16454422   -0.42956965   -0.16454422    0.75844153   -0.63062797    0.42956965    0.63062797    0.64635770
    0.64828656    0.09044234   -0.75600577    0.09044234    0.97674295    0.19440523    0.75600577   -0.19440523    0.62502951
    0.93767967   -0.03930283   -0.34527108   -0.03930283    0.97521334   -0.21774809    0.34527108    0.21774809    0.91289301
    0.90100836    0.28036692   -0.33102618    0.28036692    0.20593691    0.93754167    0.33102618   -0.93754167    0.10694527
    0.40924945   -0.14336125   -0.90108958   -0.14336125    0.96520960   -0.21867323    0.90108958    0.21867323    0.37445905
    0.15225929   -0.12290046   -0.98066946   -0.12290046    0.98218261   -0.14217169    0.98066946    0.14217169    0.13444190
    0.85014511   -0.39616055    0.34685749   -0.39616055   -0.04730100    0.91696207   -0.34685749   -0.91696207   -0.19715589
    0.37903107   -0.67284731   -0.63530461   -0.67284731    0.27094017   -0.68838065    0.63530461    0.68838065   -0.35002875
    0.65254840    0.43179662    0.62268151    0.43179662    0.46338334   -0.77383950   -0.62268151    0.77383950    0.11593174
    0.97191493   -0.22651012    0.06383203   -0.22651012   -0.82683684    0.51481453   -0.06383203   -0.51481453   -0.85492191
    0.81195282    0.42043505   -0.40492837    0.42043505    0.05999318    0.90533706    0.40492837   -0.90533706   -0.12805400
    0.52874416    0.36936965    0.76419610    0.36936965    0.71048860   -0.59897580   -0.76419610    0.59897580    0.23923276
    0.80497955    0.56169073   -0.19107968    0.56169073   -0.61776101    0.55034067    0.19107968   -0.55034067   -0.81278146
    0.96950026    0.11809944    0.21475978    0.11809944    0.54270173   -0.83158124   -0.21475978    0.83158124    0.51220199
    0.99366044    0.06909313   -0.08868523    0.06909313    0.24697282    0.96655603    0.08868523   -0.96655603    0.24063326
    0.98937844    0.00502652    0.14527573    0.00502652    0.99762127   -0.06874987   -0.14527573    0.06874987    0.98699970
    0.07035505   -0.40102509    0.91336140   -0.40102509    0.82700802    0.39400078   -0.91336140   -0.39400078   -0.10263693
   -0.34768421    0.68690797   -0.63817954    0.68690797    0.64988640    0.32527695    0.63817954   -0.32527695   -0.69779781
    0.65068502   -0.43216138    0.62437612   -0.43216138    0.46534369    0.77245828   -0.62437612   -0.77245828    0.11602871
   -0.42179795    0.03473523    0.90602426    0.03473523    0.99915140   -0.02213462   -0.90602426    0.02213462   -0.42264655
   -0.70210100   -0.39563376   -0.59205415   -0.39563376    0.90803949   -0.13761616    0.59205415    0.13761616   -0.79406151
    0.43233986   -0.45259917   -0.77989502   -0.45259917    0.63913970   -0.62181544    0.77989502    0.62181544    0.07147956
    0.37257844    0.21405521    0.90297601    0.21405521    0.92697153   -0.30806516   -0.90297601    0.30806516    0.29954997
    0.47586549    0.80649310    0.35088590    0.80649310   -0.24096221   -0.53991304   -0.35088590    0.53991304   -0.76509672
    0.99868954    0.02015402    0.04704270    0.02015402    0.69004401   -0.72348675   -0.04704270    0.72348675    0.68873355
    0.99552097   -0.01301224   -0.09364123   -0.01301224    0.96219755   -0.27204144    0.09364123    0.27204144    0.95771853
    0.64545947   -0.14297128   -0.75029413   -0.14297128    0.94234570   -0.30256206    0.75029413    0.30256206    0.58780517
    0.99909939   -0.03636935    0.02185594   -0.03636935   -0.46870198    0.88260735   -0.02185594   -0.88260735   -0.46960259
    0.93330231    0.15416432   -0.32431490    0.15416432    0.64366622    0.74961800    0.32431490   -0.74961800    0.57696854
    0.76022929    0.30638524   -0.57286954    0.30638524    0.60849298    0.73202758    0.57286954   -0.73202758    0.36872227
   -0.10696936   -0.06895945   -0.99186801   -0.06895945    0.99570412   -0.06178913    0.99186801    0.06178913   -0.11126524
    0.39947247   -0.13182015    0.90721838   -0.13182015    0.97106452    0.19914102   -0.90721838   -0.19914102    0.37053699
    0.98555089    0.02727154    0.16716969    0.02727154    0.94852715   -0.31551942   -0.16716969    0.31551942    0.93407804
    0.64729997   -0.14205191    0.74888184   -0.14205191    0.94278780    0.30161634   -0.74888184   -0.30161634    0.59008777
    0.64457729    0.67630320   -0.35655869    0.67630320   -0.28687899    0.67846476    0.35655869   -0.67846476   -0.64230170
    0.80695100    0.18832452    0.55978921    0.18832452    0.81628434   -0.54608950   -0.55978921    0.54608950    0.62323534
   -0.69731404   -0.42489974    0.57724634   -0.42489974    0.89363206    0.14450586   -0.57724634   -0.14450586   -0.80368198
    0.97611761    0.13037856    0.17376954    0.13037856    0.28823852   -0.94864113   -0.17376954    0.94864113    0.26435612
    0.42920443   -0.38866268    0.81530662   -0.38866268    0.73535415    0.55515366   -0.81530662   -0.55515366    0.16455858
    0.87245514   -0.26337097    0.41165249   -0.26337097    0.45615790    0.85003276   -0.41165249   -0.85003276    0.32861304
   -0.06028272   -0.59042518   -0.80483793   -0.59042518    0.67121798   -0.44817912    0.80483793    0.44817912   -0.38906474
    0.10284902    0.17699533    0.97882314    0.17699533    0.96508130   -0.19310811   -0.97882314    0.19310811    0.06793032
    0.99257607   -0.02831861    0.11828272   -0.02831861    0.89197853    0.45118994   -0.11828272   -0.45118994    0.88455460
    0.89831806    0.42269445    0.11980843    0.42269445   -0.75715180   -0.49804674   -0.11980843    0.49804674   -0.85883374
    0.98655661    0.14053954    0.08339483    0.14053954   -0.46922458   -0.87182391   -0.08339483    0.87182391   -0.48266798
