# Rotation matrices: 38 entries, row-major flattening of 3x3 -> 1x9
# https://github.com/Neurophysics-CFIN/GFO
# Col:  1    2    3    4    5    6    7    8    9
#       R11  R12  R13  R21  R22  R23  R31  R32  R33
# where Rij = R(i,j), i = row index, j = column index

    0.91769504    0.00470651    0.39725768    0.00470651    0.99973086   -0.02271669   -0.39725768    0.02271669    0.91742590
    0.99913943   -0.00393199   -0.04129091   -0.00393199    0.98203451   -0.18866043    0.04129091    0.18866043    0.98117394
    0.99622222   -0.03079395    0.08119741   -0.03079395    0.74898810    0.66186747   -0.08119741   -0.66186747    0.74521032
    0.88659938    0.27478018    0.37207177    0.27478018    0.33418227   -0.90156423   -0.37207177    0.90156423    0.22078164
    0.43336573   -0.05888055   -0.89929262   -0.05888055    0.99388156   -0.09344800    0.89929262    0.09344800    0.42724729
    0.66659251   -0.00994145    0.74535602   -0.00994145    0.99970357    0.02222481   -0.74535602   -0.02222481    0.66629608
    0.99880473   -0.01657411   -0.04598272   -0.01657411    0.77017656   -0.63761537    0.04598272    0.63761537    0.76898129
    0.94906425    0.08683691   -0.30288018    0.08683691    0.85195762    0.51635991    0.30288018   -0.51635991    0.80102187
    0.75235146    0.14574117    0.64243816    0.14574117    0.91423132   -0.37807488   -0.64243816    0.37807488    0.66658278
    0.68153540   -0.22440164   -0.69652954   -0.22440164    0.84187851   -0.49079983    0.69652954    0.49079983    0.52341391
    0.76515876   -0.37012509    0.52682016   -0.37012509    0.41665874    0.83030290   -0.52682016   -0.83030290    0.18181750
    0.98880470    0.10130892   -0.10955257    0.10130892    0.08323150    0.99136725    0.10955257   -0.99136725    0.07203620
    0.31612434    0.42477007   -0.84831350    0.42477007    0.73616606    0.52690599    0.84831350   -0.52690599    0.05229040
    0.29777632   -0.09656264    0.94973940   -0.09656264    0.98672169    0.13059848   -0.94973940   -0.13059848    0.28449801
    0.90840393   -0.18643294   -0.37422595   -0.18643294    0.62053786   -0.76169254    0.37422595    0.76169254    0.52894178
    0.95844732    0.14177891   -0.24754289    0.14177891    0.51624641    0.84462322    0.24754289   -0.84462322    0.47469373
    0.40105438    0.18873394    0.89640107    0.18873394    0.94052799   -0.28246522   -0.89640107    0.28246522    0.34158237
    0.24442932   -0.28438021   -0.92702870   -0.28438021    0.89296553   -0.34891325    0.92702870    0.34891325    0.13739485
    0.43084396   -0.38420818    0.81655224   -0.38420818    0.74064068    0.55121272   -0.81655224   -0.55121272    0.17148464
    0.92952219   -0.24029684   -0.27972475   -0.24029684    0.18069862   -0.95373237    0.27972475    0.95373237    0.11022081
    0.73552426    0.39829462   -0.54805607    0.39829462    0.40017710    0.82536034    0.54805607   -0.82536034    0.13570136
    0.45238423    0.19263806   -0.87076925    0.19263806    0.93223457    0.30631568    0.87076925   -0.30631568    0.38461879
    0.64356903   -0.19410257    0.74036686   -0.19410257    0.89429704    0.40318358   -0.74036686   -0.40318358    0.53786607
    0.99999407    0.00187227    0.00289172    0.00187227    0.40924192   -0.91242399   -0.00289172    0.91242399    0.40923599
    0.75992409    0.25454362   -0.59809943    0.25454362    0.73011682    0.63414272    0.59809943   -0.63414272    0.49004090
    0.03773424    0.10105875   -0.99416460    0.10105875    0.98938664    0.10440882    0.99416460   -0.10440882    0.02712088
    0.65110591   -0.39048958   -0.65082945   -0.39048958    0.56295587   -0.72842197    0.65082945    0.72842197    0.21406178
    0.98519134   -0.09463511    0.14297632   -0.09463511    0.39523215    0.91369346   -0.14297632   -0.91369346    0.38042348
    0.63417805    0.34572703    0.69158588    0.34572703    0.67326406   -0.65359645   -0.69158588    0.65359645    0.30744211
    0.75655366    0.10248860   -0.64585033    0.10248860    0.95685327    0.27189685    0.64585033   -0.27189685    0.71340693
    0.90685582   -0.08431824    0.41292004   -0.08431824    0.92367140    0.37379350   -0.41292004   -0.37379350    0.83052722
    0.92031483   -0.08474961   -0.38188758   -0.08474961    0.90986407   -0.40615868    0.38188758    0.40615868    0.83017890
    0.86122902   -0.20705191    0.46412722   -0.20705191    0.69107017    0.69249658   -0.46412722   -0.69249658    0.55229920
    0.91957070    0.16087330    0.35848223    0.16087330    0.67822399   -0.71702998   -0.35848223    0.71702998    0.59779469
    0.75453816   -0.04744275   -0.65453904   -0.04744275    0.99083029   -0.12650899    0.65453904    0.12650899    0.74536845
    0.99888475   -0.00609285    0.04682019   -0.00609285    0.96671343    0.25578901   -0.04682019   -0.25578901    0.96559818
    0.95755192    0.06118645    0.28169229    0.06118645    0.91180329   -0.40604307   -0.28169229    0.40604307    0.86935521
    0.94443531    0.01602056   -0.32830670    0.01602056    0.99538091    0.09465828    0.32830670   -0.09465828    0.93981622
