# Rotation matrices: 57 entries, row-major flattening of 3x3 -> 1x9
# https://github.com/Neurophysics-CFIN/GFO
# Col:  1    2    3    4    5    6    7    8    9
#       R11  R12  R13  R21  R22  R23  R31  R32  R33
# where Rij = R(i,j), i = row index, j = column index

    0.56068812    0.01355585    0.82791610    0.01355585    0.99958171   -0.02554701   -0.82791610    0.02554701    0.56026983
   -0.16074281    0.45387593   -0.87644646    0.45387593    0.82252455    0.34270981    0.87644646   -0.34270981   -0.33821827
    0.91625710    0.35941838   -0.17689359    0.35941838   -0.54259743    0.75921437    0.17689359   -0.75921437   -0.62634032
    0.99994071   -0.00756792    0.00782999   -0.00756792    0.03405840    0.99939119   -0.00782999   -0.99939119    0.03399910
    0.96751102   -0.04646562   -0.24852239   -0.04646562    0.93354504   -0.35543579    0.24852239    0.35543579    0.90105606
    0.03712008    0.71925423    0.69375460    0.71925423    0.46272983   -0.51822239   -0.69375460    0.51822239   -0.50015008
    0.49055314   -0.57078271   -0.65845631   -0.57078271    0.36049680   -0.73773245    0.65845631    0.73773245   -0.14895006
    0.09342795    0.92547403   -0.36710903    0.92547403    0.05522988    0.37476323    0.36710903   -0.37476323   -0.85134217
    0.66085836    0.38298825   -0.64543491    0.38298825    0.56749635    0.72888127    0.64543491   -0.72888127    0.22835471
    0.89133773    0.44930969   -0.06031464    0.44930969   -0.85785917    0.24939617    0.06031464   -0.24939617   -0.96652144
    0.98257537   -0.07393312    0.17052724   -0.07393312    0.68630006    0.72355105   -0.17052724   -0.72355105    0.66887543
    0.71549629    0.55797478   -0.42039173    0.55797478   -0.09431211    0.82448127    0.42039173   -0.82448127   -0.37881582
   -0.14201857   -0.41256650    0.89978865   -0.41256650    0.85095591    0.32505833   -0.89978865   -0.32505833   -0.29106266
    0.26018701   -0.60111821    0.75561870   -0.60111821    0.51157507    0.61396078   -0.75561870   -0.61396078   -0.22823792
    0.64596736    0.30739932    0.69873588    0.30739932    0.73309144   -0.60669811   -0.69873588    0.60669811    0.37905880
    0.26674243    0.93398475    0.23774138    0.93398475   -0.18966042   -0.30282241   -0.23774138    0.30282241   -0.92291799
    0.59400868    0.52446943   -0.60998812    0.52446943    0.32247767    0.78799744    0.60998812   -0.78799744   -0.08351365
    0.79824129    0.00993715    0.60225584    0.00993715    0.99951057   -0.02966270   -0.60225584    0.02966270    0.79775186
    0.83078086    0.02922056   -0.55583211    0.02922056    0.99495423    0.09598043    0.55583211   -0.09598043    0.82573508
    0.91051317   -0.13067616   -0.39228753   -0.13067616    0.80917574   -0.57285108    0.39228753    0.57285108    0.71968891
   -0.25606828    0.03166380   -0.96613997    0.03166380    0.99920180    0.02435510    0.96613997   -0.02435510   -0.25686648
    0.97949970   -0.16561133   -0.11468752   -0.16561133   -0.33788827   -0.92650116    0.11468752    0.92650116   -0.35838858
    0.86929910    0.16956040    0.46429339    0.16956040    0.78002654   -0.60233535   -0.46429339    0.60233535    0.64932563
    0.85999941    0.12316892   -0.49520746    0.12316892    0.89163915    0.43567079    0.49520746   -0.43567079    0.75163856
   -0.07447547   -0.71208763    0.69812937   -0.71208763    0.52807783    0.46267160   -0.69812937   -0.46267160   -0.54639764
    0.87113103    0.21449223   -0.44172821    0.21449223    0.64299462    0.73522174    0.44172821   -0.73522174    0.51412565
   -0.48951369    0.39532687    0.77723420    0.39532687    0.89507761   -0.20628315   -0.77723420    0.20628315   -0.59443608
    0.88930502    0.32438798   -0.32234922    0.32438798    0.04939174    0.94463373    0.32234922   -0.94463373   -0.06130324
   -0.91051538    0.26025210   -0.32129518    0.26025210    0.96454823    0.04376711    0.32129518   -0.04376711   -0.94596715
    0.30540490   -0.83262381   -0.46202320   -0.83262381    0.00191866   -0.55383564    0.46202320    0.55383564   -0.69267644
    0.99403532    0.06287914    0.08910670    0.06287914    0.33713394   -0.93935452   -0.08910670    0.93935452    0.33116925
   -0.07632363    0.46879703    0.88000230    0.46879703    0.79581360   -0.38328849   -0.88000230    0.38328849   -0.28051003
   -0.32165814    0.03343436    0.94626539    0.03343436    0.99915420   -0.02393794   -0.94626539    0.02393794   -0.32250394
   -0.39952702   -0.59851331   -0.69437740   -0.59851331    0.74404339   -0.29695327    0.69437740    0.29695327   -0.65548362
    0.99835853    0.05469561   -0.01698951    0.05469561   -0.82251448    0.56610804    0.01698951   -0.56610804   -0.82415596
   -0.50813096   -0.66366255    0.54895805   -0.66366255    0.70795110    0.24157246   -0.54895805   -0.24157246   -0.80017986
   -0.26843045   -0.87683760   -0.39887456   -0.87683760    0.39386178   -0.27573306    0.39887456    0.27573306   -0.87456867
    0.56030328   -0.66877432    0.48867285   -0.66877432   -0.01719904    0.74326651   -0.48867285   -0.74326651   -0.45689577
    0.28254602   -0.39168600    0.87564252   -0.39168600    0.78616339    0.47804727   -0.87564252   -0.47804727    0.06870942
    0.96635815    0.22543944    0.12381025    0.22543944   -0.51070607   -0.82967245   -0.12381025    0.82967245   -0.54434792
    0.99890442   -0.00318311    0.04668861   -0.00318311    0.99075175    0.13564969   -0.04668861   -0.13564969    0.98965617
    0.98261416   -0.08375570   -0.16569368   -0.08375570    0.59650975   -0.79822372    0.16569368    0.79822372    0.57912391
    0.71350599    0.13923365    0.68667546    0.13923365    0.93233363   -0.33371843   -0.68667546    0.33371843    0.64583963
   -0.23186091   -0.39331396   -0.88968795   -0.39331396    0.87442099   -0.28406348    0.88968795    0.28406348   -0.35743992
    0.86857807   -0.36052684   -0.33998903   -0.36052684    0.01097481   -0.93268427    0.33998903    0.93268427   -0.12044712
    0.31002205    0.43684470    0.84442467    0.43684470    0.72342117   -0.53462933   -0.84442467    0.53462933    0.03344322
    0.96076109   -0.16676754   -0.22164549   -0.16676754    0.29122878   -0.94200551    0.22164549    0.94200551    0.25198986
    0.04507705   -0.15512163   -0.98686642   -0.15512163    0.97480140   -0.16031066    0.98686642    0.16031066    0.01987845
    0.75734613   -0.38710264   -0.52590720   -0.38710264    0.38246006   -0.83897309    0.52590720    0.83897309    0.13980619
    0.88283539    0.36527373    0.29525715    0.36527373   -0.13878151   -0.92049704   -0.29525715    0.92049704   -0.25594612
    0.97946380    0.06475824   -0.19093727    0.06475824    0.79579336    0.60209576    0.19093727   -0.60209576    0.77525715
    0.88763478   -0.44548099   -0.11683828   -0.44548099   -0.76614538   -0.46321478    0.11683828    0.46321478   -0.87851060
    0.03027613    0.21327575    0.97652282    0.21327575    0.95309330   -0.21477107   -0.97652282    0.21477107   -0.01663057
   -0.93798970   -0.23204486    0.25754708   -0.23204486    0.97221615    0.03083736   -0.25754708   -0.03083736   -0.96577355
    0.64960114   -0.61567611   -0.44605078   -0.61567611   -0.08178738   -0.78374343    0.44605078    0.78374343   -0.43218624
    0.63727139   -0.28207041    0.71716208   -0.28207041    0.78065221    0.55769025   -0.71716208   -0.55769025    0.41792360
    0.60502355   -0.06550866   -0.79350811   -0.06550866    0.98913509   -0.13160697    0.79350811    0.13160697    0.59415864
