# Rotation matrices: 45 entries, row-major flattening of 3x3 -> 1x9
# https://github.com/Neurophysics-CFIN/GFO
# Col:  1    2    3    4    5    6    7    8    9
#       R11  R12  R13  R21  R22  R23  R31  R32  R33
# where Rij = R(i,j), i = row index, j = column index

    0.86009871    0.04179311    0.50841278    0.04179311    0.98751502   -0.15187960   -0.50841278    0.15187960    0.84761373
    0.31388537    0.45476953    0.83346305    0.45476953    0.69857030   -0.55243480   -0.83346305    0.55243480    0.01245567
    0.99635454   -0.04599085   -0.07185038   -0.04599085    0.41978337   -0.90645836    0.07185038    0.90645836    0.41613790
    0.62187512   -0.47776870   -0.62049046   -0.47776870    0.39632926   -0.78400267    0.62049046    0.78400267    0.01820438
    0.64526056   -0.34080119    0.68373486   -0.34080119    0.67258941    0.65686988   -0.68373486   -0.65686988    0.31784997
    0.99547544    0.01287186   -0.09414333    0.01287186    0.96338102    0.26782705    0.09414333   -0.26782705    0.95885646
    0.89413497    0.13462751    0.42708090    0.13462751    0.82879554   -0.54311452   -0.42708090    0.54311452    0.72293051
   -0.30626209    0.61638420   -0.72544748    0.61638420    0.70914758    0.34231596    0.72544748   -0.34231596   -0.59711451
    0.94552875    0.15109694   -0.28834892    0.15109694    0.58087460    0.79984650    0.28834892   -0.79984650    0.52640335
    0.66475930    0.73177867   -0.15031652    0.73177867   -0.59735980    0.32811774    0.15031652   -0.32811774   -0.93260050
    0.40608623    0.64583070    0.64652663    0.64583070    0.29771405   -0.70304271   -0.64652663    0.70304271   -0.29619972
    0.33198185    0.20284069    0.92121860    0.20284069    0.93840834   -0.27972387   -0.92121860    0.27972387    0.27039019
    0.58511311   -0.00470062    0.81093807   -0.00470062    0.99994674    0.00918782   -0.81093807   -0.00918782    0.58505985
    0.79659484   -0.47687574   -0.37151875   -0.47687574   -0.11801723   -0.87101175    0.37151875    0.87101175   -0.32142239
    0.63401789    0.07037125   -0.77010986    0.07037125    0.98646897    0.14807717    0.77010986   -0.14807717    0.62048687
    0.97526312   -0.05395774    0.21436048   -0.05395774    0.88230379    0.46757735   -0.21436048   -0.46757735    0.85756691
   -0.24026328   -0.55418717   -0.79696307   -0.55418717    0.75237240   -0.35610722    0.79696307    0.35610722   -0.48789088
   -0.49997349   -0.66758698   -0.55168300   -0.66758698    0.70287983   -0.24553526    0.55168300    0.24553526   -0.79709366
    0.88404619    0.05640323   -0.46398384    0.05640323    0.97256386    0.22569495    0.46398384   -0.22569495    0.85661006
    0.13210825    0.15377349   -0.97923497    0.15377349    0.97275434    0.17350134    0.97923497   -0.17350134    0.10486259
    0.25867104   -0.37377525    0.89071957   -0.37377525    0.81154394    0.44909743   -0.89071957   -0.44909743    0.07021498
    0.97326659   -0.00757711    0.22955332   -0.00757711    0.99785240    0.06506283   -0.22955332   -0.06506283    0.97111899
    0.97806306    0.06344226   -0.19841305    0.06344226    0.81652318    0.57381615    0.19841305   -0.57381615    0.79458624
    0.52938401   -0.81247957    0.24419158   -0.81247957   -0.40267874    0.42157655   -0.24419158   -0.42157655   -0.87329473
    0.11162361   -0.60129105    0.79119482   -0.60129105    0.59302055    0.53551442   -0.79119482   -0.53551442   -0.29535583
    0.66461713    0.50949518   -0.54653338    0.50949518    0.22600301    0.83026340    0.54653338   -0.83026340   -0.10937986
    0.22558534   -0.07862782    0.97104527   -0.07862782    0.99201676    0.09859211   -0.97104527   -0.09859211    0.21760211
    0.93784088   -0.23387886   -0.25642768   -0.23387886    0.12001125   -0.96483054    0.25642768    0.96483054    0.05785213
    0.99964586   -0.02120066   -0.01608376   -0.02120066   -0.26918063   -0.96285633    0.01608376    0.96285633   -0.26953477
    0.99650675    0.03019737    0.07786146    0.03019737    0.73895881   -0.67307355   -0.07786146    0.67307355    0.73546556
    0.96863580   -0.22314358   -0.10932354   -0.22314358   -0.58757602   -0.77779262    0.10932354    0.77779262   -0.61894022
    0.66927127    0.30824133    0.67606453    0.30824133    0.71271708   -0.63009654   -0.67606453    0.63009654    0.38198835
    0.83486516   -0.04476965   -0.54863088   -0.04476965    0.98786252   -0.14873912    0.54863088    0.14873912    0.82272767
    0.92674403    0.18609739    0.32636369    0.18609739    0.52724341   -0.82908512   -0.32636369    0.82908512    0.45398745
   -0.44862527   -0.32465363    0.83266763   -0.32465363    0.92724138    0.18661042   -0.83266763   -0.18661042   -0.52138390
    0.84954132    0.39474003    0.34994265    0.39474003   -0.03563109   -0.91810170   -0.34994265    0.91810170   -0.18608977
    0.63720092   -0.59969634    0.48408604   -0.59969634    0.00871939    0.80018015   -0.48408604   -0.80018015   -0.35407970
   -0.13667131    0.50800658    0.85044122    0.50800658    0.77295927   -0.38008326   -0.85044122    0.38008326   -0.36371204
    0.80046825    0.18218318   -0.57101653    0.18218318    0.83365700    0.52136867    0.57101653   -0.52136867    0.63412525
    0.97627720    0.16159752   -0.14411478    0.16159752   -0.10078739    0.98169656    0.14411478   -0.98169656   -0.12451018
    0.00332609   -0.79623197    0.60498230   -0.79623197    0.36389892    0.48331380   -0.60498230   -0.48331380   -0.63277499
    0.75899009   -0.58239062    0.29112748   -0.58239062   -0.40732317    0.70349769   -0.29112748   -0.70349769   -0.64833309
    0.21645517   -0.13780665   -0.96651771   -0.13780665    0.97576313   -0.16998717    0.96651771    0.16998717    0.19221831
    0.37465657   -0.79427954   -0.47828075   -0.79427954   -0.00885361   -0.60748797    0.47828075    0.60748797   -0.63419705
   -0.61049803   -0.77230070    0.17562399   -0.77230070    0.62964974    0.08421900   -0.17562399   -0.08421900   -0.98084829
