# Rotation matrices: 97 entries, row-major flattening of 3x3 -> 1x9
# https://github.com/Neurophysics-CFIN/GFO
# Col:  1    2    3    4    5    6    7    8    9
#       R11  R12  R13  R21  R22  R23  R31  R32  R33
# where Rij = R(i,j), i = row index, j = column index

    0.33899437    0.51737039   -0.78575486    0.51737039    0.59505320    0.61501185    0.78575486   -0.61501185   -0.06595243
    0.13221703    0.35275283    0.92632829    0.35275283    0.85660636   -0.37655144   -0.92632829    0.37655144   -0.01117662
    0.99906649    0.03683992    0.02256023    0.03683992   -0.45384966   -0.89031641   -0.02256023    0.89031641   -0.45478317
    0.84197197   -0.29332371   -0.45281830   -0.29332371    0.45554724   -0.84049861    0.45281830    0.84049861    0.29751921
    0.40335366   -0.23066334    0.88549435   -0.23066334    0.91082561    0.34233191   -0.88549435   -0.34233191    0.31417927
    0.69234554    0.65900017    0.29389867    0.65900017   -0.41158761   -0.62953508   -0.29389867    0.62953508   -0.71924207
   -0.04813953    0.63554822   -0.77055892    0.63554822    0.61462999    0.46723488    0.77055892   -0.46723488   -0.43350954
    0.96840810    0.24506451    0.04614268    0.24506451   -0.90101276   -0.35793770   -0.04614268    0.35793770   -0.93260466
    0.76672837    0.07638229    0.63741145    0.07638229    0.97498944   -0.20871353   -0.63741145    0.20871353    0.74171781
   -0.18986795    0.40839214    0.89284154    0.40839214    0.85982971   -0.30644532   -0.89284154    0.30644532   -0.33003825
    0.49532429   -0.56890895   -0.65650320   -0.56890895    0.35868245   -0.74006048    0.65650320    0.74006048   -0.14599326
    0.29047138   -0.23172723   -0.92840124   -0.23172723    0.92431946   -0.30320954    0.92840124    0.30320954    0.21479084
    0.99750380    0.00933368    0.06999326    0.00933368    0.96509998   -0.26171532   -0.06999326    0.26171532    0.96260378
   -0.65875546   -0.05550556   -0.75030686   -0.05550556    0.99814266   -0.02510689    0.75030686    0.02510689   -0.66061279
    0.03005299   -0.77307209   -0.63360583   -0.77307209    0.38384215   -0.50499974    0.63360583    0.50499974   -0.58610486
    0.88709622    0.01089606   -0.46145592    0.01089606    0.99894845    0.04453395    0.46145592   -0.04453395    0.88604467
    0.94291472    0.30552719   -0.13253289    0.30552719   -0.63521777    0.70933175    0.13253289   -0.70933175   -0.69230305
    0.77975126    0.29425426   -0.55263225    0.29425426    0.60687372    0.73832156    0.55263225   -0.73832156    0.38662498
    0.80539392    0.24106877    0.54150390    0.24106877    0.70137546   -0.67078933   -0.54150390    0.67078933    0.50676938
    0.60024854    0.41945717   -0.68099734    0.41945717    0.55986573    0.71456703    0.68099734   -0.71456703    0.16011427
    0.95668456    0.17469461    0.23288718    0.17469461    0.29544268   -0.93925258   -0.23288718    0.93925258    0.25212724
   -0.45593803   -0.88522149    0.09221399   -0.88522149    0.46177854    0.05606681   -0.09221399   -0.05606681   -0.99415949
    0.40215663   -0.37919923   -0.83335346   -0.37919923    0.75948206   -0.52857823    0.83335346    0.52857823    0.16163870
   -0.00347390   -0.64308769    0.76578466   -0.64308769    0.58786992    0.49076183   -0.76578466   -0.49076183   -0.41560399
    0.77761776    0.14856188   -0.61093371    0.14856188    0.90075362    0.40813268    0.61093371   -0.40813268    0.67837137
   -0.84571779   -0.00250378   -0.53362454   -0.00250378    0.99999660   -0.00072388    0.53362454    0.00072388   -0.84572119
    0.92770240    0.03838802    0.37134164    0.03838802    0.97961703   -0.19717210   -0.37134164    0.19717210    0.90731943
    0.58857294   -0.30536732    0.74855373   -0.30536732    0.77335180    0.55558779   -0.74855373   -0.55558779    0.36192474
    0.74025900   -0.15157358   -0.65501302   -0.15157358    0.91154824   -0.38223718    0.65501302    0.38223718    0.65180724
    0.42519642    0.35866160   -0.83100533    0.35866160    0.77620505    0.51852443    0.83100533   -0.51852443    0.20140146
    0.77899195   -0.46750583   -0.41786342   -0.46750583    0.01106904   -0.88392068    0.41786342    0.88392068   -0.20993901
    0.99290830   -0.05076101   -0.10750085   -0.05076101    0.63666267   -0.76946993    0.10750085    0.76946993    0.62957096
   -0.31149439   -0.08201507    0.94670205   -0.08201507    0.99487114    0.05920256   -0.94670205   -0.05920256   -0.31662325
   -0.54945636   -0.77292989    0.31729654   -0.77292989    0.61443211    0.15828002   -0.31729654   -0.15828002   -0.93502425
   -0.34907873   -0.51613373   -0.78214450   -0.51613373    0.80253634   -0.29923469    0.78214450    0.29923469   -0.54654239
    0.99408398    0.04549080   -0.09862876    0.04549080    0.65020201    0.75839827    0.09862876   -0.75839827    0.64428599
    0.66795161   -0.72528318    0.16674820   -0.72528318   -0.58421393    0.36422300   -0.16674820   -0.36422300   -0.91626232
    0.90440944   -0.09202734   -0.41662277   -0.09202734    0.91140305   -0.40109281    0.41662277    0.40109281    0.81581249
    0.51713904   -0.14995105   -0.84266357   -0.14995105    0.95343314   -0.26168670    0.84266357    0.26168670    0.47057218
    0.91621595   -0.30132141    0.26410935   -0.30132141   -0.08367390    0.94984424   -0.26410935   -0.94984424   -0.16745795
    0.66133460   -0.04981686   -0.74843492   -0.04981686    0.99267206   -0.11009297    0.74843492    0.11009297    0.65400666
   -0.44883922   -0.11509782   -0.88616920   -0.11509782    0.99085647   -0.07039852    0.88616920    0.07039852   -0.45798275
    0.80135965    0.50909989   -0.31407007    0.50909989   -0.30478376    0.80493736    0.31407007   -0.80493736   -0.50342411
    0.62447030   -0.77753779   -0.07397179   -0.77753779   -0.60989935   -0.15315929    0.07397179    0.15315929   -0.98542905
   -0.08029021    0.14742381   -0.98580916    0.14742381    0.97988153    0.13453028    0.98580916   -0.13453028   -0.10040868
    0.38915928   -0.41603286    0.82187087   -0.41603286    0.71664735    0.55976177   -0.82187087   -0.55976177    0.10580662
    0.92238532    0.13191316    0.36304855    0.13191316    0.77580169   -0.61703376   -0.36304855    0.61703376    0.69818700
    0.83265399   -0.18988528   -0.52022198   -0.18988528    0.78453970   -0.59028894    0.52022198    0.59028894    0.61719369
    0.05499579   -0.88550323   -0.46136698   -0.88550323    0.17025134   -0.43231760    0.46136698    0.43231760   -0.77475286
    0.69084729    0.54969870   -0.46963961    0.54969870    0.02259094    0.83505748    0.46963961   -0.83505748   -0.28656177
    0.97174632    0.01973180   -0.23520149    0.01973180    0.98621971    0.16425996    0.23520149   -0.16425996    0.95796604
    0.76158792   -0.41677932   -0.49626489   -0.41677932    0.27140857   -0.86754388    0.49626489    0.86754388    0.03299649
    0.63809878    0.27108441   -0.72065469    0.27108441    0.79694249    0.53981099    0.72065469   -0.53981099    0.43504128
    0.63540322    0.35552531    0.68546663    0.35552531    0.65332046   -0.66841165   -0.68546663    0.66841165    0.28872367
    0.74615001    0.48873339    0.45210600    0.48873339    0.05904931   -0.87043257   -0.45210600    0.87043257   -0.19480068
    0.96157689    0.16157893   -0.22195076    0.16157893    0.32051963    0.93335921    0.22195076   -0.93335921    0.28209652
    0.84100850    0.19290653   -0.50546194    0.19290653    0.76594390    0.61328379    0.50546194   -0.61328379    0.60695241
   -0.43268770    0.40120452   -0.80735140    0.40120452    0.88764818    0.22608768    0.80735140   -0.22608768   -0.54503952
    0.36701467   -0.69314633    0.62036151   -0.69314633    0.24097477    0.67932270   -0.62036151   -0.67932270   -0.39201056
    0.88302926    0.32550106   -0.33809524    0.32550106    0.09420992    0.94083662    0.33809524   -0.94083662   -0.02276083
    0.64694497    0.49934769   -0.57629340    0.49934769    0.29374149    0.81508761    0.57629340   -0.81508761   -0.05931354
   -0.63364697   -0.53049565    0.56308604   -0.53049565    0.82773167    0.18285143   -0.56308604   -0.18285143   -0.80591530
    0.76296077    0.17358554    0.62270292    0.17358554    0.87288205   -0.45600985   -0.62270292    0.45600985    0.63584282
    0.98081906   -0.10589560   -0.16364625   -0.10589560    0.41536348   -0.90347070    0.16364625    0.90347070    0.39618254
    0.68721884   -0.66991268    0.28097558   -0.66991268   -0.43481464    0.60179169   -0.28097558   -0.60179169   -0.74759581
    0.94924471   -0.22683636   -0.21789847   -0.22683636   -0.01378077   -0.97383538    0.21789847    0.97383538   -0.06453605
    0.99593731    0.04684937    0.07690266    0.04684937    0.45975177   -0.88681083   -0.07690266    0.88681083    0.45568908
    0.97544454   -0.04236647    0.21613198   -0.04236647    0.92690353    0.37290070   -0.21613198   -0.37290070    0.90234807
    0.78067935   -0.08391063    0.61927277   -0.08391063    0.96789635    0.23692966   -0.61927277   -0.23692966    0.74857570
   -0.01511085    0.46800984   -0.88359405    0.46800984    0.78422730    0.40737493    0.88359405   -0.40737493   -0.23088355
    0.99963411    0.02574641    0.00829266    0.02574641   -0.81168627   -0.58352593   -0.00829266    0.58352593   -0.81205216
    0.00897762    0.89744946   -0.44102592    0.89744946    0.18728824    0.39938400    0.44102592   -0.39938400   -0.80373413
    0.48460828    0.83257240    0.26828719    0.83257240   -0.34495137   -0.43339561   -0.26828719    0.43339561   -0.86034309
    0.99256750   -0.11629705    0.03584357   -0.11629705   -0.81971032    0.56084756   -0.03584357   -0.56084756   -0.82714282
   -0.68096278    0.30573687    0.66544320    0.30573687    0.94439197   -0.12103214   -0.66544320    0.12103214   -0.73657082
    0.96527088   -0.08223149    0.24797200   -0.08223149    0.80529255    0.58714725   -0.24797200   -0.58714725    0.77056343
   -0.29732376    0.23738498   -0.92479563    0.23738498    0.95656317    0.16921959    0.92479563   -0.16921959   -0.34076058
   -0.49606029    0.11112116    0.86114823    0.11112116    0.99174638   -0.06396252   -0.86114823    0.06396252   -0.50431391
    0.97700373    0.00405097    0.21318372    0.00405097    0.99928639   -0.03755394   -0.21318372    0.03755394    0.97629012
    0.98334939   -0.07815857    0.16405858   -0.07815857    0.63312089    0.77009686   -0.16405858   -0.77009686    0.61647028
    0.99097447   -0.10608449   -0.08194923   -0.10608449   -0.24689873   -0.96321706    0.08194923    0.96321706   -0.25592426
   -0.30090894    0.83314311    0.46403272    0.83314311    0.46642888   -0.29718119   -0.46403272    0.29718119   -0.83448007
    0.79769318    0.51129737    0.31978209    0.51129737   -0.29222043   -0.80819690   -0.31978209    0.80819690   -0.49452724
    0.99998741   -0.00323651   -0.00383512   -0.00323651    0.16809757   -0.98576505    0.00383512    0.98576505    0.16808498
    0.94105855   -0.17593656    0.28888603   -0.17593656    0.47484035    0.86230677   -0.28888603   -0.86230677    0.41589890
    0.22910285   -0.08607609    0.96958898   -0.08607609    0.99038900    0.10826143   -0.96958898   -0.10826143    0.21949185
    0.88470358   -0.18097349    0.42959070   -0.18097349    0.71593737    0.67430132   -0.42959070   -0.67430132    0.60064095
   -0.35826368    0.51303206    0.78002900    0.51303206    0.80622179   -0.29462607   -0.78002900    0.29462607   -0.55204188
    0.92488159   -0.03538585    0.37860518   -0.03538585    0.98333087    0.17834866   -0.37860518   -0.17834866    0.90821246
    0.73543733   -0.57877117    0.35235759   -0.57877117   -0.26615014    0.77083593   -0.35235759   -0.77083593   -0.53071281
    0.99046937    0.10000606    0.09470599    0.10000606   -0.04937522   -0.99376098   -0.09470599    0.99376098   -0.05890585
    0.49788346   -0.66750919   -0.55366374   -0.66750919    0.11261931   -0.73603557    0.55366374    0.73603557   -0.38949723
    0.18390207    0.12841330   -0.97452042    0.12841330    0.97979412    0.15334114    0.97452042   -0.15334114    0.16369619
    0.46016193   -0.56649237    0.68362080   -0.56649237    0.40553729    0.71737431   -0.68362080   -0.71737431   -0.13430079
    0.05677565   -0.09088189   -0.99424193   -0.09088189    0.99124332   -0.09579755    0.99424193    0.09579755    0.04801897
    0.16260145   -0.30208091    0.93931246   -0.30208091    0.89102814    0.33884506   -0.93931246   -0.33884506    0.05362960
    0.98011687    0.04698195    0.19277866    0.04698195    0.88898608   -0.45551778   -0.19277866    0.45551778    0.86910295
