# Rotation matrices: 25 entries, row-major flattening of 3x3 -> 1x9
# https://github.com/Neurophysics-CFIN/GFO
# Col:  1    2    3    4    5    6    7    8    9
#       R11  R12  R13  R21  R22  R23  R31  R32  R33
# where Rij = R(i,j), i = row index, j = column index

    0.87271289   -0.01917514    0.48785707   -0.01917514    0.99711137    0.07349312   -0.48785707   -0.07349312    0.86982426
    0.96282046   -0.05209361   -0.26507170   -0.05209361    0.92700972   -0.37140172    0.26507170    0.37140172    0.88983018
    0.99411890    0.04159637   -0.09998672    0.04159637    0.70579321    0.70719565    0.09998672   -0.70719565    0.69991211
    0.98280581    0.02468545    0.18298461    0.02468545    0.96455946   -0.26270835   -0.18298461    0.26270835    0.94736527
    0.41915549    0.09115948   -0.90332642    0.09115948    0.98569316    0.14177076    0.90332642   -0.14177076    0.40484865
    0.65295791   -0.27106399    0.70722717   -0.27106399    0.78828019    0.55239358   -0.70722717   -0.55239358    0.44123810
    0.99987819    0.00752239    0.01367573    0.00752239    0.53546745   -0.84452236   -0.01367573    0.84452236    0.53534564
    0.84355963    0.13593505   -0.51954674    0.13593505    0.88188255    0.45144749    0.51954674   -0.45144749    0.72544218
    0.62332350    0.19159310    0.75812921    0.19159310    0.90254790   -0.38561557   -0.75812921    0.38561557    0.52587140
    0.57011483   -0.19869868   -0.79717496   -0.19869868    0.90815881   -0.36846494    0.79717496    0.36846494    0.47827364
    0.76379866   -0.39070894   -0.51376856   -0.39070894    0.35371462   -0.84984263    0.51376856    0.84984263    0.11751328
    0.93823517    0.19910006   -0.28297337    0.19910006    0.35819728    0.91216987    0.28297337   -0.91216987    0.29643245
    0.26625696    0.37395970    0.88840384    0.37395970    0.80940759   -0.45278417   -0.88840384    0.45278417    0.07566455
    0.07784117   -0.05847678    0.99524932   -0.05847678    0.99629182    0.06311166   -0.99524932   -0.06311166    0.07413299
    0.28492855   -0.43432433   -0.85450459   -0.43432433    0.73619752   -0.51901406    0.85450459    0.51901406    0.02112607
    0.99999988   -0.00033516   -0.00036474   -0.00033516    0.08439792   -0.99643207    0.00036474    0.99643207    0.08439780
    0.63092905    0.34225914   -0.69626663    0.34225914    0.68260488    0.64568511    0.69626663   -0.64568511    0.31353392
    0.55079424   -0.04362881    0.83349999   -0.04362881    0.99576258    0.08095314   -0.83349999   -0.08095314    0.54655682
    0.88678137   -0.18420933   -0.42389354   -0.18420933    0.70028717   -0.68968457    0.42389354    0.68968457    0.58706854
    0.93355511   -0.19480234    0.30087689   -0.19480234    0.42888082    0.88210730   -0.30087689   -0.88210730    0.36243593
    0.78398313    0.35203423    0.51131433    0.35203423    0.42630358   -0.83326896   -0.51131433    0.83326896    0.21028672
    0.81727982   -0.00588628   -0.57621094   -0.00588628    0.99981038   -0.01856247    0.57621094    0.01856247    0.81709019
    0.94259029   -0.09127382    0.32123611   -0.09127382    0.85488673    0.51072279   -0.32123611   -0.51072279    0.79747702
    0.90838059    0.14437215    0.39243009    0.14437215    0.77250106   -0.61838402   -0.39243009    0.61838402    0.68088165
    0.99576263    0.00881822   -0.09153706    0.00881822    0.98164879    0.19049382    0.09153706   -0.19049382    0.97741141
