# Rotation matrices: 49 entries, row-major flattening of 3x3 -> 1x9
# https://github.com/Neurophysics-CFIN/GFO
# Col:  1    2    3    4    5    6    7    8    9
#       R11  R12  R13  R21  R22  R23  R31  R32  R33
# where Rij = R(i,j), i = row index, j = column index

   -0.42968053    0.12073822   -0.89487257    0.12073822    0.98980351    0.07557305    0.89487257   -0.07557305   -0.43987702
    0.71833179   -0.46121854    0.52084248   -0.46121854    0.24477617    0.85285525   -0.52084248   -0.85285525   -0.03689204
   -0.89295859    0.08173829   -0.44265540    0.08173829    0.99647053    0.01911394    0.44265540   -0.01911394   -0.89648807
    0.21545923    0.53916493    0.81417351    0.53916493    0.62946627   -0.55952962   -0.81417351    0.55952962   -0.15507450
    0.52125206    0.14759809   -0.84054214    0.14759809    0.95449548    0.25913932    0.84054214   -0.25913932    0.47574754
    0.10752043   -0.34092153    0.93392284   -0.34092153    0.86977014    0.35675260   -0.93392284   -0.35675260   -0.02270943
    0.91725479    0.11829168   -0.38032975    0.11829168    0.83089145    0.54371544    0.38032975   -0.54371544    0.74814624
    0.18788433    0.19731817   -0.96216684    0.19731817    0.95205799    0.23377581    0.96216684   -0.23377581    0.13994231
    0.87319623    0.21095985    0.43934529    0.21095985    0.64903206   -0.73092635   -0.43934529    0.73092635    0.52222829
   -0.61630934   -0.17510756    0.76778913   -0.17510756    0.98102921    0.08318066   -0.76778913   -0.08318066   -0.63528012
    0.39543788    0.59458693   -0.70006804    0.59458693    0.41522367    0.68851702    0.70006804   -0.68851702   -0.18933845
    0.65040864    0.23322229    0.72289416    0.23322229    0.84441082   -0.48226314   -0.72289416    0.48226314    0.49481945
    0.88959598   -0.36534487    0.27412063   -0.36534487   -0.20898564    0.90710977   -0.27412063   -0.90710977   -0.31938966
    0.43098457   -0.19882388    0.88018257   -0.19882388    0.93052748    0.30755109   -0.88018257   -0.30755109    0.36151205
   -0.15921902   -0.57777935    0.80051254   -0.57777935    0.71202252    0.39899243   -0.80051254   -0.39899243   -0.44719650
    0.99750634    0.04537604    0.05405654    0.04537604    0.17431080   -0.98364463   -0.05405654    0.98364463    0.17181714
    0.71353204    0.25388024   -0.65300601    0.25388024    0.77500040    0.57872204    0.65300601   -0.57872204    0.48853244
    0.11072598   -0.02507677    0.99353456   -0.02507677    0.99929286    0.02801683   -0.99353456   -0.02801683    0.11001883
   -0.56277135   -0.42507520   -0.70894251   -0.42507520    0.88437916   -0.19283300    0.70894251    0.19283300   -0.67839219
    0.98305690    0.15878755   -0.09157319    0.15878755   -0.48812689    0.85820665    0.09157319   -0.85820665   -0.50507000
   -0.04295840    0.96291500    0.26636305    0.96291500    0.11098534   -0.24592063   -0.26636305    0.24592063   -0.93197305
    0.99584719   -0.04923534    0.07657842   -0.04923534    0.41627012    0.90790697   -0.07657842   -0.90790697    0.41211731
    0.91254058    0.19880398   -0.35741664    0.19880398    0.54809870    0.81244372    0.35741664   -0.81244372    0.46063928
    0.44876418   -0.70560533    0.54839022   -0.70560533    0.09679512    0.70196283   -0.54839022   -0.70196283   -0.45444070
    0.98840910   -0.14727807   -0.03683240   -0.14727807   -0.87136681   -0.46800539    0.03683240    0.46800539   -0.88295772
    0.68687426   -0.56890962   -0.45226716   -0.56890962   -0.03363640   -0.82171189    0.45226716    0.82171189   -0.34676214
    0.96460266    0.16836842   -0.20296252    0.16836842    0.19915098    0.96539679    0.20296252   -0.96539679    0.16375364
    0.99153451   -0.00882232    0.12954339   -0.00882232    0.99080581    0.13500377   -0.12954339   -0.13500377    0.98234031
    0.99661300    0.03288754   -0.07537198    0.03288754    0.68066411    0.73185707    0.07537198   -0.73185707    0.67727711
    0.98509430    0.02424927    0.17029737    0.02424927    0.96055020   -0.27704745   -0.17029737    0.27704745    0.94564450
    0.99214848    0.04105530    0.11813495    0.04105530    0.78532356   -0.61772273   -0.11813495    0.61772273    0.77747204
   -0.04962778   -0.83905380    0.54178022   -0.83905380    0.32927531    0.43308948   -0.54178022   -0.43308948   -0.72035248
    0.95437399   -0.21755792   -0.20454546   -0.21755792   -0.03737859   -0.97533143    0.20454546    0.97533143   -0.08300460
    0.80147106    0.44424917   -0.40035837    0.44424917    0.00590151    0.89588384    0.40035837   -0.89588384   -0.19262743
    0.11890567    0.88691759   -0.44636155    0.88691759    0.10722066    0.44931161    0.44636155   -0.44931161   -0.77387367
    0.50449539   -0.40937317   -0.76019603   -0.40937317    0.66178640   -0.62805443    0.76019603    0.62805443    0.16628180
    0.31109651    0.27858935    0.90862915    0.27858935    0.88733977   -0.36744538   -0.90862915    0.36744538    0.19843628
    0.87280692   -0.02535258   -0.48740673   -0.02535258    0.99494663   -0.09715166    0.48740673    0.09715166    0.86775355
    0.83897464   -0.48995386    0.23678421   -0.48995386   -0.49078872    0.72046627   -0.23678421   -0.72046627   -0.65181408
    0.65768151   -0.72471325    0.20553765   -0.72471325   -0.53427092    0.43513824   -0.20553765   -0.43513824   -0.87658941
    0.53816669   -0.38820216    0.74811476   -0.38820216    0.67368981    0.62884110   -0.74811476   -0.62884110    0.21185649
   -0.37828133   -0.91369139    0.14856406   -0.91369139    0.39429496    0.09848621   -0.14856406   -0.09848621   -0.98398638
    0.73070875    0.39544523   -0.55649599    0.39544523    0.41930184    0.81719584    0.55649599   -0.81719584    0.15001060
   -0.02431196   -0.91119511   -0.41125711   -0.91119511    0.18943003   -0.36584115    0.41125711    0.36584115   -0.83488194
    0.72308878    0.07436262    0.68674072    0.07436262    0.98003042   -0.18441954   -0.68674072    0.18441954    0.70311921
    0.79074430    0.08678419   -0.60596367    0.08678419    0.96400817    0.25131006    0.60596367   -0.25131006    0.75475247
    0.73202411   -0.61175934   -0.29981864   -0.61175934   -0.39657894   -0.68445282    0.29981864    0.68445282   -0.66455483
    0.10221473   -0.76970712   -0.63016117   -0.76970712    0.34009939   -0.54026230    0.63016117    0.54026230   -0.55768588
   -0.28420445   -0.13204511    0.94962725   -0.13204511    0.98642279    0.09764305   -0.94962725   -0.09764305   -0.29778165
