# Rotation matrices: 31 entries, row-major flattening of 3x3 -> 1x9
# https://github.com/Neurophysics-CFIN/GFO
# Col:  1    2    3    4    5    6    7    8    9
#       R11  R12  R13  R21  R22  R23  R31  R32  R33
# where Rij = R(i,j), i = row index, j = column index

    0.77217012    0.31092663    0.55414613    0.31092663    0.57566862   -0.75626072   -0.55414613    0.75626072    0.34783874
    0.93515922    0.07383124    0.34644794    0.07383124    0.91593173   -0.39448450   -0.34644794    0.39448450    0.85109095
    0.99911697   -0.00954102    0.04091755   -0.00954102    0.89691031    0.44210955   -0.04091755   -0.44210955    0.89602729
    0.27614545    0.27937401    0.91961614    0.27937401    0.89217469   -0.35492884   -0.91961614    0.35492884    0.16832014
    0.95287393    0.03234639   -0.30163717    0.03234639    0.97779809    0.20703769    0.30163717   -0.20703769    0.93067202
    0.99246182    0.00413992    0.12248426    0.00413992    0.99772638   -0.06726763   -0.12248426    0.06726763    0.99018820
    0.96147289   -0.03780043   -0.27228847   -0.03780043    0.96291255   -0.26715268    0.27228847    0.26715268    0.92438543
    0.96287998   -0.15296099   -0.22240747   -0.15296099    0.36969153   -0.91647755    0.22240747    0.91647755    0.33257151
    0.70261537    0.43325968   -0.56446230    0.43325968    0.36878395    0.82236515    0.56446230   -0.82236515    0.07139932
    0.56895432   -0.27696550    0.77432622   -0.27696550    0.82203768    0.49753810   -0.77432622   -0.49753810    0.39099200
    0.30883349   -0.06037266    0.94919809   -0.06037266    0.99472651    0.08291145   -0.94919809   -0.08291145    0.30356000
    0.68303917    0.19254661    0.70454475    0.19254661    0.88303224   -0.42799517   -0.70454475    0.42799517    0.56607141
    0.43912451    0.08433607   -0.89445910    0.08433607    0.98731880    0.13449539    0.89445910   -0.13449539    0.42644331
    0.80189239   -0.24798693   -0.54357252   -0.24798693    0.68957519   -0.68043261    0.54357252    0.68043261    0.49146758
    0.98526679    0.10524978   -0.13480292    0.10524978    0.24812586    0.96299327    0.13480292   -0.96299327    0.23339266
    0.72814419   -0.44282797   -0.52317246   -0.44282797    0.27867419   -0.85219956    0.52317246    0.85219956    0.00681838
    0.97832287    0.08825115    0.18733952    0.08825115    0.64071510   -0.76268991   -0.18733952    0.76268991    0.61903797
    0.42910303    0.34994720   -0.83271096    0.34994720    0.78549012    0.51043338    0.83271096   -0.51043338    0.21459315
    0.77216541   -0.02896157   -0.63476122   -0.02896157    0.99631850   -0.08068873    0.63476122    0.08068873    0.76848391
    0.87224310   -0.17499834    0.45669197   -0.17499834    0.76029148    0.62556570   -0.45669197   -0.62556570    0.63253458
    0.67246254    0.00423312    0.74011905    0.00423312    0.99994529   -0.00956536   -0.74011905    0.00956536    0.67240783
    0.12925742   -0.12101633   -0.98419895   -0.12101633    0.98318108   -0.13678456    0.98419895    0.13678456    0.11243850
    0.57900665   -0.18758888   -0.79344925   -0.18758888    0.91641296   -0.35355013    0.79344925    0.35355013    0.49541961
    0.97948105    0.12787983    0.15576783    0.12787983    0.20301705   -0.97078876   -0.15576783    0.97078876    0.18249810
    0.77551537    0.14489032   -0.61447759    0.14489032    0.90648266    0.39660558    0.61447759   -0.39660558    0.68199803
    0.89290295   -0.05552592    0.44681226   -0.05552592    0.97121183    0.23165589   -0.44681226   -0.23165589    0.86411478
    0.36238381   -0.43650773   -0.82349194   -0.43650773    0.70116977   -0.56375701    0.82349194    0.56375701    0.06355357
    0.93680099   -0.19712832    0.28904037   -0.19712832    0.38512369    0.90156540   -0.28904037   -0.90156540    0.32192468
    0.98011663   -0.06680051   -0.18683972   -0.06680051    0.77557586   -0.62770995    0.18683972    0.62770995    0.75569249
    0.99935227    0.01516946   -0.03263315    0.01516946    0.64473876    0.76425246    0.03263315   -0.76425246    0.64409103
    0.86361393    0.21964178   -0.45379342    0.21964178    0.64627977    0.73080774    0.45379342   -0.73080774    0.50989370
