# Rotation matrices: 70 entries, row-major flattening of 3x3 -> 1x9
# https://github.com/Neurophysics-CFIN/GFO
# Col:  1    2    3    4    5    6    7    8    9
#       R11  R12  R13  R21  R22  R23  R31  R32  R33
# where Rij = R(i,j), i = row index, j = column index

    0.98958066   -0.00659360    0.14382851   -0.00659360    0.99582742    0.09101799   -0.14382851   -0.09101799    0.98540808
    0.99412348   -0.00432072   -0.10816578   -0.00432072    0.99682319   -0.07952900    0.10816578    0.07952900    0.99094667
    0.94171833   -0.06660398    0.32974308   -0.06660398    0.92388532    0.37682863   -0.32974308   -0.37682863    0.86560365
    0.99708109    0.01430363    0.07499808    0.01430363    0.92990749   -0.36751526   -0.07499808    0.36751526    0.92698858
    0.84808190    0.03571784   -0.52865994    0.03571784    0.99160229    0.12429453    0.52865994   -0.12429453    0.83968419
    0.88833186   -0.02981655    0.45823300   -0.02981655    0.99203867    0.12235297   -0.45823300   -0.12235297    0.88037053
    0.97222512    0.07915580    0.22025594    0.07915580    0.77441340   -0.62770872   -0.22025594    0.62770872    0.74663852
    0.86787628    0.11047421   -0.48434101    0.11047421    0.90762786    0.40497792    0.48434101   -0.40497792    0.77550414
    0.72404443    0.14878286    0.67351564    0.14878286    0.91978295   -0.36312942   -0.67351564    0.36312942    0.64382739
    0.78211280   -0.11984778   -0.61150312   -0.11984778    0.93407831   -0.33635429    0.61150312    0.33635429    0.71619112
    0.78379525   -0.13724442    0.60566408   -0.13724442    0.91287874    0.38446896   -0.60566408   -0.38446896    0.69667399
    0.99936753   -0.02042761   -0.02910766   -0.02042761    0.34022776   -0.94012116    0.02910766    0.94012116    0.33959528
    0.66202032    0.11914876   -0.73995450    0.11914876    0.95799621    0.26085788    0.73995450   -0.26085788    0.62001653
    0.55233465    0.06842960    0.83080914    0.06842960    0.98953993   -0.12699651   -0.83080914    0.12699651    0.54187458
    0.99722923   -0.02420721   -0.07034113   -0.02420721    0.78851041   -0.61454482    0.07034113    0.61454482    0.78573964
    0.90645789    0.16105840   -0.39037711    0.16105840    0.72269379    0.67214126    0.39037711   -0.67214126    0.62915168
    0.83772893    0.20010996    0.50810063    0.20010996    0.75322777   -0.62658114   -0.50810063    0.62658114    0.59095670
    0.19035613   -0.03393398   -0.98112845   -0.03393398    0.99857775   -0.04112128    0.98112845    0.04112128    0.18893388
    0.70326024   -0.28049310    0.65326002   -0.28049310    0.73486404    0.61749369   -0.65326002   -0.61749369    0.43812428
    0.95387985   -0.19582171   -0.22752383   -0.19582171    0.16855995   -0.96604420    0.22752383    0.96604420    0.12243980
    0.77651068    0.31590784   -0.54519116    0.31590784    0.55345624    0.77064157    0.54519116   -0.77064157    0.32996692
    0.54609154   -0.19761134    0.81408464   -0.19761134    0.91396891    0.35441585   -0.81408464   -0.35441585    0.46006045
    0.60935640   -0.23875244   -0.75609659   -0.23875244    0.85407996   -0.46210896    0.75609659    0.46210896    0.46343636
    0.97151158   -0.10865599    0.21061606   -0.10865599    0.58558166    0.80329820   -0.21061606   -0.80329820    0.55709325
    0.74710450    0.42608935    0.51017912    0.42608935    0.28210613   -0.85957199   -0.51017912    0.85957199    0.02921063
    0.42638402    0.10736613   -0.89814764    0.10736613    0.97990383    0.16811010    0.89814764   -0.16811010    0.40628784
    0.37422132   -0.06694165    0.92492011   -0.06694165    0.99283903    0.09894181   -0.92492011   -0.09894181    0.36706035
    0.75991581   -0.41809975   -0.49771535   -0.41809975    0.27189126   -0.86675703    0.49771535    0.86675703    0.03180706
    0.99879433    0.03410596   -0.03530817    0.03410596    0.03521033    0.99879779    0.03530817   -0.99879779    0.03400467
    0.30363952    0.39760840    0.86585830    0.39760840    0.77297328   -0.49438839   -0.86585830    0.49438839    0.07661280
    0.30629733   -0.24974477   -0.91859104   -0.24974477    0.91008763   -0.33070841    0.91859104    0.33070841    0.21638496
    0.85216321   -0.27121889    0.44750216   -0.27121889    0.50242640    0.82097992   -0.44750216   -0.82097992    0.35458961
    0.52514160    0.44552385   -0.72507572    0.44552385    0.58199856    0.68028390    0.72507572   -0.68028390    0.10714015
    0.72470761    0.22898098   -0.64989737    0.22898098    0.80953963    0.54056757    0.64989737   -0.54056757    0.53424724
    0.14652312   -0.22094994    0.96421580   -0.22094994    0.94280000    0.24961827   -0.96421580   -0.24961827    0.08932312
    0.40706519   -0.41729360   -0.81250476   -0.41729360    0.70631856   -0.57182177    0.81250476    0.57182177    0.11338374
    0.89997136   -0.23089073   -0.36978511   -0.23089073    0.46704735   -0.85355506    0.36978511    0.85355506    0.36701871
    0.92114382    0.24566797   -0.30189619    0.24566797    0.23464780    0.94052520    0.30189619   -0.94052520    0.15579163
    0.10682829    0.05431216    0.99279298    0.05431216    0.99669738   -0.06036995   -0.99279298    0.06036995    0.10352566
    0.68405805   -0.35847245   -0.63526536   -0.35847245    0.59327180   -0.72078157    0.63526536    0.72078157    0.27732986
    0.94300135   -0.20840741    0.25945096   -0.20840741    0.23798806    0.94864537   -0.25945096   -0.94864537    0.18098941
    0.64190555    0.38183548    0.66495032    0.38183548    0.59284949   -0.70903536   -0.66495032    0.70903536    0.23475504
    0.18258457    0.23735983   -0.95410858    0.23735983    0.93107582    0.27705258    0.95410858   -0.27705258    0.11366039
    0.59679518   -0.43273310    0.67570525   -0.43273310    0.53557615    0.72518980   -0.67570525   -0.72518980    0.13237134
    0.98087338   -0.08673342   -0.17425480   -0.08673342    0.60669038   -0.79019244    0.17425480    0.79019244    0.58756376
    0.99971944   -0.01342439    0.01951461   -0.01342439    0.35765453    0.93375748   -0.01951461   -0.93375748    0.35737397
    0.58923629    0.27341821    0.76029144    0.27341821    0.81800359   -0.50607569   -0.76029144    0.50607569    0.40723989
    0.68804548   -0.02107721   -0.72536140   -0.02107721    0.99857592   -0.04900905    0.72536140    0.04900905    0.68662140
    0.89025721   -0.16021956    0.42634703   -0.16021956    0.76608663    0.62244757   -0.42634703   -0.62244757    0.65634384
    0.94977951    0.19527898    0.24450973    0.19527898    0.24067096   -0.95075949   -0.24450973    0.95075949    0.19045047
    0.48412779    0.30228534   -0.82112353    0.30228534    0.82287003    0.48115328    0.82112353   -0.48115328    0.30699783
    0.39434087   -0.35392016    0.84807771   -0.35392016    0.79318486    0.49557876   -0.84807771   -0.49557876    0.18752573
    0.82263026   -0.21880876   -0.52478776   -0.21880876    0.73007080   -0.64739428    0.52478776    0.64739428    0.55270106
    0.97633544    0.05741216   -0.20850169    0.05741216    0.86071340    0.50584216    0.20850169   -0.50584216    0.83704884
    0.87185736    0.24931079    0.42155531    0.24931079    0.51494781   -0.82016638   -0.42155531    0.82016638    0.38680517
    0.49129980   -0.09579546   -0.86570649   -0.09579546    0.98196036   -0.16302481    0.86570649    0.16302481    0.47326016
    0.68484970   -0.05151894    0.72686085   -0.05151894    0.99157798    0.11882298   -0.72686085   -0.11882298    0.67642768
    0.98324978    0.08621526    0.16058271    0.08621526    0.55624049   -0.82653702   -0.16058271    0.82653702    0.53949027
    0.95153373    0.15883923   -0.26335085    0.15883923    0.47943386    0.86308358    0.26335085   -0.86308358    0.43096759
    0.34704026    0.19439900    0.91748138    0.19439900    0.94212358   -0.27315231   -0.91748138    0.27315231    0.28916385
    0.92005162   -0.11505988   -0.37452136   -0.11505988    0.83440846   -0.53900255    0.37452136    0.53900255    0.75446008
    0.99075417   -0.04224561    0.12892430   -0.04224561    0.80697325    0.58907511   -0.12892430   -0.58907511    0.79772742
    0.91097370    0.09057477    0.40239672    0.09057477    0.90784981   -0.40939581   -0.40239672    0.40939581    0.81882352
    0.96726863    0.02331481   -0.25268126    0.02331481    0.98339267    0.17998685    0.25268126   -0.17998685    0.95066130
    0.81549405    0.04373654    0.57711054    0.04373654    0.98963239   -0.13680220   -0.57711054    0.13680220    0.80512644
    0.97283658   -0.04099963   -0.22783332   -0.04099963    0.93811641   -0.34388462    0.22783332    0.34388462    0.91095299
    0.99608342    0.03659711   -0.08048889    0.03659711    0.65803064    0.75210127    0.08048889   -0.75210127    0.65411407
    0.95982782    0.02257096    0.27968038    0.02257096    0.98731839   -0.15713993   -0.27968038    0.15713993    0.94714620
    0.89807446   -0.03348755   -0.43856680   -0.03348755    0.98899769   -0.14409077    0.43856680    0.14409077    0.88707216
    0.99990627   -0.00235829    0.01348660   -0.00235829    0.94066413    0.33933087   -0.01348660   -0.33933087    0.94057040
