# Rotation matrices: 87 entries, row-major flattening of 3x3 -> 1x9
# https://github.com/Neurophysics-CFIN/GFO
# Col:  1    2    3    4    5    6    7    8    9
#       R11  R12  R13  R21  R22  R23  R31  R32  R33
# where Rij = R(i,j), i = row index, j = column index

    0.99589830    0.00732704    0.09018254    0.00732704    0.98691141   -0.16109682   -0.09018254    0.16109682    0.98280971
    0.84134382   -0.10709057   -0.52978505   -0.10709057    0.92771545   -0.35759705    0.52978505    0.35759705    0.76905927
    0.98534116   -0.00645220   -0.17047339   -0.00645220    0.99716002   -0.07503511    0.17047339    0.07503511    0.98250117
    0.94288813    0.04271826    0.33035908    0.04271826    0.96804780   -0.24710040   -0.33035908    0.24710040    0.91093593
    0.88972224   -0.01635259   -0.45620930   -0.01635259    0.99757515   -0.06764920    0.45620930    0.06764920    0.88729739
    0.92649473   -0.05937634    0.37159382   -0.05937634    0.95203678    0.30016731   -0.37159382   -0.30016731    0.87853151
    0.94477587   -0.09639677   -0.31321912   -0.09639677    0.83173410   -0.54674130    0.31321912    0.54674130    0.77650997
    0.63307937    0.28450199   -0.71990911    0.28450199    0.77940356    0.55820131    0.71990911   -0.55820131    0.41248293
    0.80817942    0.22233600    0.54535560    0.22233600    0.74229410   -0.63211247   -0.54535560    0.63211247    0.55047352
    0.52245697   -0.09363019   -0.84750935   -0.09363019    0.98164226   -0.16616819    0.84750935    0.16616819    0.50409922
    0.96821642   -0.10566961    0.22669559   -0.10566961    0.64868440    0.75368593   -0.22669559   -0.75368593    0.61690083
    0.99962696   -0.00889629   -0.02582250   -0.00889629    0.78784186   -0.61581333    0.02582250    0.61581333    0.78746882
    0.98703266    0.03347624   -0.15699001    0.03347624    0.91357834    0.40528257    0.15699001   -0.40528257    0.90061100
    0.59088392   -0.13916233    0.79466348   -0.13916233    0.95266343    0.27030768   -0.79466348   -0.27030768    0.54354734
    0.99838736   -0.01108287   -0.05567637   -0.01108287    0.92383321   -0.38263476    0.05567637    0.38263476    0.92222057
    0.96262109    0.08964460   -0.25558654    0.08964460    0.78500832    0.61296475    0.25558654   -0.61296475    0.74762941
    0.90843937    0.20838158    0.36237415    0.20838158    0.52574721   -0.82472237   -0.36237415    0.82472237    0.43418658
    0.59868087    0.05619954   -0.79901366    0.05619954    0.99212998    0.11189151    0.79901366   -0.11189151    0.59081085
    0.79004557   -0.16239803    0.59114708   -0.16239803    0.87438645    0.45724744   -0.59114708   -0.45724744    0.66443202
    0.98191426   -0.10415898   -0.15809897   -0.10415898    0.40012985   -0.91052019    0.15809897    0.91052019    0.38204411
    0.93637212    0.15952202   -0.31266592    0.15952202    0.60006094    0.78388749    0.31266592   -0.78388749    0.53643306
    0.38569946    0.18385943    0.90411926    0.18385943    0.94497109   -0.27060184   -0.90411926    0.27060184    0.33067055
    0.82743977   -0.20192198   -0.52399517   -0.20192198    0.76372025   -0.61315487    0.52399517    0.61315487    0.59116002
    0.94456771   -0.21402618   -0.24896714   -0.21402618    0.17363680   -0.96127158    0.24896714    0.96127158    0.11820451
    0.73319124    0.33739287    0.59042075    0.33739287    0.57335003   -0.74661623   -0.59042075    0.74661623    0.30654127
    0.46976346    0.19493476   -0.86100100    0.19493476    0.92833470    0.31653614    0.86100100   -0.31653614    0.39809816
    0.63607334   -0.27416485    0.72127965   -0.27416485    0.79345738    0.54337742   -0.72127965   -0.54337742    0.42953073
    0.80389682   -0.35076278   -0.48032840   -0.35076278    0.37260308   -0.85914633    0.48032840    0.85914633    0.17649990
    0.98598542   -0.10830304    0.12689840   -0.10830304    0.16304677    0.98065601   -0.12689840   -0.98065601    0.14903219
    0.56558080    0.09202365    0.81954256    0.09202365    0.98050650   -0.17360489   -0.81954256    0.17360489    0.54608730
    0.17361222   -0.13060590    0.97611521   -0.13060590    0.97935848    0.15426947   -0.97611521   -0.15426947    0.15297070
    0.84342491   -0.21655728    0.49166794   -0.21655728    0.70048202    0.68002050   -0.49166794   -0.68002050    0.54390693
    0.99823162    0.02673541    0.05309287    0.02673541    0.59579870   -0.80268868   -0.05309287    0.80268868    0.59403032
    0.80658573    0.29295702   -0.51341567    0.29295702    0.55626948    0.77765059    0.51341567   -0.77765059    0.36285521
    0.40378565   -0.03218355    0.91428736   -0.03218355    0.99826274    0.04935308   -0.91428736   -0.04935308    0.40204839
    0.69422264   -0.33066628   -0.63930802   -0.33066628    0.64241895   -0.69134485    0.63930802    0.69134485    0.33664159
    0.98065152    0.13184182   -0.14470773    0.13184182    0.10162105    0.98604812    0.14470773   -0.98604812    0.08227257
    0.70649012    0.43547995    0.55787895    0.43547995    0.35387937   -0.82772375   -0.55787895    0.82772375    0.06036949
    0.18617855    0.19525182   -0.96291966    0.19525182    0.95315524    0.23102342    0.96291966   -0.23102342    0.13933378
    0.44977395   -0.39819251    0.79946614   -0.39819251    0.71183248    0.57856482   -0.79946614   -0.57856482    0.16160643
    0.91150638    0.25874889    0.31969536    0.25874889    0.24343710   -0.93476596   -0.31969536    0.93476596    0.15494349
    0.60313927    0.41678425   -0.68008375    0.41678425    0.56229200    0.71422587    0.68008375   -0.71422587    0.16543127
    0.10363360   -0.05376615   -0.99316126   -0.05376615    0.99677498   -0.05957213    0.99316126    0.05957213    0.10040858
    0.31632451   -0.20087960   -0.92713871   -0.20087960    0.94097695   -0.27241469    0.92713871    0.27241469    0.25730146
    0.42958501   -0.41773028   -0.80059861   -0.41773028    0.69408486   -0.58629994    0.80059861    0.58629994    0.12366987
    0.97047605    0.13667252   -0.19873817    0.13667252    0.36731442    0.92000040    0.19873817   -0.92000040    0.33779047
    0.24077014    0.33413463    0.91125396    0.33413463    0.85294842   -0.40103995   -0.91125396    0.40103995    0.09371856
    0.39878393   -0.23912275    0.88532010   -0.23912275    0.90489327    0.35211997   -0.88532010   -0.35211997    0.30367721
    0.73155410   -0.34555212    0.58772641   -0.34555212    0.55519430    0.75654017   -0.58772641   -0.75654017    0.28674840
    0.85644816    0.32008773   -0.40501901    0.32008773    0.28627768    0.90309963    0.40501901   -0.90309963    0.14272584
    0.37530370    0.36522978   -0.85191217    0.36522978    0.78646778    0.49807193    0.85191217   -0.49807193    0.16177147
    0.14726538   -0.34535502   -0.92684563   -0.34535502    0.86013223   -0.37536976    0.92684563    0.37536976    0.00739761
    0.59523051   -0.48598757    0.63993493   -0.48598757    0.41649772    0.76833959   -0.63993493   -0.76833959    0.01172823
    0.99712933   -0.04133161    0.06344134   -0.04133161    0.40491230    0.91342089   -0.06344134   -0.91342089    0.40204163
    0.55961195    0.29880533    0.77301348    0.29880533    0.79725920   -0.52449322   -0.77301348    0.52449322    0.35687115
    0.35260877    0.02855548   -0.93533504    0.02855548    0.99874046    0.04125626    0.93533504   -0.04125626    0.35134923
    0.91931262   -0.20892566    0.33348819   -0.20892566    0.45902406    0.86350853   -0.33348819   -0.86350853    0.37833669
    0.99989879    0.00932317    0.01074652    0.00932317    0.14117474   -0.98994079   -0.01074652    0.98994079    0.14107353
    0.46346350    0.44285112    0.76751838    0.44285112    0.63447572   -0.63350094   -0.76751838    0.63350094    0.09793922
    0.14056444    0.10355173    0.98464139    0.10355173    0.98752325   -0.11863754   -0.98464139    0.11863754    0.12808769
    0.53776368   -0.27703339   -0.79628056   -0.27703339    0.83396480   -0.47723706    0.79628056    0.47723706    0.37172848
    0.85592551   -0.32644315    0.40103165   -0.32644315    0.26034697    0.90865523   -0.40103165   -0.90865523    0.11627248
    0.98848654    0.08462242    0.12543286    0.08462242    0.37803622   -0.92191522   -0.12543286    0.92191522    0.36652276
    0.71630078    0.15450793   -0.68047078    0.15450793    0.91585207    0.37059719    0.68047078   -0.37059719    0.63215286
    0.67823303   -0.01141252    0.73475827   -0.01141252    0.99959522    0.02606062   -0.73475827   -0.02606062    0.67782824
    0.97006137   -0.10149821   -0.22063331   -0.10149821    0.65589990   -0.74799294    0.22063331    0.74799294    0.62596126
    0.82964085    0.19581857   -0.52282995    0.19581857    0.77491721    0.60096456    0.52282995   -0.60096456    0.60455806
    0.69325214    0.17872688    0.69818205    0.17872688    0.89586465   -0.40679631   -0.69818205    0.40679631    0.58911678
    0.68450008   -0.17386682   -0.70797596   -0.17386682    0.90418485   -0.39015392    0.70797596    0.39015392    0.58868494
    0.99897603   -0.01443881    0.04287679   -0.01443881    0.79640174    0.60459556   -0.04287679   -0.60459556    0.79537777
    0.87937577    0.12103341    0.46048797    0.12103341    0.87855603   -0.46205001   -0.46048797    0.46205001    0.75793180
    0.94673005    0.02968019   -0.32065760    0.02968019    0.98346322    0.17865942    0.32065760   -0.17865942    0.93019327
    0.79619563    0.07196743    0.60074388    0.07196743    0.97458685   -0.21213476   -0.60074388    0.21213476    0.77078248
    0.95037717   -0.04794179   -0.30738384   -0.04794179    0.95368231   -0.29697077    0.30738384    0.29697077    0.90405948
    0.99232019   -0.02369959    0.12140416   -0.02369959    0.92686402    0.37464839   -0.12140416   -0.37464839    0.91918421
    0.97829803    0.05184372    0.20061206    0.05184372    0.87615082   -0.47924103   -0.20061206    0.47924103    0.85444885
    0.80534301    0.05241113   -0.59048768    0.05241113    0.98588837    0.15898801    0.59048768   -0.15898801    0.79123139
    0.79737476   -0.07410179    0.59891771   -0.07410179    0.97290034    0.21902934   -0.59891771   -0.21902934    0.77027510
    0.88887889   -0.22460641   -0.39930724   -0.22460641    0.54600850   -0.80711008    0.39930724    0.80711008    0.43488739
    0.99823307    0.02606154   -0.05339972    0.02606154    0.61560180    0.78762632    0.05339972   -0.78762632    0.61383487
    0.97384486   -0.00839719    0.22705876   -0.00839719    0.99730406    0.07289789   -0.22705876   -0.07289789    0.97114892
    0.73385294   -0.04375294   -0.67789788   -0.04375294    0.99280728   -0.11144225    0.67789788    0.11144225    0.72666023
    0.93702461   -0.10369001    0.33351650   -0.10369001    0.82927271    0.54914038   -0.33351650   -0.54914038    0.76629732
    0.95231372    0.11545753    0.28243253    0.11545753    0.72045540   -0.68382276   -0.28243253    0.68382276    0.67276912
    0.89266192    0.09917057   -0.43968159    0.09917057    0.90837546    0.40622559    0.43968159   -0.40622559    0.80103737
    0.88249779    0.00104442    0.47031539    0.00104442    0.99999072   -0.00418041   -0.47031539    0.00418041    0.88248850
    0.99939558    0.00263272   -0.03466338    0.00263272    0.98853253    0.15098515    0.03466338   -0.15098515    0.98792810
