# Rotation matrices: 9 entries, row-major flattening of 3x3 -> 1x9
# https://github.com/Neurophysics-CFIN/GFO
# Col:  1    2    3    4    5    6    7    8    9
#       R11  R12  R13  R21  R22  R23  R31  R32  R33
# where Rij = R(i,j), i = row index, j = column index

   -0.82157190   -0.29421390   -0.48832141   -0.29421390    0.95247960   -0.07887196    0.48832141    0.07887196   -0.86909229
    0.71855469    0.35655105   -0.59711850    0.35655105    0.54830069    0.75646395    0.59711850   -0.75646395    0.26685538
    0.61055625   -0.74875940    0.25803181   -0.74875940   -0.43959339    0.49610181   -0.25803181   -0.49610181   -0.82903714
    0.42726388   -0.46511075   -0.77531772   -0.46511075    0.62229026   -0.62962435    0.77531772    0.62962435    0.04955414
    0.90799411    0.34651709   -0.23552622    0.34651709   -0.30506966    0.88705040    0.23552622   -0.88705040   -0.39707555
    0.96241374   -0.14104897    0.23208832   -0.14104897    0.47068929    0.87095165   -0.23208832   -0.87095165    0.43310302
    0.43933330    0.86989718    0.22419889    0.86989718   -0.34968085   -0.34785369   -0.22419889    0.34785369   -0.91034755
   -0.23803484    0.30669880   -0.92156132    0.30669880    0.92402140    0.22829871    0.92156132   -0.22829871   -0.31401344
    0.49070178   -0.00680795   -0.87130099   -0.00680795    0.99990900   -0.01164695    0.87130099    0.01164695    0.49061077
