# Rotation matrices: 61 entries, row-major flattening of 3x3 -> 1x9
# https://github.com/Neurophysics-CFIN/GFO
# Col:  1    2    3    4    5    6    7    8    9
#       R11  R12  R13  R21  R22  R23  R31  R32  R33
# where Rij = R(i,j), i = row index, j = column index

    0.97119904   -0.17204574   -0.16484139   -0.17204574   -0.02773446   -0.98469846    0.16484139    0.98469846   -0.05653541
    0.99503894   -0.06049262   -0.07898191   -0.06049262    0.26238343   -0.96306572    0.07898191    0.96306572    0.25742237
    0.54964831   -0.65964707   -0.51259387   -0.65964707    0.03379011   -0.75081554    0.51259387    0.75081554   -0.41656157
    0.50338057   -0.70461891    0.50012018   -0.70461891    0.00026504    0.70958588   -0.50012018   -0.70958588   -0.49635439
    0.80529686    0.19354242   -0.56039120    0.19354242    0.80761138    0.55705044    0.56039120   -0.55705044    0.61290824
    0.06444400   -0.83738934   -0.54279467   -0.83738934    0.25047682   -0.48583994    0.54279467    0.48583994   -0.68507919
    0.82557742   -0.05287660    0.56180601   -0.05287660    0.98397034    0.17031276   -0.56180601   -0.17031276    0.80954776
   -0.18954692    0.57753718    0.79405464    0.57753718    0.71959980   -0.38552164   -0.79405464    0.38552164   -0.46994712
   -0.62414884    0.18137351   -0.75996176    0.18137351    0.97974548    0.08486718    0.75996176   -0.08486718   -0.64440336
    0.99045795    0.08373848   -0.10945735    0.08373848    0.26513337    0.96056867    0.10945735   -0.96056867    0.25559133
    0.09120732    0.48318446    0.87075485    0.48318446    0.74310178   -0.46296060   -0.87075485    0.46296060   -0.16569090
    0.99983926    0.00845174   -0.01581233    0.00845174    0.55561630    0.83139587    0.01581233   -0.83139587    0.55545556
    0.96089593    0.20115703   -0.19030200    0.20115703   -0.03478117    0.97894133    0.19030200   -0.97894133   -0.07388523
    0.51199148   -0.43059428    0.74327202   -0.43059428    0.62006517    0.65582601   -0.74327202   -0.65582601    0.13205664
    0.67615485    0.30581141    0.67029397    0.30581141    0.71121810   -0.63296777   -0.67029397    0.63296777    0.38737295
   -0.10694145   -0.93883592    0.32733873   -0.93883592    0.20374029    0.27762748   -0.32733873   -0.27762748   -0.90320116
    0.36787569    0.36341128    0.85592039    0.36341128    0.79107312   -0.49207272   -0.85592039    0.49207272    0.15894881
    0.58821502   -0.27762223   -0.75955842   -0.27762223    0.81282926   -0.51208837    0.75955842    0.51208837    0.40104428
   -0.44268101   -0.45633761    0.77187403   -0.45633761    0.85565485    0.24415317   -0.77187403   -0.24415317   -0.58702616
   -0.02285074   -0.83680838    0.54701881   -0.83680838    0.31539545    0.44752367   -0.54701881   -0.44752367   -0.70745529
    0.71248483   -0.64901333    0.26673409   -0.64901333   -0.46502980    0.60210380   -0.26673409   -0.60210380   -0.75254497
    0.99957270   -0.00658913   -0.02847804   -0.00658913    0.89839293   -0.43914317    0.02847804    0.43914317    0.89796563
    0.72387121    0.51716593   -0.45667261    0.51716593    0.03139183    0.85530927    0.45667261   -0.85530927   -0.24473696
    0.80814888   -0.02739400   -0.58834085   -0.02739400    0.99608847   -0.08400790    0.58834085    0.08400790    0.80423735
    0.99884551   -0.04587481   -0.01425319   -0.04587481   -0.82287785   -0.56636344    0.01425319    0.56636344   -0.82403234
   -0.34446705   -0.02176975   -0.93854597   -0.02176975    0.99964750   -0.01519703    0.93854597    0.01519703   -0.34481955
    0.11975459    0.17885588    0.97655999    0.17885588    0.96365852   -0.19842591   -0.97655999    0.19842591    0.08341311
    0.01298603   -0.11251314   -0.99356538   -0.11251314    0.98717424   -0.11325996    0.99356538    0.11325996    0.00016027
    0.97769872    0.10959803    0.17914654    0.10959803    0.46138835   -0.88040278   -0.17914654    0.88040278    0.43908708
    0.90334556    0.21500187   -0.37113475    0.21500187    0.52174154    0.82556645    0.37113475   -0.82556645    0.42508709
    0.93825711    0.09149945    0.33361871    0.09149945    0.86440302   -0.49440395   -0.33361871    0.49440395    0.80266013
   -0.44752138   -0.41488179   -0.79221065   -0.41488179    0.88108853   -0.22705970    0.79221065    0.22705970   -0.56643285
    0.88994215    0.18677313    0.41607544    0.18677313    0.68303758   -0.70609876   -0.41607544    0.70609876    0.57297973
   -0.25726069   -0.25398070    0.93236835   -0.25398070    0.94869306    0.18834882   -0.93236835   -0.18834882   -0.30856763
    0.97818699   -0.09839838   -0.18294254   -0.09839838    0.55612545   -0.82525284    0.18294254    0.82525284    0.53431244
    0.78389445    0.44092319    0.43714556    0.44092319    0.10037823   -0.89191421   -0.43714556    0.89191421   -0.11572732
   -0.74296588   -0.61396077   -0.26655933   -0.61396077    0.78373196   -0.09389568    0.26655933    0.09389568   -0.95923393
    0.08323901    0.97306663   -0.21497115    0.97306663   -0.03283046    0.22817425    0.21497115   -0.22817425   -0.94959145
    0.85536896    0.04621800    0.51595334    0.04621800    0.98523067   -0.16487698   -0.51595334    0.16487698    0.84059963
    0.27712105   -0.36417724   -0.88914502   -0.36417724    0.81653213   -0.44793998    0.88914502    0.44793998    0.09365318
   -0.22324188    0.18630479    0.95679339    0.18630479    0.97162501   -0.14572358   -0.95679339    0.14572358   -0.25161687
    0.97505368    0.21999678    0.02952503    0.21999678   -0.94010956   -0.26037557   -0.02952503    0.26037557   -0.96505587
    0.95286885   -0.11782926    0.27956611   -0.11782926    0.70542335    0.69892358   -0.27956611   -0.69892358    0.65829220
    0.79737760   -0.45580067    0.39551827   -0.45580067   -0.02532719    0.88972146   -0.39551827   -0.88972146   -0.22794958
    0.77145614    0.57837997    0.26520188    0.57837997   -0.46371635   -0.67115107   -0.26520188    0.67115107   -0.69226021
    0.48986217    0.18159637    0.85267685    0.18159637    0.93535621   -0.30353174   -0.85267685    0.30353174    0.42521838
    0.62055787   -0.41125821   -0.66766355   -0.41125821    0.55425795   -0.72364688    0.66766355    0.72364688    0.17481582
    0.95507910   -0.06250349    0.28968470   -0.06250349    0.91303188    0.40307084   -0.28968470   -0.40307084    0.86811098
    0.99754820   -0.00265218   -0.06993244   -0.00265218    0.99713107   -0.07564789    0.06993244    0.07564789    0.99467927
    0.97800908    0.19263720   -0.07993213    0.19263720   -0.68747347    0.70019365    0.07993213   -0.70019365   -0.70946439
    0.36746382    0.65628994    0.65897940    0.65628994    0.31906426   -0.68372619   -0.65897940    0.68372619   -0.31347192
   -0.49799905    0.61677516    0.60957801    0.61677516    0.74605352   -0.25098318   -0.60957801    0.25098318   -0.75194554
   -0.82802495    0.44210217    0.34484829    0.44210217    0.89307896   -0.08340049   -0.34484829    0.08340049   -0.93494599
    0.74197438   -0.46612490   -0.48187300   -0.46612490    0.15794242   -0.87050661    0.48187300    0.87050661   -0.10008319
    0.76010153    0.16134839    0.62945401    0.16134839    0.89148199   -0.42335158   -0.62945401    0.42335158    0.65158352
    0.04102342   -0.67043943   -0.74082930   -0.67043943    0.53128258   -0.51792837    0.74082930    0.51792837   -0.42769400
    0.52503010    0.50979736   -0.68150572    0.50979736    0.45282142    0.73147755    0.68150572   -0.73147755   -0.02214847
   -0.08231890   -0.39241370   -0.91609775   -0.39241370    0.85772353   -0.33214730    0.91609775    0.33214730   -0.22459537
    0.91519491   -0.32908382   -0.23264159   -0.32908382   -0.27700078   -0.90275933    0.23264159    0.90275933   -0.36180587
    0.56133398    0.04045185   -0.82660015    0.04045185    0.99626971    0.07622543    0.82660015   -0.07622543    0.55760368
    0.26135855    0.90988174    0.32219081    0.90988174   -0.12082092   -0.39688477   -0.32219081    0.39688477   -0.85946237
