# Rotation matrices: 8 entries, row-major flattening of 3x3 -> 1x9
# https://github.com/Neurophysics-CFIN/GFO
# Col:  1    2    3    4    5    6    7    8    9
#       R11  R12  R13  R21  R22  R23  R31  R32  R33
# where Rij = R(i,j), i = row index, j = column index

    0.76806164    0.10282427    0.63206683    0.10282427    0.95441534   -0.28021158   -0.63206683    0.28021158    0.72247698
    0.84332680   -0.38347840    0.37648935   -0.38347840    0.06138587    0.92150751   -0.37648935   -0.92150751   -0.09528733
    0.78878674    0.45421963    0.41412559    0.45421963    0.02318883   -0.89058790   -0.41412559    0.89058790   -0.18802442
    0.99491644   -0.09751720   -0.02513314   -0.09751720   -0.87065816   -0.48212525    0.02513314    0.48212525   -0.87574173
   -0.00844889    0.28467727    0.95858618    0.28467727    0.91963782   -0.27060142   -0.95858618    0.27060142   -0.08881107
    0.99846231   -0.01854191   -0.05224189   -0.01854191    0.77641651   -0.62994730    0.05224189    0.62994730    0.77487882
    0.52812232   -0.27636239    0.80293876   -0.27636239    0.83814414    0.47025337   -0.80293876   -0.47025337    0.36626646
   -0.72389578   -0.20345138    0.65922867   -0.20345138    0.97598900    0.07780110   -0.65922867   -0.07780110   -0.74790678
