# Rotation matrices: 53 entries, row-major flattening of 3x3 -> 1x9
# https://github.com/Neurophysics-CFIN/GFO
# Col:  1    2    3    4    5    6    7    8    9
#       R11  R12  R13  R21  R22  R23  R31  R32  R33
# where Rij = R(i,j), i = row index, j = column index

    0.76813492   -0.26003903    0.58510550   -0.26003903    0.70836360    0.65620173   -0.58510550   -0.65620173    0.47649852
    0.71030180    0.64936839    0.27164691    0.64936839   -0.45558139   -0.60890581   -0.27164691    0.60890581   -0.74527959
    0.99813962   -0.00364542    0.06086057   -0.00364542    0.99285678    0.11925652   -0.06086057   -0.11925652    0.99099640
    0.99191039    0.03759079    0.12124647    0.03759079    0.82532311   -0.56340811   -0.12124647    0.56340811    0.81723350
   -0.22614384   -0.19515918    0.95434368   -0.19515918    0.96893749    0.15189811   -0.95434368   -0.15189811   -0.25720635
    0.84967053   -0.25965830   -0.45895267   -0.25965830    0.55150222   -0.79273127    0.45895267    0.79273127    0.40117275
    0.60982424    0.06228740   -0.79008523    0.06228740    0.99005648    0.12612869    0.79008523   -0.12612869    0.59988072
    0.31617259   -0.35732713   -0.87883571   -0.35732713    0.81328230   -0.45922676    0.87883571    0.45922676    0.12945490
    0.85412756    0.28128604    0.43742916    0.28128604    0.45759570   -0.84349531   -0.43742916    0.84349531    0.31172326
    0.81312515    0.13705479   -0.56572385    0.13705479    0.89948344    0.41490423    0.56572385   -0.41490423    0.71260859
    0.86077749   -0.16181907   -0.48257300   -0.16181907    0.81191682   -0.56089719    0.48257300    0.56089719    0.67269431
   -0.79718559    0.27078266    0.53960345    0.27078266    0.95920107   -0.08130226   -0.53960345    0.08130226   -0.83798452
    0.99785538   -0.04955896   -0.04276162   -0.04955896   -0.14523186   -0.98815566    0.04276162    0.98815566   -0.14737648
   -0.47499301   -0.69495291    0.53983525   -0.69495291    0.67256825    0.25434702   -0.53983525   -0.25434702   -0.80242476
    0.97901394    0.15396095   -0.13352054    0.15396095   -0.12951040    0.97955249    0.13352054   -0.97955249   -0.15049646
   -0.41173422    0.03812080   -0.91050631    0.03812080    0.99897063    0.02458623    0.91050631   -0.02458623   -0.41276359
    0.97020047   -0.19871069    0.13865466   -0.19871069   -0.32505225    0.92458374   -0.13865466   -0.92458374   -0.35485178
    0.52376728   -0.18543651    0.83143318   -0.18543651    0.92779434    0.32374522   -0.83143318   -0.32374522    0.45156162
    0.59565299   -0.10926395   -0.79577566   -0.10926395    0.97047434   -0.21503706    0.79577566    0.21503706    0.56612733
    0.42552443    0.56626961   -0.70588079    0.56626961    0.44181914    0.69579780    0.70588079   -0.69579780   -0.13265643
    0.45817921    0.60103217    0.65485277    0.60103217    0.33328570   -0.72641653   -0.65485277    0.72641653   -0.20853508
    0.88983071    0.08520326    0.44826523    0.08520326    0.93410510   -0.34668151   -0.44826523    0.34668151    0.82393580
    0.62576636   -0.26828806   -0.73241926   -0.26828806    0.80766431   -0.52507130    0.73241926    0.52507130    0.43343068
    0.96254094    0.15209440   -0.22445986    0.15209440    0.38245359    0.91137070    0.22445986   -0.91137070    0.34499453
    0.98295843   -0.07359459   -0.16845346   -0.07359459    0.68217936   -0.72747175    0.16845346    0.72747175    0.66513779
    0.14394259    0.71666627   -0.68240016    0.71666627    0.40002792    0.57128549    0.68240016   -0.57128549   -0.45602949
    0.90808631    0.00399779    0.41876398    0.00399779    0.99982612   -0.01821416   -0.41876398    0.01821416    0.90791243
    0.21480517   -0.56803654   -0.79447670   -0.56803654    0.58906312   -0.57475136    0.79447670    0.57475136   -0.19613171
   -0.10079631    0.44139998   -0.89163118    0.44139998    0.82300637    0.35752844    0.89163118   -0.35752844   -0.27778994
    0.05709317    0.09733625    0.99361261    0.09733625    0.98995198   -0.10257061   -0.99361261    0.10257061    0.04704515
    0.90574663   -0.28169064   -0.31665979   -0.28169064    0.15812434   -0.94638632    0.31665979    0.94638632    0.06387097
    0.50977594    0.75190895   -0.41804475    0.75190895   -0.15328300    0.64119985    0.41804475   -0.64119985   -0.64350706
    0.94537023   -0.11743918    0.30411046   -0.11743918    0.74753763    0.65375494   -0.30411046   -0.65375494    0.69290786
    0.98486320    0.08317257    0.15207496    0.08317257    0.54298945   -0.83561042   -0.15207496    0.83561042    0.52785265
    0.97202198   -0.01029529   -0.23466420   -0.01029529    0.99621157   -0.08635117    0.23466420    0.08635117    0.96823354
    0.50904840   -0.55665463    0.65650998   -0.55665463    0.36884946    0.74436933   -0.65650998   -0.74436933   -0.12210215
    0.84968706    0.23025833   -0.47435535    0.23025833    0.64727656    0.72664583    0.47435535   -0.72664583    0.49696362
   -0.42887818    0.53340643   -0.72906865    0.53340643    0.80087706    0.27216449    0.72906865   -0.27216449   -0.62800111
    0.97760909   -0.04629010   -0.20527468   -0.04629010    0.90430164   -0.42437692    0.20527468    0.42437692    0.88191073
    0.96522462    0.03831678   -0.25859863    0.03831678    0.95778118    0.28493337    0.25859863   -0.28493337    0.92300581
   -0.03666988    0.64065210    0.76695515    0.64065210    0.60408311   -0.47397097   -0.76695515    0.47397097   -0.43258677
   -0.70054259   -0.14215651   -0.69930795   -0.14215651    0.98811646   -0.05845850    0.69930795    0.05845850   -0.71242614
    0.99970572    0.01082714   -0.02170801    0.01082714    0.60164249    0.79869211    0.02170801   -0.79869211    0.60134821
    0.61165122    0.78244622   -0.11687899    0.78244622   -0.57647486    0.23548811    0.11687899   -0.23548811   -0.96482364
    0.26500252    0.38004358   -0.88619441    0.38004358    0.80349167    0.45822266    0.88619441   -0.45822266    0.06849420
    0.82430787    0.39224305    0.40824249    0.39224305    0.12429425   -0.91142544   -0.40824249    0.91142544   -0.05139788
    0.95513698   -0.15750819    0.25080772   -0.15750819    0.44700929    0.88055316   -0.25080772   -0.88055316    0.40214627
    0.99090977   -0.12997810   -0.03469176   -0.12997810   -0.85851283   -0.49604578    0.03469176    0.49604578   -0.86760306
    0.77470565   -0.36380591    0.51718123   -0.36380591    0.41252527    0.83514559   -0.51718123   -0.83514559    0.18723091
    0.17823578   -0.19640440    0.96418739   -0.19640440    0.95305869    0.23044401   -0.96418739   -0.23044401    0.13129447
    0.00766962   -0.94250223   -0.33411183   -0.94250223    0.10482388   -0.31733498    0.33411183    0.31733498   -0.88750650
   -0.24526190    0.24785744    0.93723705    0.24785744    0.95066636   -0.18654804   -0.93723705    0.18654804   -0.29459555
    0.79013937   -0.13750288    0.59730456   -0.13750288    0.90990667    0.39136019   -0.59730456   -0.39136019    0.70004605
