# Rotation matrices: 43 entries, row-major flattening of 3x3 -> 1x9
# https://github.com/Neurophysics-CFIN/GFO
# Col:  1    2    3    4    5    6    7    8    9
#       R11  R12  R13  R21  R22  R23  R31  R32  R33
# where Rij = R(i,j), i = row index, j = column index

   -0.51549987    0.00339299    0.85688294    0.00339299    0.99999240   -0.00191844   -0.85688294    0.00191844   -0.51550747
    0.36287187    0.49606531   -0.78882394    0.49606531    0.61376561    0.61417504    0.78882394   -0.61417504   -0.02336252
    0.99784796    0.05922554    0.02813883    0.05922554   -0.62992159   -0.77439726   -0.02813883    0.77439726   -0.63207364
   -0.01478800   -0.97857002   -0.20538263   -0.97857002    0.05635532   -0.19805248    0.20538263    0.19805248   -0.95843267
    0.40477592   -0.21756567   -0.88815631   -0.21756567    0.92047563   -0.32463795    0.88815631    0.32463795    0.32525155
    0.47713180   -0.72881455   -0.49109529   -0.72881455   -0.01587868   -0.68452700    0.49109529    0.68452700   -0.53874688
    0.91537590    0.31460018   -0.25122439    0.31460018   -0.16956362    0.93395659    0.25122439   -0.93395659   -0.25418772
    0.29689584   -0.04189823    0.95399025   -0.04189823    0.99750327    0.05684862   -0.95399025   -0.05684862    0.29439911
    0.99071729    0.03080997   -0.13240090    0.03080997    0.89773952    0.43944795    0.13240090   -0.43944795    0.88845681
    0.67117695    0.15785740   -0.72429451    0.15785740    0.92421772    0.34771057    0.72429451   -0.34771057    0.59539468
    0.98604674    0.00426646   -0.16641403    0.00426646    0.99869545    0.05088407    0.16641403   -0.05088407    0.98474219
    0.55206577   -0.40867175   -0.72678111   -0.40867175    0.62714928   -0.66307705    0.72678111    0.66307705    0.17921505
   -0.07569529    0.35379533   -0.93225484    0.35379533    0.88363700    0.30661788    0.93225484   -0.30661788   -0.19205830
    0.08984138   -0.38045985   -0.92042318   -0.38045985    0.84096212   -0.38475059    0.92042318    0.38475059   -0.06919650
    0.75423213    0.44133003    0.48617044    0.44133003    0.20749529   -0.87302549   -0.48617044    0.87302549   -0.03827258
    0.57035781   -0.20573462    0.79521396   -0.20573462    0.90148376    0.38078904   -0.79521396   -0.38078904    0.47184157
    0.92744480    0.19485005   -0.31918584    0.19485005    0.47672198    0.85718704    0.31918584   -0.85718704    0.40416678
    0.86874238    0.01661470    0.49498549    0.01661470    0.99789690   -0.06265567   -0.49498549    0.06265567    0.86663928
    0.99846233    0.01622899    0.05300568    0.01622899    0.82871526   -0.55943510   -0.05300568    0.55943510    0.82717759
    0.10351075   -0.00683903   -0.99460482   -0.00683903    0.99994783   -0.00758752    0.99460482    0.00758752    0.10345858
    0.68802726   -0.57675367    0.44042445   -0.57675367   -0.06626238    0.81422632   -0.44042445   -0.81422632   -0.37823512
    0.87877604    0.11199022    0.46390825    0.11199022    0.89654018   -0.42857192   -0.46390825    0.42857192    0.77531622
    0.99054626    0.01493833    0.13636333    0.01493833    0.97639520   -0.21547451   -0.13636333    0.21547451    0.96694145
    0.87026191    0.05144877   -0.48989512    0.05144877    0.97959754    0.19427217    0.48989512   -0.19427217    0.84985946
    0.67483259    0.32325502   -0.66340573    0.32325502    0.67864611    0.65950409    0.66340573   -0.65950409    0.35347870
    0.95741387   -0.04489255   -0.28520753   -0.04489255    0.95267612   -0.30065407    0.28520753    0.30065407    0.91008999
    0.62257625    0.01280133    0.78245443    0.01280133    0.99956581   -0.02653901   -0.78245443    0.02653901    0.62214206
    0.78491985   -0.05635729   -0.61702892   -0.05635729    0.98523274   -0.16167962    0.61702892    0.16167962    0.77015259
    0.42638754    0.66486663   -0.61330745    0.66486663    0.22936187    0.71087657    0.61330745   -0.71087657   -0.34425059
    0.89641654    0.14649185   -0.41830316    0.14649185    0.79282539    0.59158096    0.41830316   -0.59158096    0.68924193
   -0.19001871    0.62873241   -0.75404804    0.62873241    0.66781662    0.39839242    0.75404804   -0.39839242   -0.52220209
    0.96804570   -0.07476965    0.23936797   -0.07476965    0.82504700    0.56009548   -0.23936797   -0.56009548    0.79309270
   -0.33075300   -0.75956720   -0.56005368   -0.75956720    0.56645424   -0.31966744    0.56005368    0.31966744   -0.76429876
    0.96385661   -0.14676755    0.22235043   -0.14676755    0.40402056    0.90289904   -0.22235043   -0.90289904    0.36787718
    0.97665018   -0.16344049    0.13943328   -0.16344049   -0.14402549    0.97598354   -0.13943328   -0.97598354   -0.16737532
    0.62578760   -0.70760258    0.32815920   -0.70760258   -0.33801398    0.62052005   -0.32815920   -0.62052005   -0.71222638
    0.72647648   -0.20493197   -0.65592288   -0.20493197    0.84645887   -0.49143695    0.65592288    0.49143695    0.57293535
    0.33168330    0.24691999   -0.91050355    0.24691999    0.90877157    0.33639968    0.91050355   -0.33639968    0.24045487
    0.99840228   -0.02724025   -0.04950605   -0.02724025    0.53556766   -0.84405287    0.04950605    0.84405287    0.53396995
    0.99449687    0.06850937   -0.07926182    0.06850937    0.14711514    0.98674394    0.07926182   -0.98674394    0.14161201
    0.60069215   -0.38892280    0.69850411   -0.38892280    0.62119216    0.68033768   -0.69850411   -0.68033768    0.22188431
    0.81539127   -0.37613211    0.44007013   -0.37613211    0.23364751    0.89662338   -0.44007013   -0.89662338    0.04903878
    0.93161103    0.15190394    0.33019099    0.15190394    0.66259465   -0.73341225   -0.33019099    0.73341225    0.59420567
