# Rotation matrices: 40 entries, row-major flattening of 3x3 -> 1x9
# https://github.com/Neurophysics-CFIN/GFO
# Col:  1    2    3    4    5    6    7    8    9
#       R11  R12  R13  R21  R22  R23  R31  R32  R33
# where Rij = R(i,j), i = row index, j = column index

    0.97933054   -0.02181317    0.20108674   -0.02181317    0.97697984    0.21221350   -0.20108674   -0.21221350    0.95631038
    0.83866761   -0.16914024   -0.51771442   -0.16914024    0.82267405   -0.54276974    0.51771442    0.54276974    0.66134165
    0.82308499   -0.10146774    0.55878028   -0.10146774    0.94180424    0.32048255   -0.55878028   -0.32048255    0.76488923
    0.99527846   -0.02900888   -0.09262434   -0.02900888    0.82177100   -0.56907901    0.09262434    0.56907901    0.81704946
    0.99041075    0.03385000   -0.13394297    0.03385000    0.88050964    0.47281810    0.13394297   -0.47281810    0.87092039
    0.54460239   -0.25229795    0.79984622   -0.25229795    0.86022268    0.44312829   -0.79984622   -0.44312829    0.40482507
    0.98819117    0.06811009    0.13725605    0.06811009    0.60715958   -0.79165539   -0.13725605    0.79165539    0.59535075
    0.83336028    0.07937184   -0.54700160    0.07937184    0.96219455    0.26054127    0.54700160   -0.26054127    0.79555484
    0.69224696    0.16337374    0.70292473    0.16337374    0.91327144   -0.37315452   -0.70292473    0.37315452    0.60551840
    0.76456165   -0.04937327   -0.64265680   -0.04937327    0.98964604   -0.13477019    0.64265680    0.13477019    0.75420769
    0.82763778   -0.22691261    0.51334820   -0.22691261    0.70127251    0.67581619   -0.51334820   -0.67581619    0.52891029
    0.99623078    0.05277946    0.06883728    0.05277946    0.26094316   -0.96391026   -0.06883728    0.96391026    0.25717393
    0.55492008    0.42860143   -0.71299686    0.42860143    0.58726697    0.68659910    0.71299686   -0.68659910    0.14218705
    0.30887498    0.16844535    0.93606752    0.16844535    0.95894544   -0.22814429   -0.93606752    0.22814429    0.26782042
    0.69040047   -0.35112663   -0.63250082   -0.35112663    0.60177616   -0.71733920    0.63250082    0.71733920    0.29217663
    0.89337388    0.16126795   -0.41937543    0.16126795    0.75608836    0.63428940    0.41937543   -0.63428940    0.64946224
    0.23036023   -0.11768462    0.96596299   -0.11768462    0.98200500    0.14770415   -0.96596299   -0.14770415    0.21236523
    0.26077104   -0.40335532   -0.87709917   -0.40335532    0.77991188   -0.47858327    0.87709917    0.47858327    0.04068292
    0.94427533   -0.18481347    0.27237491   -0.18481347    0.38705756    0.90334402   -0.27237491   -0.90334402    0.33133289
    0.99629592    0.05633617   -0.06496665    0.05633617    0.14316968    0.98809346    0.06496665   -0.98809346    0.13946560
    0.82427622    0.35548489    0.44068039    0.35548489    0.28086281   -0.89148560   -0.44068039    0.89148560    0.10513903
    0.22040667    0.27470314   -0.93592686    0.27470314    0.90320362    0.32978995    0.93592686   -0.32978995    0.12361029
    0.17044481   -0.06237825   -0.98339083   -0.06237825    0.99530948   -0.07394590    0.98339083    0.07394590    0.16575428
    0.94962703   -0.15202359   -0.27403893   -0.15202359    0.54119895   -0.82703840    0.27403893    0.82703840    0.49082598
    0.87724333    0.26119430   -0.40276753    0.26119430    0.44424639    0.85698464    0.40276753   -0.85698464    0.32148972
    0.59391466   -0.01725685    0.80434295   -0.01725685    0.99926666    0.03418106   -0.80434295   -0.03418106    0.59318131
    0.64485233   -0.42772378    0.63341758   -0.42772378    0.48486883    0.76285948   -0.63341758   -0.76285948    0.12972117
    0.90554598   -0.27781965   -0.32062864   -0.27781965    0.18284308   -0.94307192    0.32062864    0.94307192    0.08838906
    0.51454444    0.36784391    0.77455463    0.36784391    0.72127389   -0.58690275   -0.77455463    0.58690275    0.23581833
    0.62993992    0.23792839   -0.73930087    0.23792839    0.84702506    0.47533003    0.73930087   -0.47533003    0.47696497
    0.86627322    0.02381450    0.49900258    0.02381450    0.99575904   -0.08886399   -0.49900258    0.08886399    0.86203226
    0.52827305   -0.20346516   -0.82433580   -0.20346516    0.91224146   -0.35555232    0.82433580    0.35555232    0.44051450
    0.99829022    0.02716178   -0.05175783    0.02716178    0.56850446    0.82223167    0.05175783   -0.82223167    0.56679468
    0.83502426    0.24456815    0.49287007    0.24456815    0.63744015   -0.73065483   -0.49287007    0.73065483    0.47246441
    0.51107748    0.05058529   -0.85804483    0.05058529    0.99476630    0.08877572    0.85804483   -0.08877572    0.50584379
    0.97165239   -0.07640057    0.22372882   -0.07640057    0.79409031    0.60297888   -0.22372882   -0.60297888    0.76574270
    0.99457946    0.01025103    0.10347279    0.01025103    0.98061380   -0.19568211   -0.10347279    0.19568211    0.97519326
    0.97557289    0.01118351   -0.21939114    0.01118351    0.99487983    0.10044428    0.21939114   -0.10044428    0.97045272
    0.93242112    0.09334157    0.34911059    0.09334157    0.87107438   -0.48219993   -0.34911059    0.48219993    0.80349550
    0.94802585   -0.04350998   -0.31520450   -0.04350998    0.96357577   -0.26387236    0.31520450    0.26387236    0.91160161
