# Rotation matrices: 32 entries, row-major flattening of 3x3 -> 1x9
# https://github.com/Neurophysics-CFIN/GFO
# Col:  1    2    3    4    5    6    7    8    9
#       R11  R12  R13  R21  R22  R23  R31  R32  R33
# where Rij = R(i,j), i = row index, j = column index

    0.46141562    0.25852702    0.84868098    0.25852702    0.87590390   -0.40737714   -0.84868098    0.40737714    0.33731952
    0.91290885   -0.18820186   -0.36218434   -0.18820186    0.59330037   -0.78267153    0.36218434    0.78267153    0.50620922
    0.96362071    0.03080884   -0.26549187    0.03080884    0.97390866    0.22483936    0.26549187   -0.22483936    0.93752937
    0.95296683    0.14023141   -0.26868081    0.14023141    0.58189407    0.80108330    0.26868081   -0.80108330    0.53486089
    0.89193011   -0.05249633   -0.44911560   -0.05249633    0.97449924   -0.21816362    0.44911560    0.21816362    0.86642935
    0.85852698   -0.42059463   -0.29331141   -0.42059463   -0.25041396   -0.87200516    0.29331141    0.87200516   -0.39188698
    0.18047622   -0.68468653    0.70613928   -0.68468653    0.42796578    0.58995733   -0.70613928   -0.58995733   -0.39155800
    0.40887172    0.72466712   -0.55469044    0.72466712    0.11162695    0.67999778    0.55469044   -0.67999778   -0.47950133
    0.99710844   -0.04749919   -0.05931765   -0.04749919    0.21973825   -0.97440183    0.05931765    0.97440183    0.21684670
   -0.05404111    0.00648645   -0.99851764    0.00648645    0.99996008    0.00614477    0.99851764   -0.00614477   -0.05408103
    0.99136179    0.12472372    0.04056845    0.12472372   -0.80083633   -0.58575180   -0.04056845    0.58575180   -0.80947454
    0.62226976   -0.10439366   -0.77581074   -0.10439366    0.97114862   -0.21441155    0.77581074    0.21441155    0.59341838
   -0.44971139   -0.07613024   -0.88992351   -0.07613024    0.99600209   -0.04673350    0.88992351    0.04673350   -0.45370930
    0.96619861    0.22905742   -0.11829178    0.22905742   -0.55222321    0.80161227    0.11829178   -0.80161227   -0.58602460
    0.99434999    0.06686400   -0.08244582    0.06686400    0.20871114    0.97568892    0.08244582   -0.97568892    0.20306113
    0.59048721    0.54847929    0.59202646    0.54847929    0.26539651   -0.79292822   -0.59202646    0.79292822   -0.14411629
   -0.08510886   -0.66653344   -0.74060087   -0.66653344    0.59057856   -0.45491772    0.74060087    0.45491772   -0.49453030
    0.80820288   -0.37991638   -0.44996850   -0.37991638    0.24745243   -0.89130850    0.44996850    0.89130850    0.05565531
    0.99996195    0.00074535    0.00869187    0.00074535    0.98540081   -0.17024890   -0.00869187    0.17024890    0.98536276
   -0.69849975   -0.42489882   -0.57581168   -0.42489882    0.89370678   -0.14404577    0.57581168    0.14404577   -0.80479297
    0.73483288    0.23671587   -0.63559911    0.23671587    0.78868269    0.56740216    0.63559911   -0.56740216    0.52351557
    0.95952335    0.06959675    0.27289418    0.06959675    0.88033329   -0.46922232   -0.27289418    0.46922232    0.83985664
    0.14782920    0.44768887    0.88188503    0.44768887    0.76480616   -0.46329927   -0.88188503    0.46329927   -0.08736465
    0.38971486    0.09282956   -0.91624505    0.09282956    0.98587984    0.13936866    0.91624505   -0.13936866    0.37559470
    0.97894732   -0.02135139    0.20299324   -0.02135139    0.97834565    0.20587351   -0.20299324   -0.20587351    0.95729298
    0.97642635   -0.06233258   -0.20665485   -0.06233258    0.83518245   -0.54642924    0.20665485    0.54642924    0.81160881
    0.05996178   -0.37729628    0.92414940   -0.37729628    0.84856735    0.37091910   -0.92414940   -0.37091910   -0.09147087
    0.77082464    0.08030767   -0.63196524    0.08030767    0.97185857    0.22145337    0.63196524   -0.22145337    0.74268321
    0.91505769   -0.13193838    0.38113213   -0.13193838    0.79506402    0.59200124   -0.38113213   -0.59200124    0.71012171
    0.39102605   -0.57052605   -0.72221788   -0.57052605    0.46549443   -0.67662025    0.72221788    0.67662025   -0.14347953
   -0.45364781    0.62938831   -0.63093107    0.62938831    0.72749269    0.27317528    0.63093107   -0.27317528   -0.72615511
    0.82452616    0.41784225   -0.38152911    0.41784225    0.00502463    0.90850570    0.38152911   -0.90850570   -0.17044921
