# Rotation matrices: 79 entries, row-major flattening of 3x3 -> 1x9
# https://github.com/Neurophysics-CFIN/GFO
# Col:  1    2    3    4    5    6    7    8    9
#       R11  R12  R13  R21  R22  R23  R31  R32  R33
# where Rij = R(i,j), i = row index, j = column index

    0.85666692    0.13065939   -0.49904901    0.13065939    0.88089368    0.45492247    0.49904901   -0.45492247    0.73756060
    0.96235601    0.05854210   -0.26541239    0.05854210    0.90895818    0.41275641    0.26541239   -0.41275641    0.87131418
   -0.52695490    0.48889615    0.69519716    0.48889615    0.84346660   -0.22258628   -0.69519716    0.22258628   -0.68348830
    0.26968361   -0.01969840   -0.96274749   -0.01969840    0.99946869   -0.02596763    0.96274749    0.02596763    0.26915230
    0.85136177    0.22023084   -0.47611083    0.22023084    0.67369351    0.70543280    0.47611083   -0.70543280    0.52505527
    0.84920206    0.36431722   -0.38226800    0.36431722    0.11983522    0.92353261    0.38226800   -0.92353261   -0.03096272
    0.90447702   -0.32584873   -0.27521613   -0.32584873   -0.11153775   -0.93881944    0.27521613    0.93881944   -0.20706073
    0.99729910   -0.04267357   -0.05977853   -0.04267357    0.32576812   -0.94448616    0.05977853    0.94448616    0.32306722
    0.90323218   -0.37594148    0.20697739   -0.37594148   -0.46052677    0.80410391   -0.20697739   -0.80410391   -0.55729459
    0.11637536   -0.46139771   -0.87952768   -0.46139771    0.75907435   -0.45925842    0.87952768    0.45925842   -0.12455029
    0.76774379    0.34393766    0.54062589    0.34393766    0.49067835   -0.80058831   -0.54062589    0.80058831    0.25842215
    0.70446102    0.26904966    0.65677009    0.26904966    0.75506540   -0.59790344   -0.65677009    0.59790344    0.45952642
    0.51775872   -0.47350598    0.71254333   -0.47350598    0.53507110    0.69963634   -0.71254333   -0.69963634    0.05282981
    0.07990435   -0.68009739    0.72875430   -0.68009739    0.49729958    0.53866563   -0.72875430   -0.53866563   -0.42279606
    0.33113642    0.05865186    0.94175826    0.05865186    0.99485689   -0.08258167   -0.94175826    0.08258167    0.32599331
    0.42924286   -0.18232455   -0.88459500   -0.18232455    0.94175764   -0.28257795    0.88459500    0.28257795    0.37100051
    0.50045053    0.37984823    0.77798753    0.37984823    0.71117040   -0.59156740   -0.77798753    0.59156740    0.21162093
    0.39342044   -0.37082385   -0.84125503   -0.37082385    0.77330208   -0.51428939    0.84125503    0.51428939    0.16672252
    0.08393631   -0.82280585    0.56209005   -0.82280585    0.26095808    0.50486772   -0.56209005   -0.50486772   -0.65510561
    0.99967622   -0.00187758   -0.02537588   -0.00187758    0.98911215   -0.14715176    0.02537588    0.14715176    0.98878836
    0.99875944   -0.04483856   -0.02165846   -0.04483856   -0.62063349   -0.78281771    0.02165846    0.78281771   -0.62187406
    0.67421958   -0.12610603   -0.72768484   -0.12610603    0.95118574   -0.28167883    0.72768484    0.28167883    0.62540532
    0.36571583    0.64567553    0.67033949    0.64567553    0.34272852   -0.68237839   -0.67033949    0.68237839   -0.29155565
    0.98520545    0.15104998   -0.08095754    0.15104998   -0.54219611    0.82656354    0.08095754   -0.82656354   -0.55699066
    0.99171588    0.08691583    0.09457937    0.08691583    0.08809157   -0.99231321   -0.09457937    0.99231321    0.07980745
   -0.43498240   -0.26536442   -0.86044874   -0.26536442    0.95092743   -0.15911866    0.86044874    0.15911866   -0.48405497
    0.94341629   -0.10730599   -0.31376922   -0.10730599    0.79650368   -0.59503556    0.31376922    0.59503556    0.73991997
    0.98335512    0.01018211   -0.18140845    0.01018211    0.99377133    0.11097237    0.18140845   -0.11097237    0.97712645
    0.88761198    0.04316914   -0.45856449    0.04316914    0.98341839    0.17613829    0.45856449   -0.17613829    0.87103037
    0.58777975   -0.32726066    0.73987528   -0.32726066    0.74018856    0.58738519   -0.73987528   -0.58738519    0.32796830
    0.65162041   -0.73718597    0.17873917   -0.73718597   -0.55991673    0.37821965   -0.17873917   -0.37821965   -0.90829632
    0.83299698    0.53916185   -0.12417939    0.53916185   -0.74066021    0.40090766    0.12417939   -0.40090766   -0.90766322
    0.77833999   -0.41896650    0.46760446   -0.41896650    0.20809835    0.88383378   -0.46760446   -0.88383378   -0.01356166
   -0.77693239   -0.15407308    0.61044045   -0.15407308    0.98664073    0.05292967   -0.61044045   -0.05292967   -0.79029166
    0.50341533    0.20916144    0.83834629    0.20916144    0.91190121   -0.35311142   -0.83834629    0.35311142    0.41531654
    0.67723808   -0.38388471   -0.62767915   -0.38388471    0.54341743   -0.74654540    0.62767915    0.74654540    0.22065551
    0.97106000    0.08136832    0.22454772    0.08136832    0.77122314   -0.63134307   -0.22454772    0.63134307    0.74228313
   -0.06765808   -0.85463492   -0.51480243   -0.85463492    0.31588506   -0.41208711    0.51480243    0.41208711   -0.75177302
   -0.68176977   -0.59346686   -0.42776987   -0.59346686    0.79057602   -0.15095244    0.42776987    0.15095244   -0.89119375
    0.73224841    0.13710065    0.66709495    0.13710065    0.92979841   -0.34158210   -0.66709495    0.34158210    0.66204682
    0.88203139   -0.07990395   -0.46436623   -0.07990395    0.94587848   -0.31453023    0.46436623    0.31453023    0.82790987
    0.99991854   -0.00388207    0.01215896   -0.00388207    0.81499253    0.57945846   -0.01215896   -0.57945846    0.81491107
    0.45030493   -0.85469851   -0.25829426   -0.85469851   -0.32893597   -0.40161124    0.25829426    0.40161124   -0.87863103
    0.94872698   -0.11127539    0.29586299   -0.11127539    0.75850433    0.64209732   -0.29586299   -0.64209732    0.70723131
    0.83944237   -0.23840626   -0.48836355   -0.23840626    0.64599910   -0.72515352    0.48836355    0.72515352    0.48544147
    0.98844249   -0.00782701    0.15139412   -0.00782701    0.99469937    0.10252761   -0.15139412   -0.10252761    0.98314186
    0.03914460    0.02444693    0.99893446    0.02444693    0.99937800   -0.02541577   -0.99893446    0.02541577    0.03852260
    0.46503768    0.28580092   -0.83788889    0.28580092    0.84731230    0.44763791    0.83788889   -0.44763791    0.31234998
    0.60016031    0.48373185   -0.63703305    0.48373185    0.41477421    0.77069180    0.63703305   -0.77069180    0.01493451
    0.96443193    0.13342818   -0.22818408    0.13342818    0.49946456    0.85599770    0.22818408   -0.85599770    0.46389649
    0.28168650    0.82853689   -0.48392081    0.82853689    0.04432624    0.55817722    0.48392081   -0.55817722   -0.67398727
    0.82539202   -0.44245061    0.35066432   -0.44245061   -0.12115463    0.88857133   -0.35066432   -0.88857133   -0.29576261
    0.96834557   -0.17084754   -0.18198342   -0.17084754    0.07788938   -0.98221401    0.18198342    0.98221401    0.04623496
    0.77799142    0.57360433    0.25633461    0.57360433   -0.48202344   -0.66229260   -0.25633461    0.66229260   -0.70403202
    0.80886382   -0.22378892    0.54374428   -0.22378892    0.73798012    0.63663480   -0.54374428   -0.63663480    0.54684394
    0.99881242   -0.01623646   -0.04593619   -0.01623646    0.77801751   -0.62803275    0.04593619    0.62803275    0.77682992
    0.93916000   -0.16690879    0.30019985   -0.16690879    0.54210152    0.82356991   -0.30019985   -0.82356991    0.48126152
    0.46881895    0.12493008   -0.87441481    0.12493008    0.97061732    0.20565626    0.87441481   -0.20565626    0.43943627
   -0.56361525   -0.06259329    0.82366251   -0.06259329    0.99749432    0.03297215   -0.82366251   -0.03297215   -0.56612093
   -0.01809595    0.72803733    0.68529861    0.72803733    0.47938271   -0.49005496   -0.68529861    0.49005496   -0.53871324
   -0.75699590   -0.56185276    0.33358458   -0.56185276    0.82033053    0.10667379   -0.33358458   -0.10667379   -0.93666538
    0.90301532    0.19462059    0.38299629    0.19462059    0.60945200   -0.76856430   -0.38299629    0.76856430    0.51246732
    0.84247885    0.30450752   -0.44441485    0.30450752    0.41134997    0.85910789    0.44441485   -0.85910789    0.25382882
    0.90738346    0.07798236    0.41300607    0.07798236    0.93433951   -0.34774767   -0.41300607    0.34774767    0.84172296
   -0.17031501   -0.26848487   -0.94810794   -0.26848487    0.93840622   -0.21750780    0.94810794    0.21750780   -0.23190879
   -0.57354878    0.20571717   -0.79292007    0.20571717    0.97310566    0.10366204    0.79292007   -0.10366204   -0.60044312
    0.96904621    0.18897984    0.15885864    0.18897984   -0.15376425   -0.96986761   -0.15885864    0.96986761   -0.18471804
   -0.02256306    0.35023795   -0.93638896    0.35023795    0.88004004    0.32072247    0.93638896   -0.32072247   -0.14252302
    0.99851165   -0.03076718    0.04503185   -0.03076718    0.36398119    0.93089799   -0.04503185   -0.93089799    0.36249284
    0.77933638   -0.33183273    0.53152784   -0.33183273    0.50099177    0.79930863   -0.53152784   -0.79930863    0.28032816
    0.13312532   -0.22480103   -0.96526791   -0.22480103    0.94170380   -0.25031671    0.96526791    0.25031671    0.07482911
    0.72962970   -0.06662855    0.68058881   -0.06662855    0.98358043    0.16772052   -0.68058881   -0.16772052    0.71321013
    0.19450767    0.20944726   -0.95827898    0.20944726    0.94553871    0.24917544    0.95827898   -0.24917544    0.14004637
    0.25559757    0.47875640    0.83991797    0.47875640    0.69209169   -0.54018645   -0.83991797    0.54018645   -0.05231074
    0.95103413    0.17632340    0.25385850    0.17632340    0.36506913   -0.91413051   -0.25385850    0.91413051    0.31610326
    0.99786117    0.06447801    0.01075545    0.06447801   -0.94377575   -0.32423743   -0.01075545    0.32423743   -0.94591459
   -0.17866867   -0.64611383   -0.74203398   -0.64611383    0.64581813   -0.40676267    0.74203398    0.40676267   -0.53285054
    0.95917574    0.01948959    0.28213836    0.01948959    0.99069563   -0.13469347   -0.28213836    0.13469347    0.94987137
    0.82038065    0.02788888    0.57113729    0.02788888    0.99566979   -0.08867852   -0.57113729    0.08867852    0.81605044
