# Rotation matrices: 57 entries, row-major flattening of 3x3 -> 1x9
# https://github.com/Neurophysics-CFIN/GFO
# Col:  1    2    3    4    5    6    7    8    9
#       R11  R12  R13  R21  R22  R23  R31  R32  R33
# where Rij = R(i,j), i = row index, j = column index

    0.99580027    0.00288161    0.09150693    0.00288161    0.99802281   -0.06278667   -0.09150693    0.06278667    0.99382308
    0.97964152   -0.02714080   -0.19891170   -0.02714080    0.96381738   -0.26517813    0.19891170    0.26517813    0.94345890
    0.98992961   -0.04658616    0.13367534   -0.04658616    0.78448997    0.61838921   -0.13367534   -0.61838921    0.77441958
    0.90893910    0.11853745    0.39972313    0.11853745    0.84569527   -0.52033488   -0.39972313    0.52033488    0.75463437
    0.88998134    0.07550235   -0.44970281    0.07550235    0.94818511    0.30861691    0.44970281   -0.30861691    0.83816644
    0.89336124   -0.02034862    0.44887819   -0.02034862    0.99611711    0.08565416   -0.44887819   -0.08565416    0.88947835
    0.98176334   -0.06208641   -0.17968311   -0.06208641    0.78862783   -0.61172822    0.17968311    0.61172822    0.77039118
    0.98495019    0.04437931   -0.16704373    0.04437931    0.86913306    0.49258319    0.16704373   -0.49258319    0.85408325
    0.93175250    0.04367149    0.36045814    0.04367149    0.97205466   -0.23065674   -0.36045814    0.23065674    0.90380717
    0.65425025   -0.23047146   -0.72030516   -0.23047146    0.84637128   -0.48014432    0.72030516    0.48014432    0.50062152
    0.86994421   -0.18190984    0.45837309   -0.18190984    0.74556160    0.64112925   -0.45837309   -0.64112925    0.61550580
    0.68394916    0.22597845    0.69364781    0.22597845    0.83842391   -0.49596279   -0.69364781    0.49596279    0.52237307
    0.70629946    0.04896933   -0.70621745    0.04896933    0.99183524    0.11774917    0.70621745   -0.11774917    0.69813469
    0.20399478    0.01717956    0.97882123    0.01717956    0.99962923   -0.02112514   -0.97882123    0.02112514    0.20362400
    0.88241624   -0.19756767   -0.42697611   -0.19756767    0.66804105   -0.71741771    0.42697611    0.71741771    0.55045729
    0.91394914    0.21870671   -0.34185428    0.21870671    0.44413543    0.86885620    0.34185428   -0.86885620    0.35808457
    0.47217366    0.13064504    0.87177056    0.13064504    0.96766337   -0.21577646   -0.87177056    0.21577646    0.43983702
    0.35882912   -0.22389896   -0.90615171   -0.22389896    0.92181375   -0.31643113    0.90615171    0.31643113    0.28064287
    0.78466990   -0.31246054    0.53540784   -0.31246054    0.54659572    0.77691797   -0.53540784   -0.77691797    0.33126562
    0.99048495   -0.06966964   -0.11868324   -0.06966964    0.48987576   -0.86900396    0.11868324    0.86900396    0.48036071
    0.93185444    0.24845979   -0.26441452    0.24845979    0.09411171    0.96405950    0.26441452   -0.96405950    0.02596615
    0.20438381    0.28257756    0.93721779    0.28257756    0.89963744   -0.33286995   -0.93721779    0.33286995    0.10402125
    0.66569933   -0.46719515    0.58187034   -0.46719515    0.34708085    0.81318115   -0.58187034   -0.81318115    0.01278018
    0.99962238    0.01660875   -0.02189182    0.01660875    0.26950670    0.96285528    0.02189182   -0.96285528    0.26912908
    0.68865296    0.42816625   -0.58517583    0.42816625    0.41118329    0.80473720    0.58517583   -0.80473720    0.09983625
    0.13046832    0.04938225   -0.99022190    0.04938225    0.99719549    0.05623647    0.99022190   -0.05623647    0.12766381
    0.54056274   -0.32371458    0.77653126   -0.32371458    0.77191417    0.54713562   -0.77653126   -0.54713562    0.31247691
    0.90206023   -0.25475566   -0.34840622   -0.25475566    0.33734327   -0.90625552    0.34840622    0.90625552    0.23940350
    0.78638154    0.35244751    0.50733109    0.35244751    0.41849950   -0.83704177   -0.50733109    0.83704177    0.20488103
    0.41094088    0.20493565   -0.88832932    0.20493565    0.92870220    0.30905276    0.88832932   -0.30905276    0.33964308
    0.43082742   -0.14850449    0.89013153   -0.14850449    0.96125326    0.23224683   -0.89013153   -0.23224683    0.39208068
    0.67571471   -0.35453292   -0.64630955   -0.35453292    0.61239811   -0.70659392    0.64630955    0.70659392    0.28811282
    0.99830765   -0.03860912   -0.04348770   -0.03860912    0.11917704   -0.99212205    0.04348770    0.99212205    0.11748469
    0.38816901    0.40704202   -0.82682623    0.40704202    0.72920103    0.55007513    0.82682623   -0.55007513    0.11737004
    0.11758467   -0.25117232    0.96077381   -0.25117232    0.92850585    0.27347642   -0.96077381   -0.27347642    0.04609052
    0.92781483   -0.24019811    0.28541987   -0.24019811    0.20073422    0.94974241   -0.28541987   -0.94974241    0.12854906
    0.86818559    0.21724201    0.44616106    0.21724201    0.64196563   -0.73531357   -0.44616106    0.73531357    0.51015121
    0.70215525    0.18203465   -0.68836138    0.18203465    0.88874535    0.42070784    0.68836138   -0.42070784    0.59090060
    0.52478298    0.37758745    0.76290926    0.37758745    0.69998490   -0.60617560   -0.76290926    0.60617560    0.22476789
    0.34162901   -0.45097041   -0.82456977   -0.45097041    0.69109467   -0.56481311    0.82456977    0.56481311    0.03272368
    0.96830924   -0.12377568    0.21692580   -0.12377568    0.51656517    0.84725439   -0.21692580   -0.84725439    0.48487441
    0.97111628    0.13434754    0.19719002    0.13434754    0.37510598   -0.91719477   -0.19719002    0.91719477    0.34622227
    0.44748013   -0.01658752   -0.89414003   -0.01658752    0.99950202   -0.02684350    0.89414003    0.02684350    0.44698215
    0.71469834   -0.16121362    0.68060006   -0.16121362    0.90890403    0.38458242   -0.68060006   -0.38458242    0.62360237
    0.87854365   -0.11315937   -0.46406466   -0.11315937    0.89457082   -0.43236327    0.46406466    0.43236327    0.77311448
    0.71166791    0.30515532   -0.63277880    0.30515532    0.67703987    0.66969937    0.63277880   -0.66969937    0.38870779
    0.75374064    0.08702476    0.65138448    0.08702476    0.96924662   -0.23019055   -0.65138448    0.23019055    0.72298726
    0.70785374   -0.08776955   -0.70088486   -0.08776955    0.97363138   -0.21056697    0.70088486    0.21056697    0.68148512
    0.91186220   -0.08682736    0.40120860   -0.08682736    0.91446359    0.39524340   -0.40120860   -0.39524340    0.82632579
    0.99041958    0.05550242    0.12644578    0.05550242    0.67845680   -0.73254068   -0.12644578    0.73254068    0.66887638
    0.89880069    0.15712657   -0.40922924    0.15712657    0.75603828    0.63538757    0.40922924   -0.63538757    0.65483897
    0.66711907   -0.02977376    0.74435588   -0.02977376    0.99733696    0.06657717   -0.74435588   -0.06657717    0.66445603
    0.88820798   -0.01494864   -0.45919835   -0.01494864    0.99800109   -0.06140322    0.45919835    0.06140322    0.88620907
    0.99268400    0.05342461   -0.10827871    0.05342461    0.60987015    0.79069856    0.10827871   -0.79069856    0.60255415
    0.99624803    0.01955660    0.08430545    0.01955660    0.89806413   -0.43942959   -0.08430545    0.43942959    0.89431215
    0.98184105    0.01186039   -0.18933430    0.01186039    0.99225347    0.12366239    0.18933430   -0.12366239    0.97409452
    0.99357715   -0.01638837    0.11196371   -0.01638837    0.95818388    0.28568351   -0.11196371   -0.28568351    0.95176103
