# Rotation matrices: 10 entries, row-major flattening of 3x3 -> 1x9
# https://github.com/Neurophysics-CFIN/GFO
# Col:  1    2    3    4    5    6    7    8    9
#       R11  R12  R13  R21  R22  R23  R31  R32  R33
# where Rij = R(i,j), i = row index, j = column index

    0.75751568    0.07260565    0.64876684    0.07260565    0.97826012   -0.19425643   -0.64876684    0.19425643    0.73577580
    0.99650588   -0.00392308   -0.08343049   -0.00392308    0.99559531   -0.09367281    0.08343049    0.09367281    0.99210118
    0.91410843    0.12858202   -0.38454185    0.12858202    0.80750920    0.57566966    0.38454185   -0.57566966    0.72161763
    0.99620107    0.05872336   -0.06430387    0.05872336    0.09226112    0.99400174    0.06430387   -0.99400174    0.08846220
    0.36407322    0.47382777    0.80183411    0.47382777    0.64695188   -0.59744498   -0.80183411    0.59744498    0.01102510
    0.14826321   -0.19704533    0.96911875   -0.19704533    0.95441448    0.22420110   -0.96911875   -0.22420110    0.10267770
    0.74889259   -0.33455688   -0.57204159   -0.33455688    0.55426124   -0.76214577    0.57204159    0.76214577    0.30315383
    0.99343367    0.04724137    0.10420071    0.04724137    0.66012237   -0.74967107   -0.10420071    0.74967107    0.65355604
    0.64857741   -0.04911100   -0.75956267   -0.04911100    0.99313678   -0.10614822    0.75956267    0.10614822    0.64171419
    0.87449904   -0.17170447    0.45361769   -0.17170447    0.76508207    0.62061824   -0.45361769   -0.62061824    0.63958111
