# Rotation matrices: 73 entries, row-major flattening of 3x3 -> 1x9
# https://github.com/Neurophysics-CFIN/GFO
# Col:  1    2    3    4    5    6    7    8    9
#       R11  R12  R13  R21  R22  R23  R31  R32  R33
# where Rij = R(i,j), i = row index, j = column index

    0.76596007   -0.22988573   -0.60038131   -0.22988573    0.77419472   -0.58972458    0.60038131    0.58972458    0.54015479
    0.82724400    0.00251930   -0.56183718    0.00251930    0.99996326    0.00819326    0.56183718   -0.00819326    0.82720726
    0.37206212    0.41178952   -0.83186487    0.41178952    0.72995639    0.54552090    0.83186487   -0.54552090    0.10201851
    0.89913593    0.19765471    0.39049609    0.19765471    0.61267294   -0.76522185   -0.39049609    0.76522185    0.51180887
    0.99372456   -0.03768015    0.10531717   -0.03768015    0.77375398    0.63236460   -0.10531717   -0.63236460    0.76747854
    0.89730242   -0.28173290   -0.33981602   -0.28173290    0.22711486   -0.93222605    0.33981602    0.93222605    0.12441729
    0.71830708    0.31730022    0.61915710    0.31730022    0.64259155   -0.69742144   -0.61915710    0.69742144    0.36089863
    0.93703357   -0.06601184    0.34294391   -0.06601184    0.93079545    0.35953062   -0.34294391   -0.35953062    0.86782902
    0.98757928   -0.08752609   -0.13048504   -0.08752609    0.38322282   -0.91949957    0.13048504    0.91949957    0.37080210
    0.98745066    0.06510960   -0.14388165    0.06510960    0.66219251    0.74649971    0.14388165   -0.74649971    0.64964317
    0.90049049   -0.06937451   -0.42930648   -0.06937451    0.95163455   -0.29929728    0.42930648    0.29929728    0.85212504
    0.33473869   -0.46728459    0.81828792   -0.46728459    0.67177576    0.57477164   -0.81828792   -0.57477164    0.00651446
    0.76952254    0.23172546   -0.59509527    0.23172546    0.76701979    0.59831760    0.59509527   -0.59831760    0.53654233
    0.45476496   -0.03442845    0.88994579   -0.03442845    0.99782604    0.05619494   -0.88994579   -0.05619494    0.45259100
    0.83599172    0.06529282    0.54484373    0.06529282    0.97400648   -0.21690602   -0.54484373    0.21690602    0.80999820
    0.99286350    0.05436165    0.10614556    0.05436165    0.58590493   -0.80855440   -0.10614556    0.80855440    0.57876843
    0.91885536   -0.13783181    0.36973939   -0.13783181    0.76587969    0.62803717   -0.36973939   -0.62803717    0.68473506
    0.99667800   -0.05476699   -0.06027891   -0.05476699    0.09710407   -0.99376626    0.06027891    0.99376626    0.09378207
    0.84911241    0.32568221   -0.41585961    0.32568221    0.29703364    0.89760911    0.41585961   -0.89760911    0.14614605
    0.54545334    0.27863873   -0.79046892    0.27863873    0.82919346    0.48456027    0.79046892   -0.48456027    0.37464681
    0.36674170    0.16762060    0.91509773    0.16762060    0.95563159   -0.24222221   -0.91509773    0.24222221    0.32237329
    0.59330646    0.46846802    0.65461833    0.46846802    0.46037430   -0.75405120   -0.65461833    0.75405120    0.05368077
    0.53548302   -0.19131961   -0.82259027   -0.19131961    0.92120160   -0.33879849    0.82259027    0.33879849    0.45668462
    0.99993160   -0.00099434   -0.01165336   -0.00099434    0.98554458   -0.16941336    0.01165336    0.16941336    0.98547619
    0.99689245   -0.01458619    0.07741241   -0.01458619    0.93153547    0.36335784   -0.07741241   -0.36335784    0.92842792
    0.99096016    0.03146641    0.13041405    0.03146641    0.89046986   -0.45395296   -0.13041405    0.45395296    0.88143002
    0.99294069    0.00938610   -0.11823992    0.00938610    0.98752017    0.15721262    0.11823992   -0.15721262    0.98046087
    0.90661174    0.13105261   -0.40109895    0.13105261    0.81609267    0.56286585    0.40109895   -0.56286585    0.72270441
    0.74813865   -0.12631466   -0.65140861   -0.12631466    0.93665009   -0.32669744    0.65140861    0.32669744    0.68478874
    0.69528459    0.36406177   -0.61970829    0.36406177    0.56503357    0.74040266    0.61970829   -0.74040266    0.26031816
    0.70900492   -0.03077316    0.70453179   -0.03077316    0.99674569    0.07450528   -0.70453179   -0.07450528    0.70575061
    0.95412604    0.03568239    0.29727137    0.03568239    0.97224498   -0.23122818   -0.29727137    0.23122818    0.92637102
    0.61238497    0.23851424    0.75372117    0.23851424    0.85323313   -0.46379325   -0.75372117    0.46379325    0.46561810
    0.10989259   -0.04781751   -0.99279258   -0.04781751    0.99743119   -0.05333387    0.99279258    0.05333387    0.10732379
    0.98556110    0.09636266   -0.13922484    0.09636266    0.35689271    0.92916190    0.13922484   -0.92916190    0.34245381
    0.38710453   -0.03386993   -0.92141354   -0.03386993    0.99812827   -0.05091931    0.92141354    0.05091931    0.38523280
    0.84512200    0.31869700    0.42918648    0.31869700    0.34420785   -0.88314958   -0.42918648    0.88314958    0.18932984
    0.57268202    0.12163419   -0.81070367    0.12163419    0.96537736    0.23076324    0.81070367   -0.23076324    0.53805938
    0.96580250    0.17987409   -0.18673736    0.17987409    0.05388731    0.98221254    0.18673736   -0.98221254    0.01968981
    0.41100753    0.36576001    0.83504037    0.36576001    0.77286571   -0.51855396   -0.83504037    0.51855396    0.18387324
    0.65166870   -0.45619624   -0.60598094   -0.45619624    0.40253715   -0.79363016    0.60598094    0.79363016    0.05420585
    0.74965361   -0.24035088    0.61664490   -0.24035088    0.76924555    0.59202427   -0.61664490   -0.59202427    0.51889916
    0.58155179   -0.16863792    0.79583840   -0.16863792    0.93203759    0.32072913   -0.79583840   -0.32072913    0.51358939
    0.64020601   -0.02054960   -0.76792836   -0.02054960    0.99882631   -0.04386016    0.76792836    0.04386016    0.63903233
    0.92048261    0.05323567   -0.38714045    0.05323567    0.96435953    0.25918460    0.38714045   -0.25918460    0.88484214
    0.57021198   -0.35198342   -0.74227082   -0.35198342    0.71173619   -0.60789741    0.74227082    0.60789741    0.28194818
    0.95536508   -0.01015112   -0.29525331   -0.01015112    0.99769137   -0.06714816    0.29525331    0.06714816    0.95305645
    0.88672525   -0.01718393    0.46197733   -0.01718393    0.99739317    0.07008258   -0.46197733   -0.07008258    0.88411842
    0.99854293   -0.01908535   -0.05047533   -0.01908535    0.75001101   -0.66114993    0.05047533    0.66114993    0.74855395
    0.98333097   -0.00593760    0.18172767   -0.00593760    0.99788500    0.06473237   -0.18172767   -0.06473237    0.98121597
    0.30592078    0.17657517   -0.93553925    0.17657517    0.95507891    0.23800310    0.93553925   -0.23800310    0.26099969
    0.98436013    0.04462423   -0.17042244    0.04462423    0.87267655    0.48625541    0.17042244   -0.48625541    0.85703668
    0.86761818   -0.30418525    0.39333196   -0.30418525    0.30104703    0.90379313   -0.39333196   -0.90379313    0.16866521
    0.95437892   -0.13314883   -0.26726817   -0.13314883    0.61139436   -0.78004379    0.26726817    0.78004379    0.56577328
    0.67385634   -0.37229015    0.63821445   -0.37229015    0.57503404    0.72851623   -0.63821445   -0.72851623    0.24889038
    0.89756059   -0.21533396    0.38472884   -0.21533396    0.54735474    0.80872373   -0.38472884   -0.80872373    0.44491533
    0.18591611   -0.01410335    0.98246440   -0.01410335    0.99975567    0.01702041   -0.98246440   -0.01702041    0.18567178
    0.98893059   -0.09312421    0.11551697   -0.09312421    0.21656904    0.97181569   -0.11551697   -0.97181569    0.20549963
    0.20264641   -0.24511851    0.94807771   -0.24511851    0.92464687    0.29145338   -0.94807771   -0.29145338    0.12729328
    0.90593519    0.20367312   -0.37121247    0.20367312    0.55899832    0.80376497    0.37121247   -0.80376497    0.46493351
    0.63040052    0.09595686    0.77031647    0.09595686    0.97508731   -0.19999256   -0.77031647    0.19999256    0.60548782
    0.09237489    0.24997791    0.96383501    0.24997791    0.93115114   -0.26545923   -0.96383501    0.26545923    0.02352603
    0.80195721   -0.12144080    0.58490749   -0.12144080    0.92553192    0.35866810   -0.58490749   -0.35866810    0.72748912
    0.93899214    0.10954413    0.32602737    0.10954413    0.80330540   -0.58540628   -0.32602737    0.58540628    0.74229754
    0.77840194    0.11520392   -0.61710492    0.11520392    0.94010804    0.32081916    0.61710492   -0.32081916    0.71850998
    0.82591017   -0.28680417   -0.48540267   -0.28680417    0.52750466   -0.79967631    0.48540267    0.79967631    0.35341483
    0.47546331   -0.31144649    0.82276104   -0.31144649    0.81507697    0.48851880   -0.82276104   -0.48851880    0.29054027
    0.80944241    0.16102296    0.56468982    0.16102296    0.86393409   -0.47716821   -0.56468982    0.47716821    0.67337650
    0.98614285   -0.03544837   -0.16206696   -0.03544837    0.90931856   -0.41458795    0.16206696    0.41458795    0.89546141
    0.99196014   -0.06215425    0.11023577   -0.06215425    0.51950007    0.85220686   -0.11023577   -0.85220686    0.51146021
    0.91759384   -0.12488695   -0.37739211   -0.12488695    0.81073321   -0.57193961    0.37739211    0.57193961    0.72832704
    0.28588449   -0.26831983   -0.91993180   -0.26831983    0.89918223   -0.34565270    0.91993180    0.34565270    0.18506672
    0.97606860    0.12568449    0.17746406    0.12568449    0.33992187   -0.93201745   -0.17746406    0.93201745    0.31599048
