# Rotation matrices: 36 entries, row-major flattening of 3x3 -> 1x9
# https://github.com/Neurophysics-CFIN/GFO
# Col:  1    2    3    4    5    6    7    8    9
#       R11  R12  R13  R21  R22  R23  R31  R32  R33
# where Rij = R(i,j), i = row index, j = column index

    0.78250437    0.11477793    0.61197462    0.11477793    0.93942879   -0.32295444   -0.61197462    0.32295444    0.72193316
    0.89165762   -0.03542582   -0.45132217   -0.03542582    0.98841645   -0.14757346    0.45132217    0.14757346    0.88007407
    0.96792390    0.01963613    0.25047503    0.01963613    0.98797929   -0.15333411   -0.25047503    0.15333411    0.95590319
    0.97304843    0.12355876    0.19470485    0.12355876    0.43354807   -0.89261935   -0.19470485    0.89261935    0.40659651
    0.62950117   -0.08104486   -0.77276129   -0.08104486    0.98227182   -0.16903787    0.77276129    0.16903787    0.61177299
    0.69204813   -0.45716934   -0.55862830   -0.45716934    0.32131016   -0.82931054    0.55862830    0.82931054    0.01335828
    0.96888248    0.07706483    0.23521853    0.07706483    0.80914330   -0.58253595   -0.23521853    0.58253595    0.77802578
    0.83259718    0.19418618   -0.51872312    0.19418618    0.77474531    0.60171541    0.51872312   -0.60171541    0.60734249
    0.46993262    0.21949563    0.85497661    0.21949563    0.90910904   -0.35403731   -0.85497661    0.35403731    0.37904166
    0.30175395   -0.01735230   -0.95322791   -0.01735230    0.99956877   -0.02368893    0.95322791    0.02368893    0.30132272
    0.42959876   -0.37054532    0.82349321   -0.37054532    0.75928552    0.53495949   -0.82349321   -0.53495949    0.18888428
    0.96771455    0.17032685   -0.18578833    0.17032685    0.10141439    0.98015503    0.18578833   -0.98015503    0.06912895
    0.74471354    0.39427598    0.53846837    0.39427598    0.39106230   -0.83163497   -0.53846837    0.83163497    0.13577584
    0.48325716   -0.06819057    0.87281875   -0.06819057    0.99100142    0.11517915   -0.87281875   -0.11517915    0.47425858
    0.98862766   -0.06331019   -0.13640808   -0.06331019    0.64755000   -0.75938845    0.13640808    0.75938845    0.63617766
    0.98274634    0.08994670   -0.16161445    0.08994670    0.53109038    0.84252751    0.16161445   -0.84252751    0.51383671
    0.35359289    0.43613338   -0.82750211    0.43613338    0.70573912    0.55831888    0.82750211   -0.55831888    0.05933201
    0.11456910   -0.17873114    0.97720474   -0.17873114    0.96392172    0.19725641   -0.97720474   -0.19725641    0.07849083
    0.46419665   -0.31775596   -0.82677241   -0.31775596    0.81155615   -0.49031395    0.82677241    0.49031395    0.27575279
    0.97755885   -0.13278234   -0.16354674   -0.13278234    0.21433823   -0.96769209    0.16354674    0.96769209    0.19189708
    0.79187904    0.24602950    0.55892492    0.24602950    0.70915705   -0.66073124   -0.55892492    0.66073124    0.50103609
    0.55419056    0.17619025   -0.81352923    0.17619025    0.93036710    0.32151836    0.81352923   -0.32151836    0.48455766
    0.96538926   -0.04246277    0.25733344   -0.04246277    0.94790384    0.31571384   -0.25733344   -0.31571384    0.91329309
    0.97161951   -0.14183700    0.18930873   -0.14183700    0.29114212    0.94610704   -0.18930873   -0.94610704    0.26276163
    0.76204097    0.34188610   -0.54991586    0.34188610    0.50879735    0.79008806    0.54991586   -0.79008806    0.27083833
    0.07601758    0.19416771    0.97801852    0.19416771    0.95919717   -0.20552298   -0.97801852    0.20552298    0.03521474
    0.82403545   -0.27561338   -0.49497762   -0.27561338    0.56830660   -0.77528374    0.49497762    0.77528374    0.39234204
    0.79726868   -0.28439966    0.53242792   -0.28439966    0.60103272    0.74691131   -0.53242792   -0.74691131    0.39830140
    0.99303066   -0.02372851   -0.11544292   -0.02372851    0.91921156   -0.39304843    0.11544292    0.39304843    0.91224222
    0.98791259    0.04176202   -0.14928044    0.04176202    0.85571218    0.51576409    0.14928044   -0.51576409    0.84362477
    0.80055844   -0.01905700    0.59895160   -0.01905700    0.99817907    0.05723089   -0.59895160   -0.05723089    0.79873751
    0.84147007   -0.15830716   -0.51659168   -0.15830716    0.84191529   -0.51586576    0.51659168    0.51586576    0.68338536
    0.97381296   -0.08692787    0.21007583   -0.08692787    0.71144293    0.69734676   -0.21007583   -0.69734676    0.68525589
    0.77354937   -0.16271768    0.61249026   -0.16271768    0.88307807    0.44010917   -0.61249026   -0.44010917    0.65662744
    0.85282744    0.07104883   -0.51733686    0.07104883    0.96570056    0.24974886    0.51733686   -0.24974886    0.81852799
    0.99445006    0.00494462   -0.10509339    0.00494462    0.99559467    0.09363121    0.10509339   -0.09363121    0.99004473
