# Rotation matrices: 59 entries, row-major flattening of 3x3 -> 1x9
# https://github.com/Neurophysics-CFIN/GFO
# Col:  1    2    3    4    5    6    7    8    9
#       R11  R12  R13  R21  R22  R23  R31  R32  R33
# where Rij = R(i,j), i = row index, j = column index

    0.94932565   -0.04605150    0.31090201   -0.04605150    0.95814962    0.28253948   -0.31090201   -0.28253948    0.90747528
    0.99738576   -0.00467442   -0.07210966   -0.00467442    0.99164185   -0.12893635    0.07210966    0.12893635    0.98902761
    0.99957757    0.00320012   -0.02888662    0.00320012    0.97575744    0.21883141    0.02888662   -0.21883141    0.97533501
    0.97110498    0.00323675    0.23863077    0.00323675    0.99963743   -0.02673086   -0.23863077    0.02673086    0.97074240
    0.56402907    0.06188712   -0.82343257    0.06188712    0.99121498    0.11688823    0.82343257   -0.11688823    0.55524404
    0.80306065   -0.04986357    0.59380738   -0.04986357    0.98737492    0.15034758   -0.59380738   -0.15034758    0.79043557
    0.98751913   -0.06496435   -0.14347686   -0.06496435    0.66185325   -0.74681317    0.14347686    0.74681317    0.64937238
    0.95906306    0.06465201   -0.27571393    0.06465201    0.89789460    0.43543702    0.27571393   -0.43543702    0.85695766
    0.84541153    0.14387611    0.51437244    0.14387611    0.86609393   -0.47872850   -0.51437244    0.47872850    0.71150546
    0.92345184   -0.04702473   -0.38082198   -0.04702473    0.97111198   -0.23394487    0.38082198    0.23394487    0.89456381
    0.97759028   -0.08924545    0.19066332   -0.08924545    0.64458510    0.75930580   -0.19066332   -0.75930580    0.62217538
    0.98069456    0.06853430    0.18314267    0.06853430    0.75670335   -0.65015621   -0.18314267    0.65015621    0.73739790
    0.61230415    0.21811175   -0.75994138    0.21811175    0.87729367    0.42753138    0.75994138   -0.42753138    0.48959782
    0.52369036   -0.08859055    0.84728987   -0.08859055    0.98352272    0.15759051   -0.84728987   -0.15759051    0.50721308
    0.83182129   -0.23307388   -0.50373594   -0.23307388    0.67698982   -0.69811271    0.50373594    0.69811271    0.50881111
    0.89954699    0.22375565   -0.37516479    0.22375565    0.50159191    0.83566678    0.37516479   -0.83566678    0.40113890
    0.61777518    0.23373105    0.75081531    0.23373105    0.85707312   -0.45912468   -0.75081531    0.45912468    0.47484830
    0.50555500   -0.12245180   -0.85406071   -0.12245180    0.96967420   -0.21151244    0.85406071    0.21151244    0.47522920
    0.67860012   -0.41375611    0.60688364   -0.41375611    0.46734853    0.78127539   -0.60688364   -0.78127539    0.14594865
    0.99137582    0.06649099    0.11292889    0.06649099    0.48736564   -0.87066278   -0.11292889    0.87066278    0.47874146
    0.67668106    0.33813612   -0.65403876    0.33813612    0.64636765    0.68401230    0.65403876   -0.68401230    0.32304871
    0.05141234    0.07587167    0.99579127    0.07587167    0.99393149   -0.07964720   -0.99579127    0.07964720    0.04534383
    0.20875779   -0.23445437   -0.94944791   -0.23445437    0.93052841   -0.28133258    0.94944791    0.28133258    0.13928620
    0.99426838   -0.07019498    0.08064147   -0.07019498    0.14032369    0.98761426   -0.08064147   -0.98761426    0.13459208
    0.90172948    0.25756936    0.34719154    0.25756936    0.32490456   -0.90999728   -0.34719154    0.90999728    0.22663405
    0.30689679    0.26897212   -0.91294488    0.26897212    0.89562016    0.35428593    0.91294488   -0.35428593    0.20251695
    0.50151920   -0.31354297    0.80633076   -0.31354297    0.80278239    0.50717969   -0.80633076   -0.50717969    0.30430159
    0.87991214   -0.31662971   -0.35426015   -0.31662971    0.16515813   -0.93406018    0.35426015    0.93406018    0.04507027
    0.94420243    0.21609514   -0.24856521    0.21609514    0.16309779    0.96265362    0.24856521   -0.96265362    0.10730022
    0.30814550    0.30221260    0.90206091    0.30221260    0.86798892   -0.39403397   -0.90206091    0.39403397    0.17613442
    0.23472079   -0.18333006    0.95461837   -0.18333006    0.95608150    0.22868810   -0.95461837   -0.22868810    0.19080230
    0.69969277   -0.38730371   -0.60035478   -0.38730371    0.50049766   -0.77427252    0.60035478    0.77427252    0.20019043
    0.99867390    0.02760325   -0.04345689    0.02760325    0.42542828    0.90457108    0.04345689   -0.90457108    0.42410218
    0.39198920    0.46749672   -0.79233281    0.46749672    0.64054391    0.60922107    0.79233281   -0.60922107    0.03253311
    0.26885623    0.02497758   -0.96285640    0.02497758    0.99914671    0.03289342    0.96285640   -0.03289342    0.26800294
    0.32598104   -0.45566251   -0.82831639   -0.45566251    0.69195477   -0.55997345    0.82831639    0.55997345    0.01793581
    0.99997493    0.00451789    0.00545179    0.00451789    0.18572806   -0.98259080   -0.00545179    0.98259080    0.18570299
    0.71676470    0.43741161   -0.54306486    0.43741161    0.32448772    0.83867681    0.54306486   -0.83867681    0.04125242
    0.65271723    0.07270144    0.75410525    0.07270144    0.98478042   -0.15786713   -0.75410525    0.15786713    0.63749765
    0.56386957   -0.29478778   -0.77146048   -0.29478778    0.80074806   -0.52144292    0.77146048    0.52144292    0.36461762
    0.91995021   -0.21696142    0.32652621   -0.21696142    0.41196281    0.88499400   -0.32652621   -0.88499400    0.33191302
    0.86856658    0.21547909    0.44627442    0.21547909    0.64673186   -0.73164654   -0.44627442    0.73164654    0.51529844
    0.80909678    0.09626513   -0.57973737    0.09626513    0.95145721    0.29233920    0.57973737   -0.29233920    0.76055399
    0.79361697   -0.25898975    0.55054193   -0.25898975    0.67499416    0.69087423   -0.55054193   -0.69087423    0.46861112
    0.94895899   -0.17219243   -0.26424725   -0.17219243    0.41909002   -0.89146695    0.26424725    0.89146695    0.36804901
    0.98343527    0.07145793   -0.16657979    0.07145793    0.69174044    0.71860206    0.16657979   -0.71860206    0.67517571
    0.37229377    0.08471725    0.92424041    0.08471725    0.98856629   -0.12473846   -0.92424041    0.12473846    0.36086006
    0.74862105   -0.14781418   -0.64631067   -0.14781418    0.91308328   -0.38003932    0.64631067    0.38003932    0.66170434
    0.71188971   -0.17389875    0.68042066   -0.17389875    0.89503750    0.41069099   -0.68042066   -0.41069099    0.60692721
    0.97001033    0.04506089    0.23885032    0.04506089    0.93229388   -0.35888388   -0.23885032    0.35888388    0.90230421
    0.85420894    0.17882779   -0.48820868    0.17882779    0.78064924    0.59883836    0.48820868   -0.59883836    0.63485818
    0.85867206    0.04573358    0.51048089    0.04573358    0.98520066   -0.16519110   -0.51048089    0.16519110    0.84387272
    0.92258731   -0.11143638   -0.36934346   -0.11143638    0.83958617   -0.53167376    0.36934346    0.53167376    0.76217348
    0.99795266   -0.01745488    0.06152894   -0.01745488    0.85118583    0.52457412   -0.06152894   -0.52457412    0.84913849
    0.65888672    0.36575523    0.65733660    0.36575523    0.60782270   -0.70482244   -0.65733660    0.70482244    0.26670942
    0.76935602   -0.01893209   -0.63853965   -0.01893209    0.99844599   -0.05241365    0.63853965    0.05241365    0.76780201
    0.90503929   -0.12644823    0.40609694   -0.12644823    0.83162346    0.54075250   -0.40609694   -0.54075250    0.73666275
    0.99729207   -0.01733488   -0.07147043   -0.01733488    0.88903022   -0.45752024    0.07147043    0.45752024    0.88632229
    0.93646119    0.01784434   -0.35031702    0.01784434    0.99498857    0.09838357    0.35031702   -0.09838357    0.93144976
