# Rotation matrices: 10 entries, row-major flattening of 3x3 -> 1x9
# https://github.com/Neurophysics-CFIN/GFO
# Col:  1    2    3    4    5    6    7    8    9
#       R11  R12  R13  R21  R22  R23  R31  R32  R33
# where Rij = R(i,j), i = row index, j = column index

    0.99936130    0.01662284    0.03163351    0.01662284    0.56737503   -0.82329172   -0.03163351    0.82329172    0.56673632
    0.62058912   -0.39882473   -0.67513553   -0.39882473    0.58076805   -0.70968113    0.67513553    0.70968113    0.20135717
    0.46878864    0.01158153   -0.88323444    0.01158153    0.99974750    0.01925638    0.88323444   -0.01925638    0.46853614
   -0.43586453    0.73355909   -0.52145294    0.73355909    0.62523697    0.26640156    0.52145294   -0.26640156   -0.81062756
    0.99920204   -0.02530963    0.03089837   -0.02530963    0.19723306    0.98002987   -0.03089837   -0.98002987    0.19643510
    0.50154616    0.45904147    0.73330238    0.45904147    0.57725460   -0.67532071   -0.73330238    0.67532071    0.07880075
    0.90808192    0.13420145   -0.39670796    0.13420145    0.80406436    0.57919814    0.39670796   -0.57919814    0.71214627
    0.90560102   -0.12270780    0.40599211   -0.12270780    0.84049401    0.52774295   -0.40599211   -0.52774295    0.74609503
    0.96339358   -0.02461158   -0.26695896   -0.02461158    0.98345291   -0.17948439    0.26695896    0.17948439    0.94684649
    0.30918319   -0.10060159    0.94566647   -0.10060159    0.98534969    0.13771459   -0.94566647   -0.13771459    0.29453288
