# Rotation matrices: 66 entries, row-major flattening of 3x3 -> 1x9
# https://github.com/Neurophysics-CFIN/GFO
# Col:  1    2    3    4    5    6    7    8    9
#       R11  R12  R13  R21  R22  R23  R31  R32  R33
# where Rij = R(i,j), i = row index, j = column index

   -0.61733199   -0.69125397   -0.37559174   -0.69125397    0.70455537   -0.16052937    0.37559174    0.16052937   -0.91277662
   -0.17257567   -0.19333017   -0.96583699   -0.19333017    0.96812440   -0.15924382    0.96583699    0.15924382   -0.20445127
    0.56341621    0.21700106   -0.79716543    0.21700106    0.89214107    0.39622575    0.79716543   -0.39622575    0.45555728
    0.67548574    0.50000281    0.54195591    0.50000281    0.22960917   -0.83503103   -0.54195591    0.83503103   -0.09490509
   -0.08166206    0.58196584   -0.80910263    0.58196584    0.68688535    0.43532089    0.80910263   -0.43532089   -0.39477671
    0.32597437    0.39541232    0.85871404    0.39541232    0.76803418   -0.50375846   -0.85871404    0.50375846    0.09400855
    0.93734815    0.33234526    0.10452307    0.33234526   -0.76297067   -0.55445684   -0.10452307    0.55445684   -0.82562251
    0.76933538   -0.40706124   -0.49236593   -0.40706124    0.28164598   -0.86889394    0.49236593    0.86889394    0.05098137
    0.77985692   -0.29835923   -0.55027716   -0.29835923    0.59563467   -0.74578892    0.55027716    0.74578892    0.37549160
    0.77857575   -0.11436492    0.61704171   -0.11436492    0.94093088    0.31870008   -0.61704171   -0.31870008    0.71950663
    0.95711273    0.08510393    0.27693419    0.08510393    0.83112287   -0.54953807   -0.27693419    0.54953807    0.78823560
    0.98766215    0.07242889   -0.13884359    0.07242889    0.57480905    0.81507583    0.13884359   -0.81507583    0.56247120
    0.88903893   -0.35817419    0.28516843   -0.35817419   -0.15615998    0.92050275   -0.28516843   -0.92050275   -0.26712105
   -0.07445060   -0.31246288    0.94700795   -0.31246288    0.90913212    0.27540106   -0.94700795   -0.27540106   -0.16531848
    0.99072746   -0.05062104    0.12608179   -0.05062104    0.72364756    0.68831077   -0.12608179   -0.68831077    0.71437502
    0.28077418    0.26434869   -0.92265141    0.26434869    0.90283965    0.33911699    0.92265141   -0.33911699    0.18361383
    0.91395496    0.14541118   -0.37886926    0.14541118    0.75426346    0.64026731    0.37886926   -0.64026731    0.66821842
    0.90827570   -0.15190826   -0.38981935   -0.15190826    0.74841867   -0.64559536    0.38981935    0.64559536    0.65669437
    0.89716492    0.23660533   -0.37297858    0.23660533    0.45561298    0.85815775    0.37297858   -0.85815775    0.35277791
    0.91901130    0.27543637   -0.28205147    0.27543637    0.06326195    0.95923549    0.28205147   -0.95923549   -0.01772674
    0.62832953   -0.37018328    0.68422682   -0.37018328    0.63129796    0.68148898   -0.68422682   -0.68148898    0.25962749
    0.99999083   -0.00281971   -0.00322425   -0.00281971    0.13327180   -0.99107551    0.00322425    0.99107551    0.13326263
    0.98681673   -0.08625858    0.13693869   -0.08625858    0.43560729    0.89599428   -0.13693869   -0.89599428    0.42242402
   -0.10876046   -0.56167771   -0.82017639   -0.56167771    0.71546437   -0.41548631    0.82017639    0.41548631   -0.39329609
    0.90795317    0.04063482    0.41709693    0.04063482    0.98206143   -0.18413084   -0.41709693    0.18413084    0.89001460
    0.94537318    0.06039986   -0.32034577    0.06039986    0.93321699    0.35420038    0.32034577   -0.35420038    0.87859017
    0.95433371   -0.21888430   -0.20331461   -0.21888430   -0.04914015   -0.97451265    0.20331461    0.97451265   -0.09480644
   -0.35814256   -0.38554398    0.85034684   -0.38554398    0.89055335    0.24139300   -0.85034684   -0.24139300   -0.46758922
    0.93306719   -0.09269643    0.34755286   -0.09269643    0.87162309    0.48133207   -0.34755286   -0.48133207    0.80469028
   -0.00945379   -0.75611667    0.65436856   -0.75611667    0.43364182    0.49014525   -0.65436856   -0.49014525   -0.57581197
    0.35451819    0.71583678    0.60157673    0.71583678    0.20613984   -0.66714621   -0.60157673    0.66714621   -0.43934197
    0.98941801   -0.03977720   -0.13953417   -0.03977720    0.85047947   -0.52450210    0.13953417    0.52450210    0.83989747
    0.75983345    0.25120033    0.59962616    0.25120033    0.73725897   -0.62717430   -0.59962616    0.62717430    0.49709242
    0.32012769   -0.93468700    0.15452663   -0.93468700   -0.28500568    0.21244288   -0.15452663   -0.21244288   -0.96487799
    0.17013636   -0.77959199   -0.60273539   -0.77959199    0.26763429   -0.56622276    0.60273539    0.56622276   -0.56222934
    0.97436302   -0.10684482   -0.19799216   -0.10684482    0.55471301   -0.82515311    0.19799216    0.82515311    0.52907603
   -0.06238851    0.84100870   -0.53741235    0.84100870    0.33424013    0.42542672    0.53741235   -0.42542672   -0.72814838
    0.99263751    0.02114579    0.11926284    0.02114579    0.93926721   -0.34253461   -0.11926284    0.34253461    0.93190473
    0.99194437    0.07824624   -0.09961879    0.07824624    0.23997627    0.96762023    0.09961879   -0.96762023    0.23192064
    0.91540001   -0.01471849   -0.40227627   -0.01471849    0.99743932   -0.06998699    0.40227627    0.06998699    0.91283932
   -0.12851609    0.79233612    0.59639507    0.79233612    0.44369731   -0.41873161   -0.59639507    0.41873161   -0.68481878
   -0.08129903    0.00862358    0.99665245    0.00862358    0.99993123   -0.00794851   -0.99665245    0.00794851   -0.08136781
    0.45663319    0.59228633   -0.66383961    0.59228633    0.35438990    0.72360535    0.66383961   -0.72360535   -0.18897691
    0.37124217    0.04142814   -0.92761143    0.04142814    0.99727035    0.06111927    0.92761143   -0.06111927    0.36851252
    0.90702617   -0.18343766    0.37901735   -0.18343766    0.63807693    0.74780242   -0.37901735   -0.74780242    0.54510310
    0.50877020   -0.32780544   -0.79605055   -0.32780544    0.78125022   -0.53121717    0.79605055    0.53121717    0.29002043
    0.98543059    0.14213670   -0.09340080    0.14213670   -0.38666170    0.91120244    0.09340080   -0.91120244   -0.40123111
    0.75175717    0.56943111   -0.33257987    0.56943111   -0.30618792    0.76288739    0.33257987   -0.76288739   -0.55443076
    0.85462074   -0.51015875   -0.09675449   -0.51015875   -0.79022757   -0.33952678    0.09675449    0.33952678   -0.93560683
   -0.59399888    0.20855725    0.77696152    0.20855725    0.97271257   -0.10165689   -0.77696152    0.10165689   -0.62128630
    0.73872745   -0.51075230   -0.43978842   -0.51075230    0.00154874   -0.85972652    0.43978842    0.85972652   -0.25972381
   -0.59670979   -0.43803184    0.67235819   -0.43803184    0.87983296    0.18445074   -0.67235819   -0.18445074   -0.71687683
    0.86878166    0.27944596    0.40881339    0.27944596    0.40488470   -0.87061951   -0.40881339    0.87061951    0.27366636
    0.44652525   -0.52350597    0.72564227   -0.52350597    0.50484010    0.68635120   -0.72564227   -0.68635120   -0.04863465
    0.26271348   -0.36856925    0.89170529   -0.36856925    0.81575237    0.44576314   -0.89170529   -0.44576314    0.07846585
   -0.49569973    0.45643091   -0.73888605    0.45643091    0.86071457    0.22548004    0.73888605   -0.22548004   -0.63498516
    0.54742384   -0.07743310    0.83326542   -0.07743310    0.98675166    0.14256678   -0.83326542   -0.14256678    0.53417549
   -0.77241903   -0.05414808   -0.63280078   -0.05414808    0.99834576   -0.01933231    0.63280078    0.01933231   -0.77407328
   -0.37308385    0.17854533   -0.91045593    0.17854533    0.97678333    0.11838873    0.91045593   -0.11838873   -0.39630052
    0.99078671    0.00903211   -0.13512998    0.00903211    0.99114551    0.13247261    0.13512998   -0.13247261    0.98193223
    0.30971465    0.57747408    0.75538104    0.57747408    0.51690077   -0.63193138   -0.75538104    0.63193138   -0.17338457
    0.16828756    0.18417557    0.96837940    0.18417557    0.95921590   -0.21443929   -0.96837940    0.21443929    0.12750346
    0.99600584    0.08206671   -0.03517700    0.08206671   -0.68619816    0.72277046    0.03517700   -0.72277046   -0.69019232
    0.99010527    0.00151142    0.14031845    0.00151142    0.99976913   -0.02143365   -0.14031845    0.02143365    0.98987440
    0.83297718    0.04444726   -0.55151922    0.04444726    0.98817192    0.14676748    0.55151922   -0.14676748    0.82114911
   -0.04192797   -0.89976784    0.43434996   -0.89976784    0.22299603    0.37508747   -0.43434996   -0.37508747   -0.81893193
