# Rotation matrices: 20 entries, row-major flattening of 3x3 -> 1x9
# https://github.com/Neurophysics-CFIN/GFO
# Col:  1    2    3    4    5    6    7    8    9
#       R11  R12  R13  R21  R22  R23  R31  R32  R33
# where Rij = R(i,j), i = row index, j = column index

    0.98799683   -0.01156666    0.15404048   -0.01156666    0.98885397    0.14843869   -0.15404048   -0.14843869    0.97685080
    0.97633109   -0.21281037    0.03859214   -0.21281037   -0.91340665    0.34698710   -0.03859214   -0.34698710   -0.93707556
    0.99789254   -0.06119681   -0.02157381   -0.06119681   -0.77704409   -0.62646424    0.02157381    0.62646424   -0.77915155
    0.77998769    0.21308461   -0.58839965    0.21308461    0.79362496    0.56987225    0.58839965   -0.56987225    0.57361265
    0.89892225    0.03973071   -0.43630295    0.03973071    0.98438302    0.17149793    0.43630295   -0.17149793    0.88330527
    0.99559864   -0.07135787    0.06075685   -0.07135787   -0.15690373    0.98503263   -0.06075685   -0.98503263   -0.16130509
    0.78697325   -0.13709965    0.60156196   -0.13709965    0.91176547    0.38715295   -0.60156196   -0.38715295    0.69873872
    0.98223161    0.10478289   -0.15569717    0.10478289    0.38207942    0.91816984    0.15569717   -0.91816984    0.36431103
    0.82221826    0.06836881    0.56505118    0.06836881    0.97370768   -0.21729946   -0.56505118    0.21729946    0.79592594
   -0.05158006    0.41214441    0.90965735    0.41214441    0.83846878   -0.35652082   -0.90965735    0.35652082   -0.21311128
    0.33346796    0.00291461    0.94275693    0.00291461    0.99998726   -0.00412248   -0.94275693    0.00412248    0.33345522
    0.05523978    0.61839938   -0.78392013    0.61839938    0.59522238    0.51312038    0.78392013   -0.51312038   -0.34953784
    0.46588686   -0.61730908    0.63393922   -0.61730908    0.28653600    0.73268453   -0.63393922   -0.73268453   -0.24757714
    0.74458793   -0.52466010   -0.41269915   -0.52466010   -0.07774164   -0.84775469    0.41269915    0.84775469   -0.33315371
    0.93762327    0.14693583    0.31507533    0.14693583    0.65387511   -0.74219755   -0.31507533    0.74219755    0.59149838
   -0.43457081   -0.63218967    0.64147052   -0.63218967    0.72140533    0.28268457   -0.64147052   -0.28268457   -0.71316548
   -0.25790493   -0.21750721    0.94136904   -0.21750721    0.96239033    0.16277427   -0.94136904   -0.16277427   -0.29551460
    0.71426396    0.44912638    0.53676111    0.44912638    0.29405297   -0.84369327   -0.53676111    0.84369327    0.00831694
    0.81754411   -0.51444247    0.25878674   -0.51444247   -0.45049334    0.72966067   -0.25878674   -0.72966067   -0.63294923
    0.39806079   -0.35613490    0.84540850   -0.35613490    0.78929422    0.50018253   -0.84540850   -0.50018253    0.18735501
