# Rotation matrices: 29 entries, row-major flattening of 3x3 -> 1x9
# https://github.com/Neurophysics-CFIN/GFO
# Col:  1    2    3    4    5    6    7    8    9
#       R11  R12  R13  R21  R22  R23  R31  R32  R33
# where Rij = R(i,j), i = row index, j = column index

    0.94756887    0.05388090    0.31497631    0.05388090    0.94462923   -0.32368574   -0.31497631    0.32368574    0.89219811
    0.92049997   -0.16406753   -0.35462890   -0.16406753    0.66140700   -0.73186243    0.35462890    0.73186243    0.58190697
    0.95501468    0.11059855   -0.27516345    0.11059855    0.72808821    0.67650242    0.27516345   -0.67650242    0.68310289
    0.47096461    0.43068045    0.76987446    0.43068045    0.64938896   -0.62674423   -0.76987446    0.62674423    0.12035357
    0.71046097   -0.00208614   -0.70373351   -0.00208614    0.99998497   -0.00507042    0.70373351    0.00507042    0.71044594
    0.87687685   -0.03115049    0.47970474   -0.03115049    0.99211884    0.12136660   -0.47970474   -0.12136660    0.86899569
    0.65591362   -0.40380110   -0.63774760   -0.40380110    0.52612096   -0.74842596    0.63774760    0.74842596    0.18203457
    0.69927066    0.27325144   -0.66057111    0.27325144    0.75171578    0.60021416    0.66057111   -0.60021416    0.45098644
    0.44599971    0.05092199    0.89358336    0.05092199    0.99531941   -0.08213541   -0.89358336    0.08213541    0.44131911
    0.89030005   -0.09120603   -0.44614715   -0.09120603    0.92417006   -0.37093283    0.44614715    0.37093283    0.81447011
    0.85204892   -0.20580042    0.48130949   -0.20580042    0.71373096    0.66950303   -0.48130949   -0.66950303    0.56577987
    0.84361854    0.24186069    0.47938623    0.24186069    0.62593651   -0.74142221   -0.47938623    0.74142221    0.46955506
    0.09403488    0.23647438    0.96707668    0.23647438    0.93827562   -0.25242568   -0.96707668    0.25242568    0.03231050
    0.09372264   -0.19249284   -0.97681246   -0.19249284    0.95911462   -0.20747446    0.97681246    0.20747446    0.05283726
    0.90843420   -0.25193722    0.33357898   -0.25193722    0.30681145    0.91782044   -0.33357898   -0.91782044    0.21524566
    0.96866476   -0.15343666   -0.19530942   -0.15343666    0.24867945   -0.95635544    0.19530942    0.95635544    0.21734422
    0.80488325    0.36058331   -0.47132009    0.36058331    0.33362807    0.87101779    0.47132009   -0.87101779    0.13851133
    0.62368226   -0.15150630    0.76685480   -0.15150630    0.93900325    0.30873733   -0.76685480   -0.30873733    0.56268551
    0.54910181   -0.21815984   -0.80677970   -0.21815984    0.89444687   -0.39034738    0.80677970    0.39034738    0.44354868
    0.99528886    0.05449884   -0.08018702    0.05449884    0.36955295    0.92761010    0.08018702   -0.92761010    0.36484181
    0.96206601    0.16925374    0.21396766    0.16925374    0.24482423   -0.95468019   -0.21396766    0.95468019    0.20689024
    0.43489747    0.14615505   -0.88853975    0.14615505    0.96219925    0.22980709    0.88853975   -0.22980709    0.39709673
    0.46867089   -0.38182477    0.79659114   -0.38182477    0.72561233    0.57244789   -0.79659114   -0.57244789    0.19428322
    0.99642708    0.03158279    0.07833011    0.03158279    0.72082447   -0.69239772   -0.07833011    0.69239772    0.71725155
    0.90844223    0.06228857   -0.41334350    0.06228857    0.95762385    0.28120580    0.41334350   -0.28120580    0.86606608
    0.73210363    0.15357256    0.66365635    0.15357256    0.91196398   -0.38044338   -0.66365635    0.38044338    0.64406761
    0.99581153   -0.00940432   -0.09094483   -0.00940432    0.97888463   -0.20419707    0.09094483    0.20419707    0.97469616
    0.98801630   -0.04869034    0.14646854   -0.04869034    0.80216881    0.59510877   -0.14646854   -0.59510877    0.79018512
    0.99970788   -0.00263695    0.02402514   -0.00263695    0.97619666    0.21687123   -0.02402514   -0.21687123    0.97590453
