# Rotation matrices: 12 entries, row-major flattening of 3x3 -> 1x9
# https://github.com/Neurophysics-CFIN/GFO
# Col:  1    2    3    4    5    6    7    8    9
#       R11  R12  R13  R21  R22  R23  R31  R32  R33
# where Rij = R(i,j), i = row index, j = column index

    0.16209694   -0.24369360   -0.95621023   -0.24369360    0.92912477   -0.27810176    0.95621023    0.27810176    0.09122171
   -0.65133575   -0.53882995    0.53425090   -0.53882995    0.82418008    0.17432577   -0.53425090   -0.17432577   -0.82715567
    0.91639125    0.17931241   -0.35787447    0.17931241    0.61543569    0.76751936    0.35787447   -0.76751936    0.53182694
   -0.50242862    0.72528033   -0.47067391    0.72528033    0.64987917    0.22721247    0.47067391   -0.22721247   -0.85254945
    0.88701223    0.34498740   -0.30690877    0.34498740   -0.05335567    0.93708957    0.30690877   -0.93708957   -0.16634344
    0.78280145   -0.32786049   -0.52889449   -0.32786049    0.50509568   -0.79836449    0.52889449    0.79836449    0.28789713
    0.99891034   -0.04358357    0.01669134   -0.04358357   -0.74323305    0.66761149   -0.01669134   -0.66761149   -0.74432271
   -0.23801425    0.47908548    0.84488243    0.47908548    0.81460399   -0.32695173   -0.84488243    0.32695173   -0.42341026
    0.44126524    0.29411547    0.84780958    0.29411547    0.84517893   -0.44628316   -0.84780958    0.44628316    0.28644417
   -0.28117557   -0.61057268   -0.74036566   -0.61057268    0.70901803   -0.35283770    0.74036566    0.35283770   -0.57215754
    0.92841613   -0.19909196    0.31369713   -0.19909196    0.44627742    0.87246711   -0.31369713   -0.87246711    0.37469355
    0.99997304   -0.00117389    0.00724849   -0.00117389    0.94888569    0.31561776   -0.00724849   -0.31561776    0.94885873
