# Rotation matrices: 77 entries, row-major flattening of 3x3 -> 1x9
# https://github.com/Neurophysics-CFIN/GFO
# Col:  1    2    3    4    5    6    7    8    9
#       R11  R12  R13  R21  R22  R23  R31  R32  R33
# where Rij = R(i,j), i = row index, j = column index

    0.47147789    0.27620180    0.83750890    0.27620180    0.85565895   -0.43767605   -0.83750890    0.43767605    0.32713684
    0.86444245   -0.28544512    0.41383611   -0.28544512    0.39893485    0.87141957   -0.41383611   -0.87141957    0.26337731
    0.99831579    0.00038107   -0.05801234    0.00038107    0.99991378    0.01312588    0.05801234   -0.01312588    0.99822957
    0.99978015    0.00322166   -0.02071893    0.00322166    0.95279016    0.30361247    0.02071893   -0.30361247    0.95257031
    0.96753840   -0.05313970    0.24707412   -0.05313970    0.91301023    0.40446074   -0.24707412   -0.40446074    0.88054863
    0.97114362   -0.01439934    0.23806034   -0.01439934    0.99281473    0.11879213   -0.23806034   -0.11879213    0.96395835
    0.83702594    0.15843580   -0.52372289    0.15843580    0.84597607    0.50913906    0.52372289   -0.50913906    0.68300202
    0.41121613   -0.00614609   -0.91151715   -0.00614609    0.99993584   -0.00951498    0.91151715    0.00951498    0.41115198
    0.30773202    0.11329525    0.94470376    0.11329525    0.98145832   -0.15460841   -0.94470376    0.15460841    0.28919034
    0.87105622    0.21340605    0.44240131    0.21340605    0.64680620   -0.73218822   -0.44240131    0.73218822    0.51786242
    0.98793640    0.01293080    0.15431937    0.01293080    0.98613967   -0.16541264   -0.15431937    0.16541264    0.97407607
    0.86444380    0.28140778    0.41658922    0.28140778    0.41581175   -0.86481804   -0.41658922    0.86481804    0.28025555
    0.63563748    0.24617508   -0.73168492    0.24617508    0.83367617    0.49434996    0.73168492   -0.49434996    0.46931365
    0.82932652    0.11168879    0.54748803    0.11168879    0.92691082   -0.35827636   -0.54748803    0.35827636    0.75623734
    0.91871081   -0.27292666    0.28544963   -0.27292666    0.08365480    0.95839079   -0.28544963   -0.95839079    0.00236561
    0.63881778   -0.39116011   -0.66249952   -0.39116011    0.57637385   -0.71748655    0.66249952    0.71748655    0.21519163
    0.86330424   -0.04829750    0.50236754   -0.04829750    0.98293547    0.17749707   -0.50236754   -0.17749707    0.84623971
    0.96555355    0.05514973    0.25429286    0.05514973    0.91170374   -0.40712995   -0.25429286    0.40712995    0.87725728
    0.01405271   -0.02554874    0.99957480   -0.02554874    0.99933796    0.02590187   -0.99957480   -0.02590187    0.01339066
    0.85245021    0.00421694   -0.52279140    0.00421694    0.99987948    0.01494128    0.52279140   -0.01494128    0.85232969
    0.66178626    0.45670289    0.59452621    0.45670289    0.38329668   -0.80281138   -0.59452621    0.80281138    0.04508294
    0.15128893    0.27933606    0.94819989    0.27933606    0.90806219   -0.31208079   -0.94819989    0.31208079    0.05935112
    0.53516509    0.13742167   -0.83349482    0.13742167    0.95937329    0.24641060    0.83349482   -0.24641060    0.49453837
    0.98172456   -0.09201605   -0.16658311   -0.09201605    0.53670310   -0.83873883    0.16658311    0.83873883    0.51842766
    0.66608898   -0.35212732    0.65751944   -0.35212732    0.62866260    0.69339000   -0.65751944   -0.69339000    0.29475158
    0.90570416    0.28693578    0.31203820    0.28693578    0.12687409   -0.94951083   -0.31203820    0.94951083    0.03257825
    0.74674721    0.02093867    0.66477830    0.02093867    0.99826881   -0.05496316   -0.66477830    0.05496316    0.74501602
    0.90183709    0.02971729    0.43105308    0.02971729    0.99100356   -0.13049457   -0.43105308    0.13049457    0.89284064
    0.99113644   -0.08072688    0.10550702   -0.08072688    0.26476180    0.96092891   -0.10550702   -0.96092891    0.25589824
    0.59068690    0.12488834    0.79717745    0.12488834    0.96189446   -0.24323231   -0.79717745    0.24323231    0.55258136
    0.94175711   -0.07517302   -0.32778431   -0.07517302    0.90297557   -0.42306516    0.32778431    0.42306516    0.84473269
    0.99964237    0.00793826   -0.02553659    0.00793826    0.82379577    0.56683111    0.02553659   -0.56683111    0.82343814
    0.99064924    0.06044862    0.12231131    0.06044862    0.60922594   -0.79068939   -0.12231131    0.79068939    0.59987517
    0.28075975   -0.17059777   -0.94449477   -0.17059777    0.95953564   -0.22402625    0.94449477    0.22402625    0.24029538
    0.66065180    0.34670458    0.66583416    0.34670458    0.64577957   -0.68026810   -0.66583416    0.68026810    0.30643137
    0.67964741   -0.11140551    0.72502980   -0.11140551    0.96125773    0.25213567   -0.72502980   -0.25213567    0.64090514
    0.96465145   -0.09374909    0.24628983   -0.09374909    0.75136480    0.65319373   -0.24628983   -0.65319373    0.71601625
    0.95500751    0.15013176   -0.25577551    0.15013176    0.49903763    0.85347636    0.25577551   -0.85347636    0.45404514
    0.39053496   -0.34895192   -0.85188908   -0.34895192    0.80020603   -0.48775288    0.85188908    0.48775288    0.19074099
    0.99937580    0.02454003    0.02541271    0.02454003    0.03523063   -0.99907787   -0.02541271    0.99907787    0.03460643
    0.85913152   -0.12884343    0.49527003   -0.12884343    0.88215512    0.45299195   -0.49527003   -0.45299195    0.74128664
    0.93645463    0.11686144    0.33075086    0.11686144    0.78508904   -0.60825866   -0.33075086    0.60825866    0.72154367
    0.82224632   -0.16732695   -0.54397857   -0.16732695    0.84248816   -0.51206971    0.54397857    0.51206971    0.66473448
    0.62855332   -0.26246461   -0.73214278   -0.26246461    0.81454223   -0.51733285    0.73214278    0.51733285    0.44309555
    0.40382457   -0.44449728    0.79959232   -0.44449728    0.66859112    0.59616112   -0.79959232   -0.59616112    0.07241569
    0.97620392    0.13390206   -0.17057595    0.13390206    0.24652472    0.95984155    0.17057595   -0.95984155    0.22272864
    0.98279256    0.10452371    0.15229439    0.10452371    0.36508830   -0.92508666   -0.15229439    0.92508666    0.34788086
    0.37374059    0.45032141    0.81088137    0.45032141    0.67618950   -0.58307666   -0.81088137    0.58307666    0.04993009
    0.68906972   -0.22854938    0.68771223   -0.22854938    0.83200472    0.50550304   -0.68771223   -0.50550304    0.52107444
    0.98842413   -0.09110799   -0.12131397   -0.09110799    0.28293392   -0.95480246    0.12131397    0.95480246    0.27135804
    0.66300489   -0.00048270   -0.74861491   -0.00048270    0.99999931   -0.00107230    0.74861491    0.00107230    0.66300420
    0.87207982   -0.27798885   -0.40273936   -0.27798885    0.39589047   -0.87521022    0.40273936    0.87521022    0.26797029
    0.99973806    0.01023509   -0.02047095    0.01023509    0.60007658    0.79987708    0.02047095   -0.79987708    0.59981464
    0.36455241    0.31121806   -0.87763595    0.31121806    0.84757723    0.42983271    0.87763595   -0.42983271    0.21212964
    0.15212559   -0.29350938    0.94377436   -0.29350938    0.89839562    0.32670714   -0.94377436   -0.32670714    0.05052121
    0.95348777    0.02477122   -0.30041214    0.02477122    0.98680748    0.15999183    0.30041214   -0.15999183    0.94029525
    0.96653754   -0.12711482    0.22281610   -0.12711482    0.51712532    0.84641788   -0.22281610   -0.84641788    0.48366285
    0.99998637    0.00167718    0.00494470    0.00167718    0.79364590   -0.60837765   -0.00494470    0.60837765    0.79363227
    0.95615327   -0.02404941   -0.29187764   -0.02404941    0.98680919   -0.16009140    0.29187764    0.16009140    0.94296245
    0.95836919   -0.10409402   -0.26588141   -0.10409402    0.73972242   -0.66481213    0.26588141    0.66481213    0.69809162
    0.21294623    0.12554195   -0.96896497    0.12554195    0.97997496    0.15455837    0.96896497   -0.15455837    0.19292120
    0.95614559    0.10800526   -0.27225075    0.10800526    0.73400313    0.67050300    0.27225075   -0.67050300    0.69014872
    0.81865224    0.32953687   -0.47033389    0.32953687    0.40118066    0.85466925    0.47033389   -0.85466925    0.21983290
    0.99838292   -0.01040986   -0.05588540   -0.01040986    0.93298714   -0.35975914    0.05588540    0.35975914    0.93137006
    0.85479493   -0.21567586    0.47202707   -0.21567586    0.67965253    0.70111081   -0.47202707   -0.70111081    0.53444745
    0.68327249   -0.45753975    0.56903083   -0.45753975    0.33904503    0.82201329   -0.56903083   -0.82201329    0.02231752
    0.59491639    0.38850819   -0.70365893    0.38850819    0.62738900    0.67486623    0.70365893   -0.67486623    0.22230539
    0.83560875   -0.24088885   -0.49369077   -0.24088885    0.64701625   -0.72342418    0.49369077    0.72342418    0.48262500
    0.80296467   -0.08449798   -0.59000663   -0.08449798    0.96376331   -0.25302247    0.59000663    0.25302247    0.76672798
    0.52345863   -0.02257459    0.85175199   -0.02257459    0.99893060    0.04034896   -0.85175199   -0.04034896    0.52238924
    0.72859682    0.21355268    0.65080099    0.21355268    0.83196680   -0.51208056   -0.65080099    0.51208056    0.56056361
    0.78121850    0.09273239   -0.61733165    0.09273239    0.96069459    0.26166124    0.61733165   -0.26166124    0.74191309
    0.81812096    0.24874623   -0.51846254    0.24874623    0.65980309    0.70907348    0.51846254   -0.70907348    0.47792405
    0.57904414   -0.13972417   -0.80323411   -0.13972417    0.95362259   -0.26661042    0.80323411    0.26661042    0.53266673
    0.29470619   -0.10128423    0.95020512   -0.10128423    0.98545501    0.13645489   -0.95020512   -0.13645489    0.28016119
    0.45248740   -0.25664000    0.85404395   -0.25664000    0.87970306    0.40032291   -0.85404395   -0.40032291    0.33219046
    0.94772699    0.06986008   -0.31134085    0.06986008    0.90663575    0.41609035    0.31134085   -0.41609035    0.85436274
