# Rotation matrices: 28 entries, row-major flattening of 3x3 -> 1x9
# https://github.com/Neurophysics-CFIN/GFO
# Col:  1    2    3    4    5    6    7    8    9
#       R11  R12  R13  R21  R22  R23  R31  R32  R33
# where Rij = R(i,j), i = row index, j = column index

   -0.18894342    0.02811254    0.98158549    0.02811254    0.99933528   -0.02320956   -0.98158549    0.02320956   -0.18960814
    0.37486340    0.62159656    0.68781912    0.62159656    0.38192343   -0.68392413   -0.68781912    0.68392413   -0.24321317
    0.67764232   -0.60043527    0.42459202   -0.60043527   -0.11839279    0.79086070   -0.42459202   -0.79086070   -0.44075047
    0.81033494    0.31973536    0.49104641    0.31973536    0.46099348   -0.82780088   -0.49104641    0.82780088    0.27132842
   -0.91518096    0.27560153   -0.29408774    0.27560153    0.96033993    0.04232030    0.29408774   -0.04232030   -0.95484103
    0.96397357    0.04880928   -0.26148157    0.04880928    0.93387227    0.35426012    0.26148157   -0.35426012    0.89784584
    0.99048600    0.11973648    0.06782813    0.11973648   -0.50691905   -0.85363707   -0.06782813    0.85363707   -0.51643305
    0.99670724    0.02811454    0.07605430    0.02811454    0.75995016   -0.64937303   -0.07605430    0.64937303    0.75665739
    0.04207915    0.88349948   -0.46653832    0.88349948    0.18514005    0.43029272    0.46653832   -0.43029272   -0.77278080
    0.04162690    0.67889817   -0.73305149    0.67889817    0.51907799    0.51928347    0.73305149   -0.51928347   -0.43929511
    0.93584146   -0.14047472    0.32321451   -0.14047472    0.69243149    0.70767611   -0.32321451   -0.70767611    0.62827295
    0.90738695   -0.11371477   -0.40462066   -0.11371477    0.86037552   -0.49681275    0.40462066    0.49681275    0.76776247
    0.98263125   -0.13086226   -0.13157089   -0.13086226    0.01403790   -0.99130117    0.13157089    0.99130117   -0.00333085
    0.99779702    0.03630605    0.05552458    0.03630605    0.40166083   -0.91506855   -0.05552458    0.91506855    0.39945785
   -0.82217639   -0.16373793    0.54517509   -0.16373793    0.98528676    0.04898858   -0.54517509   -0.04898858   -0.83688962
    0.48791243   -0.86634685    0.10669865   -0.86634685   -0.46568068    0.18051218   -0.10669865   -0.18051218   -0.97776825
    0.41781921    0.78037227    0.46523782    0.78037227   -0.04603397   -0.62361847   -0.46523782    0.62361847   -0.62821476
    0.37737727   -0.54324375    0.74998175   -0.54324375    0.52601510    0.65436560   -0.74998175   -0.65436560   -0.09660762
   -0.05467492   -0.32865591   -0.94286581   -0.32865591    0.89758483   -0.29381416    0.94286581    0.29381416   -0.15709008
    0.67650259   -0.71347613   -0.18247210   -0.71347613   -0.57357729   -0.40244367    0.18247210    0.40244367   -0.89707470
    0.61582120    0.11182481   -0.77990991    0.11182481    0.96745060    0.22701221    0.77990991   -0.22701221    0.58327180
    0.91263323    0.25999790   -0.31543887    0.25999790    0.22626295    0.93872582    0.31543887   -0.93872582    0.13889617
    0.18749275    0.37949916    0.90599495    0.37949916    0.82274667   -0.42316463   -0.90599495    0.42316463    0.01023942
    0.54210532   -0.19206297   -0.81806701   -0.19206297    0.91943959   -0.34313650    0.81806701    0.34313650    0.46154491
    0.41765681    0.06719394    0.90611686    0.06719394    0.99224680   -0.10455272   -0.90611686    0.10455272    0.40990361
    0.01454905   -0.70584729   -0.70821460   -0.70584729    0.49442395   -0.50727168    0.70821460    0.50727168   -0.49102700
   -0.69897537   -0.28522317   -0.65580574   -0.28522317    0.95211687   -0.11009635    0.65580574    0.11009635   -0.74685850
    0.81024096   -0.33794846    0.47885324   -0.33794846    0.39813587    0.85280635   -0.47885324   -0.85280635    0.20837683
