# Rotation matrices: 88 entries, row-major flattening of 3x3 -> 1x9
# https://github.com/Neurophysics-CFIN/GFO
# Col:  1    2    3    4    5    6    7    8    9
#       R11  R12  R13  R21  R22  R23  R31  R32  R33
# where Rij = R(i,j), i = row index, j = column index

    0.96732537   -0.00186500   -0.25353136   -0.00186500    0.99989355   -0.01447106    0.25353136    0.01447106    0.96721892
    0.90407858    0.03850517   -0.42562810    0.03850517    0.98454309    0.17085739    0.42562810   -0.17085739    0.88862167
    0.98751671   -0.02480691    0.15554861   -0.02480691    0.95070348    0.30910760   -0.15554861   -0.30910760    0.93822019
    0.97167538    0.03286749    0.23402284    0.03286749    0.96186102   -0.27155682   -0.23402284    0.27155682    0.93353640
    0.86020355   -0.10461594   -0.49910456   -0.10461594    0.92171121   -0.37350228    0.49910456    0.37350228    0.78191476
    0.91088042   -0.04253777    0.41047216   -0.04253777    0.97969625    0.19592293   -0.41047216   -0.19592293    0.89057667
    0.99989024   -0.00532388   -0.01382616   -0.00532388    0.74176463   -0.67063917    0.01382616    0.67063917    0.74165487
    0.97755407    0.03780343   -0.20726537    0.03780343    0.93633146    0.34907634    0.20726537   -0.34907634    0.91388554
    0.51306453    0.16323748    0.84268518    0.16323748    0.94527720   -0.28249698   -0.84268518    0.28249698    0.45834172
    0.69467883   -0.07035243   -0.71587140   -0.07035243    0.98378932   -0.16495184    0.71587140    0.16495184    0.67846815
    0.94643119   -0.08478374    0.31157618   -0.08478374    0.86581214    0.49313390   -0.31157618   -0.49313390    0.81224334
    0.96943788    0.10084415    0.22365297    0.10084415    0.66725010   -0.73797545   -0.22365297    0.73797545    0.63668798
    0.87622445    0.10739744   -0.46978346    0.10739744    0.90681350    0.40762124    0.46978346   -0.40762124    0.78303795
    0.77448121   -0.02708735    0.63201672   -0.02708735    0.99674650    0.07591233   -0.63201672   -0.07591233    0.77122771
    0.96410945   -0.07687039   -0.25413366   -0.07687039    0.83535899   -0.54430350    0.25413366    0.54430350    0.79946844
    0.99706639    0.03105374   -0.06995910    0.03105374    0.67128036    0.74055273    0.06995910   -0.74055273    0.66834675
    0.78310565    0.28644180    0.55199333    0.28644180    0.62171026   -0.72899070   -0.55199333    0.72899070    0.40481591
    0.54533015    0.04021979   -0.83725587    0.04021979    0.99644218    0.07406309    0.83725587   -0.07406309    0.54177233
    0.71034207   -0.21954835    0.66873961   -0.21954835    0.83359172    0.50687608   -0.66873961   -0.50687608    0.54393379
    0.96792815   -0.10949181   -0.22611201   -0.10949181    0.62620004   -0.77193591    0.22611201    0.77193591    0.59412819
    0.79480424    0.29974015   -0.52767610    0.29974015    0.56215393    0.77080400    0.52767610   -0.77080400    0.35695817
    0.56110300    0.02104601    0.82747839    0.02104601    0.99899080   -0.03967928   -0.82747839    0.03967928    0.56009381
    0.71294028   -0.28894324   -0.63892719   -0.28894324    0.70916088   -0.64311947    0.63892719    0.64311947    0.42210116
    0.96597405   -0.12917029    0.22407402   -0.12917029    0.50963996    0.85063632   -0.22407402   -0.85063632    0.47561401
    0.87018916    0.17419941    0.46089629    0.17419941    0.76623343   -0.61849891   -0.46089629    0.61849891    0.63642259
    0.51056880    0.19064925   -0.83843448    0.19064925    0.92573597    0.32659728    0.83843448   -0.32659728    0.43630476
    0.63539978   -0.34379289    0.69142864   -0.34379289    0.67582698    0.65196958   -0.69142864   -0.65196958    0.31122676
    0.87883250   -0.23854189   -0.41322053   -0.23854189    0.53038370   -0.81350531    0.41322053    0.81350531    0.40921620
    0.93853741    0.15695648   -0.30742836    0.15695648    0.59918164    0.78507709    0.30742836   -0.78507709    0.53771905
    0.35410200    0.43617785    0.82726094    0.43617785    0.70544712   -0.55865306   -0.82726094    0.55865306    0.05954912
    0.22067042   -0.09079774   -0.97111294   -0.09079774    0.98942138   -0.11314194    0.97111294    0.11314194    0.21009180
    0.83556874   -0.27284253    0.47684572   -0.27284253    0.54726951    0.79123513   -0.47684572   -0.79123513    0.38283825
    0.99073272    0.08282484    0.10765092    0.08282484    0.25976609   -0.96211310   -0.10765092    0.96211310    0.25049881
    0.63457157    0.28923765   -0.71670113    0.28923765    0.77106758    0.56727099    0.71670113   -0.56727099    0.40563915
    0.40302213   -0.09702962    0.91003210   -0.09702962    0.98422932    0.14791179   -0.91003210   -0.14791179    0.38725145
    0.49167460   -0.39934521   -0.77380843   -0.39934521    0.68627065   -0.60791118    0.77380843    0.60791118    0.17794525
    0.99874628    0.03173624   -0.03871281    0.03173624    0.19664052    0.97996190    0.03871281   -0.97996190    0.19538680
    0.85508400    0.31485763    0.41194178    0.31485763    0.31591181   -0.89502201   -0.41194178    0.89502201    0.17099581
    0.26858151    0.06789596    0.96086113    0.06789596    0.99369737   -0.08919462   -0.96086113    0.08919462    0.26227888
    0.34361084   -0.40412442    0.84771165   -0.40412442    0.75118945    0.52191749   -0.84771165   -0.52191749    0.09480029
    0.99320186   -0.08002922   -0.08453038   -0.08002922    0.05787783   -0.99511079    0.08453038    0.99511079    0.05107969
    0.63490616    0.42509800    0.64512468    0.42509800    0.50503600   -0.75115267   -0.64512468    0.75115267    0.13994216
    0.08169275    0.22838494   -0.97013742    0.22838494    0.94320019    0.24127521    0.97013742   -0.24127521    0.02489294
    0.56426921   -0.47366233    0.67619839   -0.47366233    0.48510410    0.73506327   -0.67619839   -0.73506327    0.04937331
    0.89193790   -0.29421864   -0.34333973   -0.29421864    0.19893643   -0.93480463    0.34333973    0.93480463    0.09087433
    0.77502421    0.39219801   -0.49549793    0.39219801    0.31628520    0.86379650    0.49549793   -0.86379650    0.09130941
    0.34825561    0.32657297   -0.87867407    0.32657297    0.83636238    0.44028181    0.87867407   -0.44028181    0.18461798
    0.23839036   -0.29585358   -0.92500849   -0.29585358    0.88507323   -0.35932721    0.92500849    0.35932721    0.12346358
    0.80801534   -0.35932160    0.46690385   -0.35932160    0.32748789    0.87386479   -0.46690385   -0.87386479    0.13550322
    0.95000816    0.21782432   -0.22368964    0.21782432    0.05089635    0.97466001    0.22368964   -0.97466001    0.00090451
    0.29465441    0.10449778   -0.94987314    0.10449778    0.98451853    0.14072483    0.94987314   -0.14072483    0.27917294
    0.19725634   -0.21849144    0.95569421   -0.21849144    0.94053082    0.26012165   -0.95569421   -0.26012165    0.13778716
    0.73640542   -0.38141742   -0.55877348   -0.38141742    0.44809469   -0.80853689    0.55877348    0.80853689    0.18450011
    0.93254197    0.20900625   -0.29441784    0.20900625    0.35243272    0.91219930    0.29441784   -0.91219930    0.28497469
    0.57533402    0.31213506    0.75601750    0.31213506    0.77057664   -0.55568277   -0.75601750    0.55568277    0.34591067
    0.03070957   -0.02716464    0.99915915   -0.02716464    0.99923870    0.02800172   -0.99915915   -0.02800172    0.02994827
    0.47896023   -0.25450329    0.84013402   -0.25450329    0.87568718    0.41036574   -0.84013402   -0.41036574    0.35464741
    0.97454632   -0.12903907   -0.18332591   -0.12903907    0.34582814   -0.92938249    0.18332591    0.92938249    0.32037446
    0.56219203    0.42450157   -0.70974540    0.42450157    0.58840039    0.68817395    0.70974540   -0.68817395    0.15059243
    0.31574304    0.26858235    0.91003838    0.26858235    0.89457692   -0.35720534   -0.91003838    0.35720534    0.21031996
    0.50145396   -0.25259063   -0.82749133   -0.25259063    0.87202381   -0.41925226    0.82749133    0.41925226    0.37347776
    0.95845919   -0.17545308    0.22488264   -0.17545308    0.25895087    0.94982139   -0.22488264   -0.94982139    0.21741006
    0.93118529    0.18884858    0.31181754    0.18884858    0.48174185   -0.85572250   -0.31181754    0.85572250    0.41292714
    0.71730710    0.14781958   -0.68089640    0.14781958    0.92270543    0.35603942    0.68089640   -0.35603942    0.64001252
    0.64216444   -0.11493153    0.75790209   -0.11493153    0.96308568    0.24342704   -0.75790209   -0.24342704    0.60525012
    0.86949702   -0.17428530   -0.46216833   -0.17428530    0.76724389   -0.61722075    0.46216833    0.61722075    0.63674091
    0.99898475    0.02369905   -0.03831208    0.02369905    0.44678904    0.89432539    0.03831208   -0.89432539    0.44577379
    0.71906265    0.19300229    0.66760694    0.19300229    0.86740858   -0.45864199   -0.66760694    0.45864199    0.58647123
    0.46670148   -0.10537297   -0.87811518   -0.10537297    0.97917965   -0.17350433    0.87811518    0.17350433    0.44588113
    0.87375034   -0.18427093    0.45011617   -0.18427093    0.73104264    0.65697860   -0.45011617   -0.65697860    0.60479298
    0.99979568    0.01010126    0.01750887    0.01010126    0.50060685   -0.86561582   -0.01750887    0.86561582    0.50040253
    0.83189365    0.19791446   -0.51844269    0.19791446    0.76699195    0.61037138    0.51844269   -0.61037138    0.59888560
    0.73524632    0.07937024    0.67313685    0.07937024    0.97620568   -0.20179901   -0.67313685    0.20179901    0.71145200
    0.70804399   -0.17914100   -0.68306824   -0.17914100    0.89008105   -0.41912316    0.68306824    0.41912316    0.59812504
    0.97944177   -0.07650817    0.18665560   -0.07650817    0.71527214    0.69464543   -0.18665560   -0.69464543    0.69471391
    0.87318530    0.09991698    0.47703672    0.09991698    0.92127566   -0.37585602   -0.47703672    0.37585602    0.79446096
    0.75358912    0.04004611   -0.65612479    0.04004611    0.99349180    0.10663185    0.65612479   -0.10663185    0.74708092
    0.83240616   -0.11893566    0.54125253   -0.11893566    0.91559541    0.38410853   -0.54125253   -0.38410853    0.74800156
    0.96927051    0.06811880    0.23637791    0.06811880    0.84899944   -0.52398453   -0.23637791    0.52398453    0.81826994
    0.95885035    0.08940413   -0.26946783    0.08940413    0.80575538    0.58546150    0.26946783   -0.58546150    0.76460573
    0.89190033    0.02456346    0.45156444    0.02456346    0.99441845   -0.10260885   -0.45156444    0.10260885    0.88631878
    0.96323099   -0.03966456   -0.26573067   -0.03966456    0.95721187   -0.28665686    0.26573067    0.28665686    0.92044286
    0.99997787   -0.00179606    0.00640514   -0.00179606    0.85420667    0.51993052   -0.00640514   -0.51993052    0.85418454
    0.99988958   -0.00326189   -0.01449771   -0.00326189    0.90363939   -0.42828170    0.01449771    0.42828170    0.90352897
    0.86414403   -0.03023108   -0.50233572   -0.03023108    0.99327289   -0.11178125    0.50233572    0.11178125    0.85741692
    0.97755783   -0.00187363    0.21065890   -0.00187363    0.99984358    0.01758733   -0.21065890   -0.01758733    0.97740141
    0.99990664   -0.00106300   -0.01362306   -0.00106300    0.98789712   -0.15510687    0.01362306    0.15510687    0.98780376
    0.99901480    0.00327961   -0.04425686    0.00327961    0.98908258    0.14732579    0.04425686   -0.14732579    0.98809738
