# Rotation matrices: 50 entries, row-major flattening of 3x3 -> 1x9
# https://github.com/Neurophysics-CFIN/GFO
# Col:  1    2    3    4    5    6    7    8    9
#       R11  R12  R13  R21  R22  R23  R31  R32  R33
# where Rij = R(i,j), i = row index, j = column index

    0.98721502    0.02754820    0.15699553    0.02754820    0.94064103   -0.33828325   -0.15699553    0.33828325    0.92785605
    0.98426978   -0.01091798   -0.17633435   -0.01091798    0.99242209   -0.12238953    0.17633435    0.12238953    0.97669187
    0.99372630   -0.04141376    0.10388909   -0.04141376    0.72662082    0.68578939   -0.10388909   -0.68578939    0.72034712
    0.88703962    0.13220492    0.44236022    0.13220492    0.84527193   -0.51772312   -0.44236022    0.51772312    0.73231155
    0.86127194   -0.04781247   -0.50588992   -0.04781247    0.98352148   -0.17435440    0.50588992    0.17435440    0.84479343
    0.86782113   -0.14234368    0.47605122   -0.14234368    0.84670983    0.51266046   -0.47605122   -0.51266046    0.71453096
    0.98053430   -0.04553452   -0.19099500   -0.04553452    0.89348479   -0.44677906    0.19099500    0.44677906    0.87401910
    0.94550893    0.03222762   -0.32399729    0.03222762    0.98093964    0.19162151    0.32399729   -0.19162151    0.92644857
    0.66520080    0.27408896    0.69453807    0.27408896    0.77561249   -0.56859521   -0.69453807    0.56859521    0.44081329
    0.61338450   -0.04681109   -0.78839595   -0.04681109    0.99433215   -0.09545833    0.78839595    0.09545833    0.60771665
    0.99741829    0.03774370   -0.06109140    0.03774370    0.44819941    0.89313644    0.06109140   -0.89313644    0.44561770
    0.99312448    0.04205204    0.10924926    0.04205204    0.74280154   -0.66818971   -0.10924926    0.66818971    0.73592602
    0.82485779    0.15727228   -0.54302399    0.15727228    0.85877437    0.48761872    0.54302399   -0.48761872    0.68363216
    0.68818340   -0.27722779    0.67048368   -0.27722779    0.75352420    0.59610908   -0.67048368   -0.59610908    0.44170760
    0.95127940   -0.11558882   -0.28584389   -0.11558882    0.72576746   -0.67815987    0.28584389    0.67815987    0.67704686
    0.95392972    0.11838806   -0.27568526    0.11838806    0.69577501    0.70843589    0.27568526   -0.70843589    0.64970472
    0.90349503    0.20047976    0.37881999    0.20047976    0.58352263   -0.78696201   -0.37881999    0.78696201    0.48701766
    0.19592646    0.29640038   -0.93475111    0.29640038    0.89073986    0.34457120    0.93475111   -0.34457120    0.08666632
    0.62740102   -0.12602706    0.76843031   -0.12602706    0.95737288    0.25991218   -0.76843031   -0.25991218    0.58477391
    0.97034452   -0.15718704   -0.18364027   -0.15718704    0.16683982   -0.97337388    0.18364027    0.97337388    0.13718434
    0.71597453    0.38895108    0.57973919    0.38895108    0.46736135   -0.79390832   -0.57973919    0.79390832    0.18333589
    0.17650032    0.01726236    0.98414920    0.01726236    0.99963814   -0.02062993   -0.98414920    0.02062993    0.17613846
    0.72296724   -0.41056187   -0.55565936   -0.41056187    0.39154833   -0.82348580    0.55565936    0.82348580    0.11451557
    0.99997555    0.00456304   -0.00529935    0.00456304    0.14849811    0.98890216    0.00529935   -0.98890216    0.14847366
    0.96535736    0.16284670    0.20387772    0.16284670    0.23449699   -0.95837994   -0.20387772    0.95837994    0.19985435
    0.44544613    0.47242081   -0.76052372    0.47242081    0.59754781    0.64788517    0.76052372   -0.64788517    0.04299394
    0.21115727   -0.34987668   -0.91268774   -0.34987668    0.84481864   -0.40480586    0.91268774    0.40480586    0.05597591
    0.88087725   -0.28812676    0.37555059   -0.28812676    0.30309680    0.90835858   -0.37555059   -0.90835858    0.18397404
    0.99982544   -0.00965293   -0.01599729   -0.00965293    0.46621054   -0.88462113    0.01599729    0.88462113    0.46603598
    0.60709565    0.29378790   -0.73832482    0.29378790    0.78032483    0.55207049    0.73832482   -0.55207049    0.38742048
    0.51715899   -0.43846839    0.73504561   -0.43846839    0.60182643    0.66749564   -0.73504561   -0.66749564    0.11898542
    0.42974271   -0.18298089   -0.88421672   -0.18298089    0.94128614   -0.28372238    0.88421672    0.28372238    0.37102885
    0.86665264    0.32123254   -0.38173663    0.32123254    0.22615382    0.91959997    0.38173663   -0.91959997    0.09280646
    0.37136956    0.26697751    0.88927367    0.26697751    0.88661543   -0.37767193   -0.88927367    0.37767193    0.25798499
    0.16052214   -0.01593087   -0.98690367   -0.01593087    0.99969768   -0.01872859    0.98690367    0.01872859    0.16021982
    0.83580521   -0.04630893    0.54706958   -0.04630893    0.98693919    0.15429360   -0.54706958   -0.15429360    0.82274441
    0.88888454   -0.22989872   -0.39627118   -0.22989872    0.52433781   -0.81988807    0.39627118    0.81988807    0.41322235
    0.82934848    0.27971074   -0.48367655    0.27971074    0.54153297    0.79278240    0.48367655   -0.79278240    0.37088145
    0.35283953   -0.22997562    0.90698152   -0.22997562    0.91827562    0.32230590   -0.90698152   -0.32230590    0.27111515
    0.62038975   -0.31894239   -0.71651400   -0.31894239    0.73202977   -0.60200347    0.71651400    0.60200347    0.35241951
    0.92161601   -0.18434873    0.34152522   -0.18434873    0.56643628    0.80322194   -0.34152522   -0.80322194    0.48805229
    0.72541565    0.10784442    0.67981006    0.10784442    0.95764355   -0.26699890   -0.67981006    0.26699890    0.68305920
    0.47455195    0.13651099   -0.86957760    0.13651099    0.96453455    0.22591558    0.86957760   -0.22591558    0.43908650
    0.50500510    0.04061067    0.86216044    0.04061067    0.99666819   -0.07073389   -0.86216044    0.07073389    0.50167330
    0.78595863   -0.16532699   -0.59576507   -0.16532699    0.87230032   -0.46017294    0.59576507    0.46017294    0.65825896
    0.98850816    0.03626008   -0.14675429    0.03626008    0.88558894    0.46305230    0.14675429   -0.46305230    0.87409710
    0.90733024    0.02930786    0.41939585    0.02930786    0.99073106   -0.13263869   -0.41939585    0.13263869    0.89806130
    0.76812329    0.06401938   -0.63709350    0.06401938    0.98232474    0.17589661    0.63709350   -0.17589661    0.75044803
    0.97550863   -0.04157021    0.21599729   -0.04157021    0.92944118    0.36662107   -0.21599729   -0.36662107    0.90494981
    0.99355948   -0.00381893    0.11324744   -0.00381893    0.99773556    0.06715040   -0.11324744   -0.06715040    0.99129503
