# Rotation matrices: 17 entries, row-major flattening of 3x3 -> 1x9
# https://github.com/Neurophysics-CFIN/GFO
# Col:  1    2    3    4    5    6    7    8    9
#       R11  R12  R13  R21  R22  R23  R31  R32  R33
# where Rij = R(i,j), i = row index, j = column index

    0.95763359   -0.01681343    0.28749819   -0.01681343    0.99332747    0.11409581   -0.28749819   -0.11409581    0.95096106
    0.91559497   -0.07996058   -0.39407127   -0.07996058    0.92424985   -0.37332093    0.39407127    0.37332093    0.83984482
    0.94732799    0.03810846   -0.31798965    0.03810846    0.97242833    0.23006712    0.31798965   -0.23006712    0.91975633
    0.99925027   -0.01933941   -0.03353944   -0.01933941    0.50113972   -0.86515026    0.03353944    0.86515026    0.50038998
    0.88526713    0.18954981   -0.42470339    0.18954981    0.68684536    0.70165114    0.42470339   -0.70165114    0.57211249
    0.98152530   -0.07110543    0.17762912   -0.07110543    0.72632939    0.68365900   -0.17762912   -0.68365900    0.70785469
    0.98613025   -0.10911671    0.12506265   -0.10911671    0.14155198    0.98389866   -0.12506265   -0.98389866    0.12768223
    0.74488131    0.26720657    0.61135299    0.26720657    0.72013280   -0.64031976   -0.61135299    0.64031976    0.46501411
    0.37993964    0.33281275   -0.86306520    0.33281275    0.82136525    0.46324378    0.86306520   -0.46324378    0.20130489
    0.15900694   -0.23320120   -0.95934039   -0.23320120    0.93533502   -0.26601805    0.95934039    0.26601805    0.09434196
    0.66751440   -0.39200401    0.63305402   -0.39200401    0.53782317    0.74637731   -0.63305402   -0.74637731    0.20533757
    0.82661818    0.37439317   -0.42015728    0.37439317    0.19155166    0.90726937    0.42015728   -0.90726937    0.01816984
    0.37827108    0.11052641    0.91907285    0.11052641    0.98035142   -0.16338604   -0.91907285    0.16338604    0.35862250
    0.72553180   -0.30581427   -0.61650729   -0.30581427    0.65925974   -0.68691646    0.61650729    0.68691646    0.38479154
    0.67271351   -0.14589521    0.72537654   -0.14589521    0.93496398    0.32335267   -0.72537654   -0.32335267    0.60767749
    0.97035302    0.05521717    0.23530000    0.05521717    0.89715866   -0.43824354   -0.23530000    0.43824354    0.86751168
    0.59825938    0.01216102   -0.80121022    0.01216102    0.99963188    0.02425329    0.80121022   -0.02425329    0.59789126
