# Rotation matrices: 53 entries, row-major flattening of 3x3 -> 1x9
# https://github.com/Neurophysics-CFIN/GFO
# Col:  1    2    3    4    5    6    7    8    9
#       R11  R12  R13  R21  R22  R23  R31  R32  R33
# where Rij = R(i,j), i = row index, j = column index

    0.92332660    0.05612448    0.37989212    0.05612448    0.95891720   -0.27807883   -0.37989212    0.27807883    0.88224381
    0.83620870   -0.04954384   -0.54616886   -0.04954384    0.98501391   -0.16520598    0.54616886    0.16520598    0.82122260
    0.98637556   -0.00685670    0.16436616   -0.00685670    0.99654927    0.08271967   -0.16436616   -0.08271967    0.98292483
    0.99904197    0.00525319    0.04344582    0.00525319    0.97119494   -0.23822843   -0.04344582    0.23822843    0.97023692
    0.90101899    0.04966532   -0.43092707    0.04966532    0.97507963    0.21622459    0.43092707   -0.21622459    0.87609862
    0.95318121   -0.05926502    0.29653539   -0.05926502    0.92498006    0.37536589   -0.29653539   -0.37536589    0.87816127
    0.96492415   -0.05197400   -0.25733265   -0.05197400    0.92298700   -0.38130526    0.25733265    0.38130526    0.88791115
    0.93783889    0.10878609   -0.32958125    0.10878609    0.80961708    0.57678919    0.32958125   -0.57678919    0.74745598
    0.47558873    0.06281569    0.87742211    0.06281569    0.99247573   -0.10510047   -0.87742211    0.10510047    0.46806446
    0.62384483   -0.24859563   -0.74095738   -0.24859563    0.83570667   -0.48968825    0.74095738    0.48968825    0.45955150
    0.88284078   -0.15304247    0.44403846   -0.15304247    0.80008404    0.58003753   -0.44403846   -0.58003753    0.68292482
    0.98011085    0.08518170    0.17923952    0.08518170    0.63518192   -0.76765097   -0.17923952    0.76765097    0.61529277
    0.77430405    0.15666957   -0.61311328    0.15666957    0.89124593    0.42559997    0.61311328   -0.42559997    0.66554998
    0.72260309   -0.10255982    0.68361265   -0.10255982    0.96208135    0.25274684   -0.68361265   -0.25274684    0.68468443
    0.84846958   -0.24371373   -0.46979036   -0.24371373    0.60802336   -0.75558667    0.46979036    0.75558667    0.45649294
    0.87396697    0.26876680   -0.40490264    0.26876680    0.42685190    0.86345924    0.40490264   -0.86345924    0.30081887
    0.61447839    0.22657690    0.75569784    0.22657690    0.86683732   -0.44413508   -0.75569784    0.44413508    0.48131570
    0.50067995    0.16985870   -0.84880364    0.16985870    0.94221747    0.28874603    0.84880364   -0.28874603    0.44289741
    0.61485669   -0.42777630    0.66253958   -0.42777630    0.52487151    0.73587861   -0.66253958   -0.73587861    0.13972820
    0.98622843   -0.08761735   -0.14027360   -0.08761735    0.44256175   -0.89244737    0.14027360    0.89244737    0.42879018
    0.89748352    0.29900493    0.32422119    0.29900493    0.12790654   -0.94564051   -0.32422119    0.94564051    0.02539006
    0.21603122    0.06472094   -0.97423904    0.06472094    0.99465693    0.08042880    0.97423904   -0.08042880    0.21068815
    0.52565491   -0.41097429   -0.74484029   -0.41097429    0.64393040   -0.64533230    0.74484029    0.64533230    0.16958530
    0.99804009    0.03853465   -0.04930581    0.03853465    0.24235412    0.96942228    0.04930581   -0.96942228    0.24039421
    0.47247953    0.39346453    0.78863728    0.39346453    0.70652450   -0.58822513   -0.78863728    0.58822513    0.17900403
    0.33734367    0.35009851   -0.87385942    0.35009851    0.81503389    0.46168257    0.87385942   -0.46168257    0.15237756
    0.27838910   -0.34485854    0.89642183   -0.34485854    0.83519178    0.42840085   -0.89642183   -0.42840085    0.11358088
    0.92063268   -0.24492573    0.30405073   -0.24492573    0.24416476    0.93829364   -0.30405073   -0.93829364    0.16479745
    0.79003836    0.30637025    0.53101474    0.30637025    0.55295295   -0.77484212   -0.53101474    0.77484212    0.34299131
    0.61105841    0.46514284   -0.64050743    0.46514284    0.44372660    0.76599533    0.64050743   -0.76599533    0.05478500
    0.43329180   -0.13535240    0.89103195   -0.13535240    0.96767248    0.21281378   -0.89103195   -0.21281378    0.40096428
    0.83020001   -0.34027234   -0.44156843   -0.34027234    0.31810794   -0.88488535    0.44156843    0.88488535    0.14830795
    0.99658860   -0.05540647   -0.06116597   -0.05540647    0.10011096   -0.99343239    0.06116597    0.99343239    0.09669956
    0.22221866    0.22628781    0.94837371    0.22628781    0.93416379   -0.27591998   -0.94837371    0.27591998    0.15638245
    0.27152217   -0.23376721   -0.93361052   -0.23376721    0.92498453   -0.29959391    0.93361052    0.29959391    0.19650670
    0.83727794   -0.26127179    0.48031521   -0.26127179    0.58049358    0.77120960   -0.48031521   -0.77120960    0.41777153
    0.96612727    0.14663784    0.21235687    0.14663784    0.36519268   -0.91931042   -0.21235687    0.91931042    0.33131995
    0.70234922    0.29518110   -0.64774508    0.29518110    0.70726809    0.64237058    0.64774508   -0.64237058    0.40961731
    0.09893497   -0.05306591    0.99367796   -0.05306591    0.99687482    0.05852011   -0.99367796   -0.05852011    0.09580979
    0.83981806   -0.14931628   -0.52192937   -0.14931628    0.86081232   -0.48652523    0.52192937    0.48652523    0.70063038
    0.98319678   -0.08856429    0.15962601   -0.08856429    0.53320661    0.84133648   -0.15962601   -0.84133648    0.51640339
    0.85406540    0.16940939    0.49180561    0.16940939    0.80333970   -0.57091662   -0.49180561    0.57091662    0.65740510
    0.69282076    0.03490949   -0.72026434    0.03490949    0.99603270    0.08185468    0.72026434   -0.08185468    0.68885346
    0.62538533   -0.26607949    0.73354952   -0.26607949    0.81101035    0.52102199   -0.73354952   -0.52102199    0.43639568
    0.97818360   -0.07692009   -0.19297704   -0.07692009    0.72879573   -0.68039700    0.19297704    0.68039700    0.70697934
    0.97477479    0.10315115   -0.19792408    0.10315115    0.57819333    0.80935302    0.19792408   -0.80935302    0.55296812
    0.74168659    0.07507349    0.66653205    0.07507349    0.97818143   -0.19371385   -0.66653205    0.19371385    0.71986802
    0.51744717   -0.08850962   -0.85112541   -0.08850962    0.98376561   -0.15611304    0.85112541    0.15611304    0.50121278
    0.99819302   -0.02019290    0.05659448   -0.02019290    0.77434507    0.63244127   -0.05659448   -0.63244127    0.77253809
    0.98991799    0.03975188    0.13594908    0.03975188    0.84326412   -0.53602744   -0.13594908    0.53602744    0.83318211
    0.99570167    0.01651525   -0.09113413    0.01651525    0.93654430    0.35015998    0.09113413   -0.35015998    0.93224598
    0.86882811   -0.01712965    0.49481744   -0.01712965    0.99776305    0.06461787   -0.49481744   -0.06461787    0.86659116
    0.97706729   -0.00102903   -0.21292829   -0.00102903    0.99995383   -0.00955447    0.21292829    0.00955447    0.97702111
