# Rotation matrices: 21 entries, row-major flattening of 3x3 -> 1x9
# https://github.com/Neurophysics-CFIN/GFO
# Col:  1    2    3    4    5    6    7    8    9
#       R11  R12  R13  R21  R22  R23  R31  R32  R33
# where Rij = R(i,j), i = row index, j = column index

    0.12259222   -0.83097201    0.54263862   -0.83097201    0.21300620    0.51392011   -0.54263862   -0.51392011   -0.66440157
    0.64359677   -0.55238225    0.52977075   -0.55238225    0.14387378    0.82108111   -0.52977075   -0.82108111   -0.21252945
    0.98705883   -0.10662207    0.11977728   -0.10662207    0.12154254    0.98684302   -0.11977728   -0.98684302    0.10860137
    0.99716282    0.07355144   -0.01601526    0.07355144   -0.90676008    0.41518229    0.01601526   -0.41518229   -0.90959726
    0.41501265   -0.10339331    0.90392164   -0.10339331    0.98172580    0.15976319   -0.90392164   -0.15976319    0.39673845
    0.41792174   -0.65196312   -0.63268121   -0.65196312    0.26976158   -0.70864151    0.63268121    0.70864151   -0.31231668
    0.21226370    0.88098263    0.42286373    0.88098263    0.01473325   -0.47291917   -0.42286373    0.47291917   -0.77300306
    0.17426711    0.60841894    0.77424632    0.60841894    0.55170297   -0.57048245   -0.77424632    0.57048245   -0.27402993
    0.77691510    0.45143125   -0.43887669    0.45143125    0.08649049    0.88810429    0.43887669   -0.88810429   -0.13659440
   -0.57707269    0.06774008    0.81387861    0.06774008    0.99709036   -0.03495857   -0.81387861    0.03495857   -0.57998233
    0.98993512   -0.05667821    0.12967666   -0.05667821    0.68082884    0.73024631   -0.12967666   -0.73024631    0.67076396
   -0.02736423    0.55724686   -0.82989586    0.55724686    0.69774687    0.45013915    0.82989586   -0.45013915   -0.32961737
    0.08079664    0.10453593   -0.99123365    0.10453593    0.98811171    0.11272754    0.99123365   -0.11272754    0.06890835
    0.65176852   -0.75305374   -0.09004367   -0.75305374   -0.62848555   -0.19472026    0.09004367    0.19472026   -0.97671703
    0.91929295   -0.01092457   -0.39342233   -0.01092457    0.99852124   -0.05325394    0.39342233    0.05325394    0.91781419
   -0.67800406    0.46589633   -0.56855176    0.46589633    0.87064430    0.15785789    0.56855176   -0.15785789   -0.80735976
    0.52212848    0.74190185   -0.42067030    0.74190185   -0.15181242    0.65309619    0.42067030   -0.65309619   -0.62968395
    0.31417498   -0.31939850   -0.89402387   -0.31939850    0.85125156   -0.41635968    0.89402387    0.41635968    0.16542654
    0.82367558    0.46399039    0.32599304    0.46399039   -0.22097142   -0.85783714   -0.32599304    0.85783714   -0.39729584
    0.99185607   -0.11004166    0.06412772   -0.11004166   -0.48689528    0.86650091   -0.06412772   -0.86650091   -0.49503921
    0.82866623   -0.12053032    0.54661203   -0.12053032    0.91520902    0.38453203   -0.54661203   -0.38453203    0.74387526
