# Rotation matrices: 50 entries, row-major flattening of 3x3 -> 1x9
# https://github.com/Neurophysics-CFIN/GFO
# Col:  1    2    3    4    5    6    7    8    9
#       R11  R12  R13  R21  R22  R23  R31  R32  R33
# where Rij = R(i,j), i = row index, j = column index

    0.51982236    0.00044858   -0.85427426    0.00044858    0.99999958    0.00079805    0.85427426   -0.00079805    0.51982194
    0.96439069    0.13179931   -0.22930231    0.13179931    0.51217658    0.84870731    0.22930231   -0.84870731    0.47656726
    0.67951461   -0.40295025    0.61309949   -0.40295025    0.49336565    0.77085759   -0.61309949   -0.77085759    0.17288026
    0.99369942   -0.00296693    0.11203862   -0.00296693    0.99860287    0.05275886   -0.11203862   -0.05275886    0.99230230
    0.69679063    0.56066865   -0.44736282    0.56066865   -0.03674016    0.82722477    0.44736282   -0.82722477   -0.33994953
    0.17522446   -0.25541436    0.95082064   -0.25541436    0.92090394    0.29444768   -0.95082064   -0.29444768    0.09612840
    0.38898025   -0.44826102   -0.80483317   -0.44826102    0.67114330   -0.59044791    0.80483317    0.59044791    0.06012355
   -0.78231256    0.14177854    0.60653599    0.14177854    0.98872187   -0.04824843   -0.60653599    0.04824843   -0.79359069
    0.71917893   -0.49693159    0.48563429   -0.49693159    0.12064644    0.85936222   -0.48563429   -0.85936222   -0.16017463
    0.47987370    0.76054339   -0.43737281    0.76054339   -0.11208807    0.63953890    0.43737281   -0.63953890   -0.63221437
    0.38957363   -0.80375950    0.44966995   -0.80375950   -0.05832474    0.59208859   -0.44966995   -0.59208859   -0.66875111
    0.97546355    0.19877665   -0.09465049    0.19877665   -0.61034497    0.76678997    0.09465049   -0.76678997   -0.63488142
    0.98868492   -0.07030513    0.13251157   -0.07030513    0.56316598    0.82334760   -0.13251157   -0.82334760    0.55185090
    0.45795670   -0.09499159    0.88388476   -0.09499159    0.98335299    0.15489835   -0.88388476   -0.15489835    0.44130969
    0.98981108   -0.04314505   -0.13569274   -0.04314505    0.81730187   -0.57459217    0.13569274    0.57459217    0.80711295
    0.99867774   -0.00661996   -0.05097993   -0.00661996    0.96685686   -0.25523319    0.05097993    0.25523319    0.96553460
   -0.35676441   -0.84517821   -0.39798613   -0.84517821    0.47350756   -0.24792013    0.39798613    0.24792013   -0.88325684
    0.96279027   -0.08142402    0.25769173   -0.08142402    0.82182427    0.56389273   -0.25769173   -0.56389273    0.78461453
    0.97672426   -0.14266494   -0.16017628   -0.14266494    0.12555812   -0.98177486    0.16017628    0.98177486    0.10228238
    0.04469197   -0.61339578   -0.78851014   -0.61339578    0.60614339   -0.50629616    0.78851014    0.50629616   -0.34916464
    0.50346751   -0.71388323   -0.48671470   -0.71388323   -0.02637647   -0.69976783    0.48671470    0.69976783   -0.52290896
    0.97084906    0.05693912    0.23283051    0.05693912    0.88878358   -0.45477652   -0.23283051    0.45477652    0.85963264
    0.61769908    0.29255720    0.72997132    0.29255720    0.77611951   -0.55861327   -0.72997132    0.55861327    0.39381859
    0.91231490    0.38217294    0.14705567    0.38217294   -0.66568955   -0.64093781   -0.14705567    0.64093781   -0.75337465
    0.90393437    0.08740448   -0.41864437    0.08740448    0.92047580    0.38089994    0.41864437   -0.38089994    0.82441017
    0.70672985   -0.13090173   -0.69526805   -0.13090173    0.94157175   -0.31033431    0.69526805    0.31033431    0.64830160
    0.26077455    0.36115703    0.89530008    0.36115703    0.82355261   -0.43740907   -0.89530008    0.43740907    0.08432716
   -0.29848286   -0.86352563    0.40648674   -0.86352563    0.42573250    0.27032449   -0.40648674   -0.27032449   -0.87275036
    0.87541383   -0.37256002   -0.30797673   -0.37256002   -0.11409609   -0.92096749    0.30797673    0.92096749   -0.23868226
    0.98799937    0.12604615   -0.08927268    0.12604615   -0.32389987    0.93765732    0.08927268   -0.93765732   -0.33590050
   -0.13798790    0.10625002   -0.98471837    0.10625002    0.99007980    0.09193977    0.98471837   -0.09193977   -0.14790809
   -0.30074355    0.60808401    0.73470208    0.60808401    0.71572708   -0.34346554   -0.73470208    0.34346554   -0.58501647
   -0.17230282   -0.07493936    0.98218931   -0.07493936    0.99520951    0.06278637   -0.98218931   -0.06278637   -0.17709331
    0.31036528    0.20699576   -0.92780717    0.20699576    0.93786965    0.27848387    0.92780717   -0.27848387    0.24823494
   -0.13977269   -0.47099950    0.87098971   -0.47099950    0.80536424    0.35992766   -0.87098971   -0.35992766   -0.33440845
   -0.20042684   -0.74422144   -0.63715267   -0.74422144    0.53860948   -0.39501173    0.63715267    0.39501173   -0.66181735
   -0.72120441   -0.07358940   -0.68880244   -0.07358940    0.99685371   -0.02944947    0.68880244    0.02944947   -0.72435069
    0.87013774   -0.41776394    0.26140699   -0.41776394   -0.34393705    0.84094031   -0.26140699   -0.84094031   -0.47379931
    0.37196160    0.77167338    0.51591159    0.77167338    0.05184173   -0.63390270   -0.51591159    0.63390270   -0.57619667
    0.69933871   -0.30270585   -0.64752957   -0.30270585    0.69523569   -0.65193289    0.64752957    0.65193289    0.39457440
    0.99111485    0.13062433    0.02507282    0.13062433   -0.92036239   -0.36860596   -0.02507282    0.36860596   -0.92924754
    0.48962019    0.13050922    0.86211334    0.13050922    0.96662749   -0.22045101   -0.86211334    0.22045101    0.45624767
    0.91231468    0.27740986    0.30120706    0.27740986    0.12235903   -0.95292814   -0.30120706    0.95292814    0.03467371
    0.67795398    0.54394863    0.49446769    0.54394863    0.08124899   -0.83517573   -0.49446769    0.83517573   -0.24079703
    0.54647735    0.34957170   -0.76102703    0.34957170    0.73055288    0.58659365    0.76102703   -0.58659365    0.27703023
    0.51612705    0.52965817   -0.67310854    0.52965817    0.42022432    0.73679967    0.67310854   -0.73679967   -0.06364864
    0.99721703    0.05784562    0.04703273    0.05784562   -0.20235466   -0.97760241   -0.04703273    0.97760241   -0.20513763
   -0.70160809    0.58949082   -0.40030821    0.58949082    0.79578175    0.13867942    0.40030821   -0.13867942   -0.90582634
    0.96262004    0.00996356   -0.27067208    0.00996356    0.99734423    0.07214717    0.27067208   -0.07214717    0.95996427
    0.77264181    0.12470560    0.62247340    0.12470560    0.93159918   -0.34142566   -0.62247340    0.34142566    0.70424100
