# Rotation matrices: 44 entries, row-major flattening of 3x3 -> 1x9
# https://github.com/Neurophysics-CFIN/GFO
# Col:  1    2    3    4    5    6    7    8    9
#       R11  R12  R13  R21  R22  R23  R31  R32  R33
# where Rij = R(i,j), i = row index, j = column index

    0.98039519    0.16013185   -0.11481755    0.16013185   -0.30795478    0.93782815    0.11481755   -0.93782815   -0.32755959
    0.70313145   -0.40770889   -0.58256297   -0.40770889    0.44006684   -0.80007164    0.58256297    0.80007164    0.14319830
    0.52836590    0.69716324   -0.48455433    0.69716324   -0.03053740    0.71626174    0.48455433   -0.71626174   -0.50217150
   -0.22951385   -0.44089409   -0.86771873   -0.44089409    0.84189882   -0.31115718    0.86771873    0.31115718   -0.38761504
    0.91834537    0.39142553    0.05854777    0.39142553   -0.87636561   -0.28065881   -0.05854777    0.28065881   -0.95802025
    0.08616130   -0.53665152    0.83939346   -0.53665152    0.68485155    0.49293357   -0.83939346   -0.49293357   -0.22898715
   -0.76866734    0.01708581    0.63942051    0.01708581    0.99983495   -0.00617698   -0.63942051    0.00617698   -0.76883240
    0.95705851   -0.19590467   -0.21368287   -0.19590467    0.10625735   -0.97484908    0.21368287    0.97484908    0.06331586
    0.90375649   -0.41761744    0.09391425   -0.41761744   -0.81211513    0.40751035   -0.09391425   -0.40751035   -0.90835864
   -0.57095235    0.10285963   -0.81451416    0.10285963    0.99326517    0.05333111    0.81451416   -0.05333111   -0.57768719
   -0.16670331    0.88432902    0.43608736    0.88432902    0.32970293   -0.33054223   -0.43608736    0.33054223   -0.83700039
    0.46292941    0.45709601    0.75944691    0.45709601    0.61096965   -0.64635851   -0.75944691    0.64635851    0.07389906
    0.89304563   -0.39721506   -0.21139939   -0.39721506   -0.47520669   -0.78511069    0.21139939    0.78511069   -0.58216106
    0.46415465   -0.40886504    0.78574159   -0.40886504    0.68802450    0.59954288   -0.78574159   -0.59954288    0.15217915
    0.96013875    0.25368957   -0.11736769    0.25368957   -0.61456063    0.74696508    0.11736769   -0.74696508   -0.65442188
    0.06026799   -0.22572282   -0.97232555   -0.22572282    0.94578157   -0.23355176    0.97232555    0.23355176    0.00604956
   -0.00958831    0.99314050   -0.11653330    0.99314050    0.02303935    0.11463479    0.11653330   -0.11463479   -0.98654896
    0.63717369    0.56353590    0.52577274    0.56353590    0.12472523   -0.81662164   -0.52577274    0.81662164   -0.23810107
    0.95190172    0.07509359    0.29705902    0.07509359    0.88275988   -0.46378437   -0.29705902    0.46378437    0.83466161
   -0.91423887   -0.28698283    0.28602123   -0.28698283    0.95697551    0.04288032   -0.28602123   -0.04288032   -0.95726336
    0.99312736   -0.06955215    0.09413044   -0.06955215    0.29612152    0.95261458   -0.09413044   -0.95261458    0.28924889
    0.22908827    0.04419862    0.97240169    0.04419862    0.99746596   -0.05575062   -0.97240169    0.05575062    0.22655424
    0.96134041   -0.09956851   -0.25673084   -0.09956851    0.74355940   -0.66121519    0.25673084    0.66121519    0.70489981
    0.59926840    0.13313323   -0.78940036    0.13313323    0.95576975    0.26225889    0.78940036   -0.26225889    0.55503815
    0.85255630    0.03469874    0.52148227    0.03469874    0.99183415   -0.12272330   -0.52148227    0.12272330    0.84439045
    0.75869211   -0.10451749    0.64301040   -0.10451749    0.95473043    0.27850657   -0.64301040   -0.27850657    0.71342254
    0.75963651   -0.24688610   -0.60166405   -0.24688610    0.74641429   -0.61799107    0.60166405    0.61799107    0.50605079
    0.95614316   -0.08132613    0.28138288   -0.08132613    0.84919253    0.52178358   -0.28138288   -0.52178358    0.80533569
    0.31017667    0.79224277    0.52549198    0.79224277    0.09013137   -0.60351282   -0.52549198    0.60351282   -0.59969196
    0.25940064   -0.76255413   -0.59264028   -0.76255413    0.21484025   -0.61020887    0.59264028    0.61020887   -0.52575911
    0.94471934   -0.03183037    0.32633141   -0.03183037    0.98167220    0.18790029   -0.32633141   -0.18790029    0.92639154
    0.52597614    0.32261985   -0.78693427    0.32261985    0.78042547    0.53558614    0.78693427   -0.53558614    0.30640161
   -0.30855457    0.00874954    0.95116640    0.00874954    0.99994150   -0.00635989   -0.95116640    0.00635989   -0.30861307
    0.46460702    0.26339026    0.84543828    0.26339026    0.87042335   -0.41591918   -0.84543828    0.41591918    0.33503036
    0.90154171    0.36993397    0.22443573    0.36993397   -0.38994031   -0.84326473   -0.22443573    0.84326473   -0.48839860
    0.72329805    0.49803191   -0.47833476    0.49803191    0.10359942    0.86094795    0.47833476   -0.86094795   -0.17310253
    0.69772012   -0.53217595   -0.47955750   -0.53217595    0.06308274   -0.84428036    0.47955750    0.84428036   -0.23919714
    0.95609180    0.21164277    0.20272100    0.21164277   -0.02014349   -0.97713949   -0.20272100    0.97713949   -0.06405169
   -0.19003958   -0.84725144    0.49603422   -0.84725144    0.39679737    0.35315271   -0.49603422   -0.35315271   -0.79324222
    0.02605135    0.30026752    0.95349921    0.30026752    0.90742779   -0.29396297   -0.95349921    0.29396297   -0.06652087
   -0.14879184    0.75117286   -0.64311766    0.75117286    0.50882253    0.42052225    0.64311766   -0.42052225   -0.63996931
    0.99052349    0.04488169   -0.12980313    0.04488169    0.78743592    0.61476036    0.12980313   -0.61476036    0.77795941
    0.94664652   -0.16928497   -0.27423160   -0.16928497    0.46287668   -0.87010791    0.27423160    0.87010791    0.40952319
    0.57618521   -0.13322094   -0.80638873   -0.13322094    0.95812364   -0.25347833    0.80638873    0.25347833    0.53430885
