# Rotation matrices: 8 entries, row-major flattening of 3x3 -> 1x9
# https://github.com/Neurophysics-CFIN/GFO
# Col:  1    2    3    4    5    6    7    8    9
#       R11  R12  R13  R21  R22  R23  R31  R32  R33
# where Rij = R(i,j), i = row index, j = column index

    0.66619701    0.08714287    0.74066704    0.08714287    0.97725041   -0.19335912   -0.74066704    0.19335912    0.64344742
    0.74368250    0.02585142   -0.66803296    0.02585142    0.99739270    0.06737582    0.66803296   -0.06737582    0.74107521
    0.81421505   -0.29942035   -0.49739451   -0.29942035    0.51743912   -0.80162598    0.49739451    0.80162598    0.33165418
    0.80295181    0.37038754   -0.46699192    0.37038754    0.30378993    0.87779539    0.46699192   -0.87779539    0.10674174
    0.05045075   -0.05613366   -0.99714780   -0.05613366    0.99668160   -0.05894751    0.99714780    0.05894751    0.04713235
    0.81700100   -0.25971830    0.51483568   -0.25971830    0.63139911    0.73067200   -0.51483568   -0.73067200    0.44840010
    0.99974943   -0.00422357    0.02198258   -0.00422357    0.92880760    0.37053826   -0.02198258   -0.37053826    0.92855703
    0.99713702    0.02236360    0.07223316    0.02236360    0.82531107   -0.56423533   -0.07223316    0.56423533    0.82244809
