# Rotation matrices: 27 entries, row-major flattening of 3x3 -> 1x9
# https://github.com/Neurophysics-CFIN/GFO
# Col:  1    2    3    4    5    6    7    8    9
#       R11  R12  R13  R21  R22  R23  R31  R32  R33
# where Rij = R(i,j), i = row index, j = column index

    0.94899213   -0.04646654    0.31185701   -0.04646654    0.95767046    0.28409178   -0.31185701   -0.28409178    0.90666260
    0.46219945   -0.05889538   -0.88481806   -0.05889538    0.99355027   -0.09689782    0.88481806    0.09689782    0.45574973
    0.88521021   -0.17226471    0.43212006   -0.17226471    0.74148283    0.64848136   -0.43212006   -0.64848136    0.62669305
    0.98657278    0.01420277    0.16270349    0.01420277    0.98497688   -0.17210122   -0.16270349    0.17210122    0.97154966
    0.95610910   -0.00858129   -0.29288523   -0.00858129    0.99832224   -0.05726321    0.29288523    0.05726321    0.95443133
    0.66273207   -0.37670280    0.64721032   -0.37670280    0.57925142    0.72288505   -0.64721032   -0.72288505    0.24198349
    0.95565201   -0.15823904   -0.24837401   -0.15823904    0.43538386   -0.88622870    0.24837401    0.88622870    0.39103587
    0.87011955    0.17980944   -0.45886875    0.17980944    0.75106774    0.63526831    0.45886875   -0.63526831    0.62118729
    0.75425105    0.29154461    0.58830867    0.29154461    0.65412564   -0.69794082   -0.58830867    0.69794082    0.40837669
    0.23072637   -0.33869038   -0.91217003   -0.33869038    0.85088378   -0.40160380    0.91217003    0.40160380    0.08161015
    0.95179499   -0.19910451    0.23333173   -0.19910451    0.17762485    0.96374624   -0.23333173   -0.96374624    0.12941983
    0.45064371    0.48735121   -0.74793652    0.48735121    0.56765544    0.66351797    0.74793652   -0.66351797    0.01829914
    0.46327910    0.16958813    0.86983466    0.16958813    0.94641510   -0.27484235   -0.86983466    0.27484235    0.40969420
    0.01909834    0.12038335    0.99254375    0.12038335    0.98522568   -0.12181215   -0.99254375    0.12181215    0.00432402
    0.68249781   -0.36162926   -0.63515433   -0.36162926    0.58811082   -0.72342930    0.63515433    0.72342930    0.27060862
    0.88425452    0.27679428   -0.37613676    0.27679428    0.33807284    0.89949524    0.37613676   -0.89949524    0.22232736
    0.78659576    0.06170056   -0.61437786    0.06170056    0.98216081    0.17763218    0.61437786   -0.17763218    0.76875657
    0.42584148   -0.18106296    0.88649605   -0.18106296    0.94290115    0.27955972   -0.88649605   -0.27955972    0.36874262
    0.98014874   -0.05544051   -0.19035438   -0.05544051    0.84516597   -0.53162096    0.19035438    0.53162096    0.82531471
    0.99994119   -0.00518351    0.00952589   -0.00518351    0.54310599    0.83964815   -0.00952589   -0.83964815    0.54304719
    0.96479870    0.16471245    0.20502019    0.16471245    0.22928441   -0.95932188   -0.20502019    0.95932188    0.19408311
    0.49491867    0.24261706   -0.83438149    0.24261706    0.88345829    0.40079721    0.83438149   -0.40079721    0.37837697
    0.72158809   -0.04527780    0.69084046   -0.04527780    0.99263652    0.11235058   -0.69084046   -0.11235058    0.71422461
    0.98351615    0.07391713    0.16502193    0.07391713    0.66853963   -0.73999393   -0.16502193    0.73999393    0.65205578
    0.99363190    0.02500614   -0.10986508    0.02500614    0.90180634    0.43141629    0.10986508   -0.43141629    0.89543824
    0.84627177    0.11022862    0.52122332    0.11022862    0.92096215   -0.37373569   -0.52122332    0.37373569    0.76723392
    0.77085160   -0.15670403   -0.61743960   -0.15670403    0.89283734   -0.42223848    0.61743960    0.42223848    0.66368893
