# Rotation matrices: 51 entries, row-major flattening of 3x3 -> 1x9
# https://github.com/Neurophysics-CFIN/GFO
# Col:  1    2    3    4    5    6    7    8    9
#       R11  R12  R13  R21  R22  R23  R31  R32  R33
# where Rij = R(i,j), i = row index, j = column index

    0.64759104    0.55019524   -0.52717270    0.55019524    0.14101277    0.82304350    0.52717270   -0.82304350   -0.21139619
    0.99937232    0.01908906   -0.02984240    0.01908906    0.41945934    0.90757340    0.02984240   -0.90757340    0.41883166
    0.74135192    0.56982508   -0.35453730    0.56982508   -0.25537615    0.78107772    0.35453730   -0.78107772   -0.51402422
    0.96608182    0.20368254   -0.15874303    0.20368254   -0.22313669    0.95326987    0.15874303   -0.95326987   -0.25705488
    0.48373039   -0.83863070   -0.25040660   -0.83863070   -0.36227550   -0.40676162    0.25040660    0.40676162   -0.87854512
    0.88053818   -0.03615558   -0.47259421   -0.03615558    0.98905738   -0.14303245    0.47259421    0.14303245    0.86959556
    0.92624149   -0.19771107    0.32091592   -0.19771107    0.47003171    0.86022120   -0.32091592   -0.86022120    0.39627321
    0.95241431   -0.24102063    0.18659055   -0.24102063   -0.22076504    0.94507770   -0.18659055   -0.94507770   -0.26835073
    0.89897526    0.22799869   -0.37397872    0.22799869    0.48543892    0.84401757    0.37397872   -0.84401757    0.38441417
    0.66472813   -0.01039546    0.74701301   -0.01039546    0.99967768    0.02316192   -0.74701301   -0.02316192    0.66440581
    0.74610743   -0.57996325    0.32705708   -0.57996325   -0.32480194    0.74709191   -0.32705708   -0.74709191   -0.57869451
    0.99988949    0.00671634    0.01326300    0.00671634    0.59182487   -0.80603859   -0.01326300    0.80603859    0.59171436
   -0.33669163   -0.11032575   -0.93512939   -0.11032575    0.99089411   -0.07718224    0.93512939    0.07718224   -0.34579752
    0.95131999    0.02532789   -0.30716246    0.02532789    0.98682206    0.15981464    0.30716246   -0.15981464    0.93814205
    0.37422418   -0.26640897   -0.88824688   -0.26640897    0.88658280   -0.37814970    0.88824688    0.37814970    0.26080699
   -0.34708048   -0.74426151   -0.57062241   -0.74426151    0.58879576   -0.31526869    0.57062241    0.31526869   -0.75828472
   -0.08433505    0.27818896   -0.95681686    0.27818896    0.92862990    0.24547384    0.95681686   -0.24547384   -0.15570515
    0.90867741   -0.00742214    0.41743295   -0.00742214    0.99939677    0.03392641   -0.41743295   -0.03392641    0.90807419
    0.99815434   -0.00323667    0.06064186   -0.00323667    0.99432397    0.10634548   -0.06064186   -0.10634548    0.99247831
    0.39697336   -0.52792352    0.75080550   -0.52792352    0.53782598    0.65729747   -0.75080550   -0.65729747   -0.06520066
    0.79337000   -0.32869581   -0.51237009   -0.32869581    0.47712852   -0.81505058    0.51237009    0.81505058    0.27049852
    0.43651131   -0.03444716   -0.89903908   -0.03444716    0.99789418   -0.05496000    0.89903908    0.05496000    0.43440549
    0.98983327   -0.01505239   -0.14143378   -0.01505239    0.97771413   -0.20940035    0.14143378    0.20940035    0.96754740
    0.97844104   -0.19785266    0.05922373   -0.19785266   -0.81574993    0.54351299   -0.05922373   -0.54351299   -0.83730889
    0.20540273    0.57190746   -0.79418611    0.57190746    0.58837242    0.57161153    0.79418611   -0.57161153   -0.20622485
   -0.14663081    0.22592706    0.96304536    0.22592706    0.95548433   -0.18975419   -0.96304536    0.18975419   -0.19114648
    0.56403929    0.17471126   -0.80705369    0.17471126    0.92998446    0.32342677    0.80705369   -0.32342677    0.49402375
    0.85955072   -0.18443319    0.47660986   -0.18443319    0.75780865    0.62586775   -0.47660986   -0.62586775    0.61735938
    0.03676258   -0.11469123   -0.99272072   -0.11469123    0.98634389   -0.11820177    0.99272072    0.11820177    0.02310646
    0.99145638   -0.05010639    0.12043091   -0.05010639    0.70613752    0.70629962   -0.12043091   -0.70629962    0.69759389
    0.90032340    0.42222745    0.10555457    0.42222745   -0.78854424   -0.44712633   -0.10555457    0.44712633   -0.88822085
    0.66344696   -0.35042336    0.66109122   -0.35042336    0.63513469    0.68833669   -0.66109122   -0.68833669    0.29858164
    0.93158681    0.24279481   -0.27054886    0.24279481    0.13833394    0.96016374    0.27054886   -0.96016374    0.06992075
    0.73598512    0.04159658   -0.67571860    0.04159658    0.99344630    0.10646211    0.67571860   -0.10646211    0.72943142
    0.73611877    0.26066646   -0.62464563    0.26066646    0.74250914    0.61703579    0.62464563   -0.61703579    0.47862791
    0.69971037   -0.25941722   -0.66566366   -0.25941722    0.77589205   -0.57506020    0.66566366    0.57506020    0.47560242
    0.16276459    0.51424954    0.84205409    0.51424954    0.68413592   -0.51720929   -0.84205409    0.51720929   -0.15309948
    0.58867351    0.74931041   -0.30331075    0.74931041   -0.36501320    0.55253894    0.30331075   -0.55253894   -0.77633969
    0.58679098   -0.20507023    0.78334063   -0.20507023    0.89822633    0.38876171   -0.78334063   -0.38876171    0.48501730
    0.21713683    0.95345122   -0.20924236    0.95345122   -0.16121088    0.25483685    0.20924236   -0.25483685   -0.94407405
   -0.41907501    0.71138696   -0.56418502    0.71138696    0.64337938    0.28282780    0.56418502   -0.28282780   -0.77569563
    0.56785692    0.54492594    0.61692321    0.54492594    0.31285657   -0.77793090   -0.61692321    0.77793090   -0.11928651
    0.86203046    0.11837381   -0.49283986    0.11837381    0.89843876    0.42284210    0.49283986   -0.42284210    0.76046922
    0.79941515    0.54427458    0.25436312    0.54427458   -0.47685540   -0.69019860   -0.25436312    0.69019860   -0.67744025
    0.78529316   -0.42765613   -0.44768838   -0.42765613    0.14818846   -0.89171207    0.44768838    0.89171207   -0.06651838
    0.99022971   -0.10241747   -0.09463504   -0.10241747   -0.07359490   -0.99201535    0.09463504    0.99201535   -0.08336520
    0.23511123   -0.87929378    0.41420426   -0.87929378   -0.01081042    0.47615711   -0.41420426   -0.47615711   -0.77569920
    0.29645355   -0.32458705    0.89819738   -0.32458705    0.85024904    0.41439089   -0.89819738   -0.41439089    0.14670259
    0.74168676    0.23108749    0.62968192    0.23108749    0.79326872   -0.56331457   -0.62968192    0.56331457    0.53495548
   -0.33802966    0.44384307   -0.82990317    0.44384307    0.85277107    0.27529044    0.82990317   -0.27529044   -0.48525859
   -0.43038120   -0.54202315    0.72179147   -0.54202315    0.79460783    0.27351289   -0.72179147   -0.27351289   -0.63577336
