# Rotation matrices: 72 entries, row-major flattening of 3x3 -> 1x9
# https://github.com/Neurophysics-CFIN/GFO
# Col:  1    2    3    4    5    6    7    8    9
#       R11  R12  R13  R21  R22  R23  R31  R32  R33
# where Rij = R(i,j), i = row index, j = column index

    0.99688957    0.00923384    0.07826829    0.00923384    0.97258777   -0.23235266   -0.07826829    0.23235266    0.96947734
    0.99035928   -0.00417360   -0.13845963   -0.00417360    0.99819319   -0.05994109    0.13845963    0.05994109    0.98855248
    0.99978596    0.00553672   -0.01993432    0.00553672    0.85677734    0.51565679    0.01993432   -0.51565679    0.85656331
    0.98157681    0.04728313    0.18512502    0.04728313    0.87864781   -0.47512348   -0.18512502    0.47512348    0.86022462
    0.80935507    0.03181593   -0.58645726    0.03181593    0.99469037    0.09787138    0.58645726   -0.09787138    0.80404544
    0.96122435   -0.04671042    0.27178279   -0.04671042    0.94373109    0.32739847   -0.27178279   -0.32739847    0.90495545
    0.99057511   -0.04464062   -0.12949193   -0.04464062    0.78856136   -0.61333368    0.12949193    0.61333368    0.77913647
    0.87040210    0.15210548   -0.46825646    0.15210548    0.82147800    0.54957968    0.46825646   -0.54957968    0.69188010
    0.79764086    0.10563996    0.59380910    0.10563996    0.94485151   -0.30999328   -0.59380910    0.30999328    0.74249237
    0.63935489   -0.18463051   -0.74641604   -0.18463051    0.90547931   -0.38212406    0.74641604    0.38212406    0.54483420
    0.85454528   -0.19631352    0.48084652   -0.19631352    0.73504471    0.64897633   -0.48084652   -0.64897633    0.58958999
    0.99219377    0.04946771    0.11447476    0.04946771    0.68652554   -0.72542100   -0.11447476    0.72542100    0.67871931
    0.73632194    0.13276418   -0.66347847    0.13276418    0.93315209    0.33406713    0.66347847   -0.33406713    0.66947403
    0.44977369   -0.02794711    0.89270520   -0.02794711    0.99858051    0.04534231   -0.89270520   -0.04534231    0.44835420
    0.86354031   -0.11994993   -0.48980623   -0.11994993    0.89456237   -0.43054638    0.48980623    0.43054638    0.75810268
    0.99280978   -0.05133036    0.10813847   -0.05133036    0.63355685    0.77199153   -0.10813847   -0.77199153    0.62636663
    0.56861335    0.13877822    0.81081408    0.13877822    0.95535468   -0.26084102   -0.81081408    0.26084102    0.52396803
    0.41677837   -0.11115229   -0.90218677   -0.11115229    0.97881623   -0.17194170    0.90218677    0.17194170    0.39559460
    0.64274983   -0.26383013    0.71921229   -0.26383013    0.80516080    0.53114004   -0.71921229   -0.53114004    0.44791063
    0.83390296   -0.28922243   -0.47005983   -0.28922243    0.49638106   -0.81850854    0.47005983    0.81850854    0.33028402
    0.63985298    0.39473095   -0.65937519    0.39473095    0.56736412    0.72269318    0.65937519   -0.72269318    0.20721710
    0.28431298    0.14869232    0.94713079    0.14869232    0.96910744   -0.19677745   -0.94713079    0.19677745    0.25342042
    0.56214832   -0.42926424   -0.70690981   -0.42926424    0.57915477   -0.69304543    0.70690981    0.69304543    0.14130310
    0.95495809   -0.15581516    0.25254046   -0.15581516    0.46098283    0.87362261   -0.25254046   -0.87362261    0.41594092
    0.93155018    0.21586617    0.29260221    0.21586617    0.31923554   -0.92276241   -0.29260221    0.92276241    0.25078572
    0.45469891    0.18508947   -0.87120078    0.18508947    0.93717579    0.29570835    0.87120078   -0.29570835    0.39187470
    0.65248330   -0.12129951    0.74803207   -0.12129951    0.95766082    0.26109803   -0.74803207   -0.26109803    0.61014412
    0.74468507   -0.43603374   -0.50529073   -0.43603374    0.25532980   -0.86294917    0.50529073    0.86294917    0.00001487
    0.94825263    0.21683194   -0.23195011    0.21683194    0.09143031    0.97191790    0.23195011   -0.97191790    0.03968294
    0.45114718    0.45613284    0.76707826    0.45613284    0.62092356   -0.63749255   -0.76707826    0.63749255    0.07207074
    0.21988466    0.04476287   -0.97449834    0.04476287    0.99743152    0.05591653    0.97449834   -0.05591653    0.21731617
    0.94726885   -0.19594780   -0.25354722   -0.19594780    0.27186233   -0.94217585    0.25354722    0.94217585    0.21913117
    0.74028977    0.42112252    0.52404854    0.42112252    0.31714595   -0.84974953   -0.52404854    0.84974953    0.05743573
    0.37295006    0.35599470   -0.85684072    0.35599470    0.79789133    0.48645369    0.85684072   -0.48645369    0.17084139
    0.39231439   -0.21737637    0.89377678   -0.21737637    0.92224189    0.31971458   -0.89377678   -0.31971458    0.31455628
    0.55365234   -0.41427136    0.72239070   -0.41427136    0.61549981    0.67047686   -0.72239070   -0.67047686    0.16915215
    0.99995106   -0.00658027   -0.00738789   -0.00658027    0.11527329   -0.99331202    0.00738789    0.99331202    0.11522435
    0.87045094    0.28470786   -0.40156768    0.28470786    0.37430217    0.88251873    0.40156768   -0.88251873    0.24475311
    0.44863859    0.30619242    0.83962469    0.30619242    0.82995945   -0.46627622   -0.83962469    0.46627622    0.27859805
    0.13364950   -0.19783118   -0.97108220   -0.19783118    0.95482524   -0.22174667    0.97108220    0.22174667    0.08847474
    0.93518923   -0.23105007    0.26839703   -0.23105007    0.17630764    0.95683409   -0.26839703   -0.95683409    0.11149687
    0.72650750    0.33211017    0.60157268    0.33211017    0.59670864   -0.73050779   -0.60157268    0.73050779    0.32321614
    0.09307688    0.25152915   -0.96336378    0.25152915    0.93024005    0.26718260    0.96336378   -0.26718260    0.02331693
    0.26579530   -0.38587915    0.88343089   -0.38587915    0.79719182    0.46430860   -0.88343089   -0.46430860    0.06298712
    0.99803683    0.03347731    0.05293154    0.03347731    0.42912094   -0.90262644   -0.05293154    0.90262644    0.42715777
    0.98681762    0.08397831   -0.13834246    0.08397831    0.46501654    0.88130997    0.13834246   -0.88130997    0.45183415
    0.71640872    0.22974077    0.65876986    0.22974077    0.81388419   -0.53367753   -0.65876986    0.53367753    0.53029291
    0.42390461   -0.31080111   -0.85071003   -0.31080111    0.83232408   -0.45895458    0.85071003    0.45895458    0.25622868
    0.80036949   -0.30765939    0.51454288   -0.30765939    0.52585253    0.79298475   -0.51454288   -0.79298475    0.32622203
    0.97409348   -0.10787770   -0.19875687   -0.10787770    0.55078495   -0.82764627    0.19875687    0.82764627    0.52487843
    0.66832562    0.26522770   -0.69497852    0.26522770    0.78790725    0.55574854    0.69497852   -0.55574854    0.45623286
    0.14623752   -0.05726720    0.98759053   -0.05726720    0.99615873    0.06624388   -0.98759053   -0.06624388    0.14239625
    0.71863962   -0.27473013   -0.63881175   -0.27473013    0.73174388   -0.62375817    0.63881175    0.62375817    0.45038350
    0.99996200   -0.00540982    0.00683588   -0.00540982    0.22980723    0.97322113   -0.00683588   -0.97322113    0.22976923
    0.89785943    0.13887458    0.41780653    0.13887458    0.81118032   -0.56806720   -0.41780653    0.56806720    0.70903975
    0.56391073    0.03724943   -0.82499525    0.03724943    0.99681827    0.07046861    0.82499525   -0.07046861    0.56072900
    0.83309031   -0.11936961    0.54010316   -0.11936961    0.91462986    0.38626820   -0.54010316   -0.38626820    0.74772017
    0.90259268   -0.16107514   -0.39922581   -0.16107514    0.73364217   -0.66016965    0.39922581    0.66016965    0.63623486
    0.86925986    0.22221874   -0.44159498    0.22221874    0.62229527    0.75057806    0.44159498   -0.75057806    0.49155513
    0.70632970    0.01170551    0.70778622    0.01170551    0.99953343   -0.02821190   -0.70778622    0.02821190    0.70586312
    0.72555470   -0.06491106   -0.68509630   -0.06491106    0.98464741   -0.16203712    0.68509630    0.16203712    0.71020211
    0.96074921   -0.08661274    0.26355110   -0.08661274    0.80887600    0.58156500   -0.26355110   -0.58156500    0.76962521
    0.90959465    0.19188318    0.36853549    0.19188318    0.59273255   -0.78220776   -0.36853549    0.78220776    0.50232720
    0.95074788    0.06614490   -0.30282557    0.06614490    0.91116833    0.40669046    0.30282557   -0.40669046    0.86191621
    0.86470916   -0.02492321    0.50165417   -0.02492321    0.99540866    0.09241447   -0.50165417   -0.09241447    0.86011782
    0.90612539   -0.03961404   -0.42115022   -0.03961404    0.98328331   -0.17772072    0.42115022    0.17772072    0.88940870
    0.97950753    0.07716169   -0.18604051    0.07716169    0.70945783    0.70051100    0.18604051   -0.70051100    0.68896536
    0.92167518    0.04373615    0.38548932    0.04373615    0.97557798   -0.21525510   -0.38548932    0.21525510    0.89725316
    0.93949059    0.02460812   -0.34168973    0.02460812    0.98999231    0.13895924    0.34168973   -0.13895924    0.92948290
    0.97580249   -0.00422719    0.21861297   -0.00422719    0.99926153    0.03819065   -0.21861297   -0.03819065    0.97506402
    0.98203187   -0.03668268   -0.18511562   -0.03668268    0.92511082   -0.37792109    0.18511562    0.37792109    0.90714269
    0.99963740    0.00315679   -0.02674135    0.00315679    0.97251694    0.23281073    0.02674135   -0.23281073    0.97215434
