# Rotation matrices: 41 entries, row-major flattening of 3x3 -> 1x9
# https://github.com/Neurophysics-CFIN/GFO
# Col:  1    2    3    4    5    6    7    8    9
#       R11  R12  R13  R21  R22  R23  R31  R32  R33
# where Rij = R(i,j), i = row index, j = column index

    0.82434102    0.14344332   -0.54761838    0.14344332    0.88286403    0.44718578    0.54761838   -0.44718578    0.70720505
    0.92071477    0.34542613   -0.18156291    0.34542613   -0.50493629    0.79102473    0.18156291   -0.79102473   -0.58422152
    0.23546632    0.25014484   -0.93913959    0.25014484    0.91815607    0.30727348    0.93913959   -0.30727348    0.15362239
    0.99889290   -0.03744762    0.02847189   -0.03744762   -0.26666524    0.96306143   -0.02847189   -0.96306143   -0.26777234
    0.99344935   -0.01521454    0.11325592   -0.01521454    0.96466271    0.26304823   -0.11325592   -0.26304823    0.95811206
    0.97133635    0.18325224    0.15140775    0.18325224   -0.17156699   -0.96797902   -0.15140775    0.96797902   -0.20023064
    0.64062089   -0.11532140   -0.75914811   -0.11532140    0.96299444   -0.24360354    0.75914811    0.24360354    0.60361533
    0.72506304   -0.19476312    0.66056863   -0.19476312    0.86203138    0.46794148   -0.66056863   -0.46794148    0.58709442
    0.12230708   -0.52920155    0.83963486   -0.52920155    0.68091998    0.50625459   -0.83963486   -0.50625459   -0.19677295
    0.54792644    0.09330472   -0.83130671    0.09330472    0.98074258    0.17157570    0.83130671   -0.17157570    0.52866902
    0.78725127    0.29514842    0.54140821    0.29514842    0.59053768   -0.75110097   -0.54140821    0.75110097    0.37778895
    0.99916664   -0.01980706    0.03568911   -0.01980706    0.52923353    0.84824498   -0.03568911   -0.84824498    0.52840016
    0.30601889   -0.61770256   -0.72442804   -0.61770256    0.45019187   -0.64480293    0.72442804    0.64480293   -0.24378924
    0.71048321    0.58866066    0.38560633    0.58866066   -0.19689559   -0.78403492   -0.38560633    0.78403492   -0.48641238
    0.94819679   -0.10205224    0.30084578   -0.10205224    0.79895725    0.59266572   -0.30084578   -0.59266572    0.74715404
    0.90259636   -0.09226571   -0.42048406   -0.09226571    0.91260119   -0.39830403    0.42048406    0.39830403    0.81519756
    0.62810336    0.52714308    0.57236906    0.52714308    0.25280362   -0.81130174   -0.57236906    0.81130174   -0.11909302
    0.75060720   -0.24409981   -0.61400661   -0.24409981    0.76108084   -0.60097523    0.61400661    0.60097523    0.51168804
    0.78809377   -0.49058432    0.37179999   -0.49058432   -0.13575226    0.86075452   -0.37179999   -0.86075452   -0.34765848
   -0.49182874   -0.21234668   -0.84440119   -0.21234668    0.96977461   -0.12019194    0.84440119    0.12019194   -0.52205414
    0.70772486   -0.57275606   -0.41361338   -0.57275606   -0.12239960   -0.81053614    0.41361338    0.81053614   -0.41467474
    0.91175845    0.25895505    0.31880842    0.25895505    0.24006639   -0.93558025   -0.31880842    0.93558025    0.15182484
    0.97579345   -0.08622472   -0.20097869   -0.08622472    0.69286399   -0.71589440    0.20097869    0.71589440    0.66865744
   -0.06822198    0.71890919   -0.69174803    0.71890919    0.51617694    0.46554370    0.69174803   -0.46554370   -0.55204504
   -0.03475207   -0.38501117   -0.92225739   -0.38501117    0.85674482   -0.34315408    0.92225739    0.34315408   -0.17800725
    0.08869061    0.00438418    0.99604957    0.00438418    0.99997891   -0.00479185   -0.99604957    0.00479185    0.08866952
    0.28926744   -0.09828991   -0.95218876   -0.09828991    0.98640711   -0.13168181    0.95218876    0.13168181    0.27567456
    0.99999552   -0.00069930   -0.00291060   -0.00069930    0.89085235   -0.45429241    0.00291060    0.45429241    0.89084787
    0.95024095   -0.20626664    0.23344425   -0.20626664    0.14496108    0.96769849   -0.23344425   -0.96769849    0.09520202
    0.99037981    0.04419386   -0.13112871    0.04419386    0.79697939    0.60238755    0.13112871   -0.60238755    0.78735920
    0.98834648   -0.00777509   -0.15202234   -0.00777509    0.99481256   -0.10142742    0.15202234    0.10142742    0.98315903
   -0.68130982    0.35027617   -0.64274687    0.35027617    0.92702511    0.13390685    0.64274687   -0.13390685   -0.75428471
   -0.53218213   -0.69176034   -0.48810840   -0.69176034    0.68767919   -0.22037461    0.48810840    0.22037461   -0.84450294
    0.39078648    0.16972093    0.90469925    0.16972093    0.95271741   -0.25204037   -0.90469925    0.25204037    0.34350389
    0.12813639    0.66555106    0.73527060    0.66555106    0.49194093   -0.56128060   -0.73527060    0.56128060   -0.37992268
    0.92109663    0.10565831    0.37472300    0.10565831    0.85851456   -0.50178588   -0.37472300    0.50178588    0.77961119
   -0.00395894    0.96089842    0.27687283    0.96089842    0.08031521   -0.26499755   -0.27687283    0.26499755   -0.92364373
    0.63448430   -0.50218850    0.58756819   -0.50218850    0.31003431    0.80727036   -0.58756819   -0.80727036   -0.05548139
   -0.56745351    0.77454891   -0.27941098    0.77454891    0.61726073    0.13806947    0.27941098   -0.13806947   -0.95019278
   -0.82705256    0.03997380    0.56070149    0.03997380    0.99912542   -0.01226750   -0.56070149    0.01226750   -0.82792714
    0.41029112    0.42392326    0.80743437    0.42392326    0.69525484   -0.58043930   -0.80743437    0.58043930    0.10554596
