# Rotation matrices: 18 entries, row-major flattening of 3x3 -> 1x9
# https://github.com/Neurophysics-CFIN/GFO
# Col:  1    2    3    4    5    6    7    8    9
#       R11  R12  R13  R21  R22  R23  R31  R32  R33
# where Rij = R(i,j), i = row index, j = column index

    0.14166184    0.58028919    0.80199525    0.58028919    0.60768895   -0.54219793   -0.80199525    0.54219793   -0.25064921
   -0.28813632   -0.45230919   -0.84403427   -0.45230919    0.84117861   -0.29636961    0.84403427    0.29636961   -0.44695772
    0.40357935    0.69762497   -0.59198235    0.69762497    0.18399773    0.69243356    0.59198235   -0.69243356   -0.41242292
    0.99479631    0.01001931   -0.10138990    0.01001931    0.98070857    0.19521865    0.10138990   -0.19521865    0.97550488
    0.92240892   -0.24367086   -0.29964361   -0.24367086    0.23476401   -0.94101561    0.29964361    0.94101561    0.15717293
   -0.79675678    0.15569515   -0.58389867    0.15569515    0.98650848    0.05059683    0.58389867   -0.05059683   -0.81024830
    0.85925630    0.36118700    0.36224655    0.36118700    0.07309493   -0.92962416   -0.36224655    0.92962416   -0.06764877
    0.41413581   -0.57190241   -0.70810957   -0.57190241    0.44172664   -0.69123455    0.70810957    0.69123455   -0.14413755
    0.06225549   -0.70866723    0.70279088   -0.70866723    0.46444983    0.53110933   -0.70279088   -0.53110933   -0.47329469
   -0.63601431    0.33369501    0.69579698    0.33369501    0.93193680   -0.14192051   -0.69579698    0.14192051   -0.70407750
   -0.19789864   -0.10943809    0.97409416   -0.10943809    0.99000191    0.08899167   -0.97409416   -0.08899167   -0.20789673
    0.97272201   -0.19319912   -0.12839776   -0.19319912   -0.36835249   -0.90939021    0.12839776    0.90939021   -0.39563047
    0.93562490   -0.06155511   -0.34758742   -0.06155511    0.94114134   -0.33236117    0.34758742    0.33236117    0.87676624
    0.92145415    0.14243092   -0.36143559    0.14243092    0.74172324    0.65540832    0.36143559   -0.65540832    0.66317739
    0.99989916   -0.00659194   -0.01257831   -0.00659194    0.56907773   -0.82225731    0.01257831    0.82225731    0.56897689
    0.32253439    0.18241315    0.92881484    0.18241315    0.95088377   -0.25009098   -0.92881484    0.25009098    0.27341816
    0.97284791    0.04989002    0.22600425    0.04989002    0.90833063   -0.41526672   -0.22600425    0.41526672    0.88117854
    0.50795187   -0.79563937   -0.33006498   -0.79563937   -0.28654488   -0.53371343    0.33006498    0.53371343   -0.77859301
