# Rotation matrices: 63 entries, row-major flattening of 3x3 -> 1x9
# https://github.com/Neurophysics-CFIN/GFO
# Col:  1    2    3    4    5    6    7    8    9
#       R11  R12  R13  R21  R22  R23  R31  R32  R33
# where Rij = R(i,j), i = row index, j = column index

   -0.63910891   -0.02553038   -0.76869240   -0.02553038    0.99960234   -0.01197297    0.76869240    0.01197297   -0.63950657
    0.46458389   -0.14826514    0.87302878   -0.14826514    0.95894305    0.24175539   -0.87302878   -0.24175539    0.42352695
    0.50625271    0.72292557    0.47019869    0.72292557   -0.05847950   -0.68844663   -0.47019869    0.68844663   -0.55222678
   -0.40606745   -0.82897960   -0.38458035   -0.82897960    0.51125589   -0.22673824    0.38458035    0.22673824   -0.89481156
    0.49860687   -0.41794869   -0.75941430   -0.41794869    0.65160849   -0.63302865    0.75941430    0.63302865    0.15021536
    0.84208286    0.37920941   -0.38353184    0.37920941    0.08939725    0.92098228    0.38353184   -0.92098228   -0.06851988
    0.78602457   -0.38382377   -0.48460777   -0.38382377    0.31150654   -0.86927728    0.48460777    0.86927728    0.09753110
    0.54440903   -0.78847774    0.28621960   -0.78847774   -0.36459498    0.49535174   -0.28621960   -0.49535174   -0.82018595
    0.75909183   -0.10796402    0.64196835   -0.10796402    0.95161546    0.28770086   -0.64196835   -0.28770086    0.71070729
    0.87914378    0.09630775    0.46672371    0.09630775    0.92325441   -0.37192219   -0.46672371    0.37192219    0.80239819
    0.97773413    0.10324566   -0.18269184    0.10324566    0.52125539    0.84713231    0.18269184   -0.84713231    0.49898952
    0.90387405    0.22311956    0.36500599    0.22311956    0.48211346   -0.84722150   -0.36500599    0.84722150    0.38598751
    0.26083828    0.43555524   -0.86154224    0.43555524    0.74334661    0.50766865    0.86154224   -0.50766865    0.00418488
    0.89967115   -0.04484005   -0.43425937   -0.04484005    0.97995960   -0.19408386    0.43425937    0.19408386    0.87963075
    0.53851198    0.06722396   -0.83993201    0.06722396    0.99020763    0.12235108    0.83993201   -0.12235108    0.52871961
    0.97884998   -0.14394081   -0.14537454   -0.14394081    0.02038118   -0.98937640    0.14537454    0.98937640   -0.00076884
    0.97219957    0.01854704    0.23341808    0.01854704    0.98762636   -0.15572472   -0.23341808    0.15572472    0.95982593
   -0.95135277   -0.25994280    0.16540149   -0.25994280    0.96537261    0.02203340   -0.16540149   -0.02203340   -0.98598016
    0.38735492    0.06854625    0.91937891    0.06854625    0.99233065   -0.10286539   -0.91937891    0.10286539    0.37968557
    0.11941209    0.18871890    0.97474403    0.18871890    0.95955563   -0.20889751   -0.97474403    0.20889751    0.07896772
    0.13817015   -0.10945547    0.98434166   -0.10945547    0.98609876    0.12501491   -0.98434166   -0.12501491    0.12426891
    0.44313647   -0.57234864   -0.68996167   -0.57234864    0.41173565   -0.70914793    0.68996167    0.70914793   -0.14512788
   -0.01154867   -0.36492400    0.93096568   -0.36492400    0.86835084    0.33585307   -0.93096568   -0.33585307   -0.14319782
    0.96293505   -0.11844213    0.24233770   -0.11844213    0.62151476    0.77439710   -0.24233770   -0.77439710    0.58444981
   -0.36680675   -0.28795254    0.88461073   -0.28795254    0.93933549    0.18636571   -0.88461073   -0.18636571   -0.42747126
    0.66954794    0.13545790    0.73031275    0.13545790    0.94447351   -0.29936758   -0.73031275    0.29936758    0.61402144
    0.81711607    0.12863095   -0.56193897    0.12863095    0.90952774    0.39523836    0.56193897   -0.39523836    0.72664381
   -0.11993358    0.39661814    0.91011537    0.39661814    0.85953993   -0.32231221   -0.91011537    0.32231221   -0.26039365
    0.67108089    0.35345739    0.65170416    0.35345739    0.62017371   -0.70032310   -0.65170416    0.70032310    0.29125460
    0.99890698    0.04343434    0.01727171    0.04343434   -0.72598366   -0.68633897   -0.01727171    0.68633897   -0.72707668
    0.58483282    0.49193174    0.64496025    0.49193174    0.41710989   -0.76421365   -0.64496025    0.76421365    0.00194272
    0.19719692    0.01160662   -0.98029519    0.01160662    0.99983220    0.01417273    0.98029519   -0.01417273    0.19702912
    0.98203696    0.12189167   -0.14403414    0.12189167    0.17288066    0.97737132    0.14403414   -0.97737132    0.15491762
    0.99380761    0.02017023   -0.10926845    0.02017023    0.93430030    0.35591587    0.10926845   -0.35591587    0.92810791
    0.71267696   -0.08745126   -0.69601999   -0.08745126    0.97338284   -0.21184456    0.69601999    0.21184456    0.68605980
    0.33273081   -0.34195403    0.87883881   -0.34195403    0.82475954    0.45037667   -0.87883881   -0.45037667    0.15749035
   -0.09801897    0.65846255    0.74620329    0.65846255    0.60513166   -0.44748491   -0.74620329    0.44748491   -0.49288732
    0.76944759    0.03136833   -0.63793920    0.03136833    0.99573211    0.08679627    0.63793920   -0.08679627    0.76517970
    0.77640718    0.60570685   -0.17410082    0.60570685   -0.64084337    0.47163438    0.17410082   -0.47163438   -0.86443619
    0.87610003   -0.47537023    0.08044800   -0.47537023   -0.82386530    0.30865694   -0.08044800   -0.30865694   -0.94776527
    0.98141179   -0.04837286    0.18571741   -0.04837286    0.87411732    0.48330009   -0.18571741   -0.48330009    0.85552911
    0.95168270    0.09213360   -0.29293590    0.09213360    0.82431553    0.55858331    0.29293590   -0.55858331    0.77599823
    0.16195312   -0.98101217   -0.10670664   -0.98101217   -0.14836640   -0.12491010    0.10670664    0.12491010   -0.98641328
    0.85403461    0.29194596   -0.43057222    0.29194596    0.41607772    0.86118923    0.43057222   -0.86118923    0.27011233
    0.98677066   -0.13354399   -0.09192211   -0.13354399   -0.34806367   -0.92791038    0.09192211    0.92791038   -0.36129302
    0.64915291   -0.25205921    0.71768144   -0.25205921    0.81891300    0.51560416   -0.71768144   -0.51560416    0.46806591
    0.71560416    0.62454320   -0.31282021    0.62454320   -0.37151866    0.68696411    0.31282021   -0.68696411   -0.65591450
    0.92488671    0.03625156   -0.37851077    0.03625156    0.98250409    0.18267879    0.37851077   -0.18267879    0.90739079
    0.59914524   -0.25473290   -0.75903631   -0.25473290    0.83812379   -0.48234808    0.75903631    0.48234808    0.43726903
    0.76041705   -0.56805201    0.31477425   -0.56805201   -0.34685329    0.74633083   -0.31477425   -0.74633083   -0.58643624
    0.53743479   -0.66553266   -0.51790938   -0.66553266    0.04244048   -0.74516111    0.51790938    0.74516111   -0.42012473
    0.99958022   -0.01046104   -0.02701747   -0.01046104    0.73930562   -0.67328877    0.02701747    0.67328877    0.73888585
    0.20038724    0.77979510   -0.59309742    0.77979510    0.23953140    0.57839806    0.59309742   -0.57839806   -0.56008136
    0.98796597    0.11981062   -0.09781952    0.11981062   -0.19283265    0.97388962    0.09781952   -0.97388962   -0.20486668
    0.29742031   -0.83775750   -0.45793399   -0.83775750    0.00105621   -0.54604145    0.45793399    0.54604145   -0.70152349
    0.51399012   -0.66023504    0.54763478   -0.66023504    0.10308345    0.74395127   -0.54763478   -0.74395127   -0.38292644
    0.61699282    0.36001181   -0.69979380    0.36001181    0.66160294    0.65777887    0.69979380   -0.65777887    0.27859577
    0.08338199   -0.83111724    0.54981050   -0.83111724    0.24640815    0.49852499   -0.54981050   -0.49852499   -0.67020986
    0.46257594    0.27657296    0.84233657    0.27657296    0.85766808   -0.43348918   -0.84233657    0.43348918    0.32024402
    0.91946867   -0.31573777    0.23427979   -0.31573777   -0.23790756    0.91853669   -0.23427979   -0.91853669   -0.31843889
    0.99897810    0.02256665    0.03916000    0.02256665    0.50166080   -0.86477002   -0.03916000    0.86477002    0.50063890
    0.82172039   -0.42689864   -0.37753563   -0.42689864   -0.02222822   -0.90402625    0.37753563    0.90402625   -0.20050783
    0.85025562    0.01621127    0.52612031    0.01621127    0.99824497   -0.05695758   -0.52612031    0.05695758    0.84850059
