# Rotation matrices: 12 entries, row-major flattening of 3x3 -> 1x9
# https://github.com/Neurophysics-CFIN/GFO
# Col:  1    2    3    4    5    6    7    8    9
#       R11  R12  R13  R21  R22  R23  R31  R32  R33
# where Rij = R(i,j), i = row index, j = column index

    0.97424438   -0.00316684    0.22547254   -0.00316684    0.99961061    0.02772345   -0.22547254   -0.02772345    0.97385499
    0.44058221   -0.09507582   -0.89266338   -0.09507582    0.98384139   -0.15171256    0.89266338    0.15171256    0.42442361
    0.99368250   -0.04230564    0.10394869   -0.04230564    0.71669715    0.69610016   -0.10394869   -0.69610016    0.71037964
    0.77400143    0.16093017    0.61239143    0.16093017    0.88540405   -0.43607470   -0.61239143    0.43607470    0.65940548
    0.14785625    0.21261125    0.96588560    0.21261125    0.94695315   -0.24099002   -0.96588560    0.24099002    0.09480940
    0.59441354   -0.40993566   -0.69182751   -0.40993566    0.58566851   -0.69924613    0.69182751    0.69924613    0.18008205
    0.95286561   -0.19841680    0.22951666   -0.19841680    0.16474514    0.96617277   -0.22951666   -0.96617277    0.11761075
    0.89240918    0.27596423    0.35700084    0.27596423    0.29216774   -0.91568650   -0.35700084    0.91568650    0.18457692
    0.75523084    0.26535179   -0.59934532    0.26535179    0.71233479    0.64974424    0.59934532   -0.64974424    0.46756562
    0.58993820   -0.18934115    0.78493493   -0.18934115    0.91257398    0.36243435   -0.78493493   -0.36243435    0.50251219
    0.98572147   -0.06075259   -0.15704240   -0.06075259    0.74150870   -0.66818708    0.15704240    0.66818708    0.72723017
    0.88892729    0.00014616   -0.45804830    0.00014616    0.99999981    0.00060273    0.45804830   -0.00060273    0.88892710
