# Rotation matrices: 99 entries, row-major flattening of 3x3 -> 1x9
# https://github.com/Neurophysics-CFIN/GFO
# Col:  1    2    3    4    5    6    7    8    9
#       R11  R12  R13  R21  R22  R23  R31  R32  R33
# where Rij = R(i,j), i = row index, j = column index

    0.99231419    0.00974784    0.12335936    0.00974784    0.98763691   -0.15645549   -0.12335936    0.15645549    0.97995109
    0.99360768   -0.01322602   -0.11211091   -0.01322602    0.97263475   -0.23196274    0.11211091    0.23196274    0.96624243
    0.99516995    0.02477239   -0.09499000    0.02477239    0.87294723    0.48718524    0.09499000   -0.48718524    0.86811718
    0.92055480    0.03893860    0.38866778    0.03893860    0.98091496   -0.19049837   -0.38866778    0.19049837    0.90146976
    0.84860405   -0.00699468   -0.52898227   -0.00699468    0.99967684   -0.02443962    0.52898227    0.02443962    0.84828088
    0.91335071   -0.04768157    0.40437229   -0.04768157    0.97376167    0.22251893   -0.40437229   -0.22251893    0.88711238
    0.97537922   -0.04967471   -0.21486695   -0.04967471    0.89977667   -0.43351398    0.21486695    0.43351398    0.87515589
    0.96226576    0.09666288   -0.25436370    0.09666288    0.75238105    0.65159730    0.25436370   -0.65159730    0.71464681
    0.76740529    0.07517462    0.63674005    0.07517462    0.97570356   -0.20579441   -0.63674005    0.20579441    0.74310885
    0.78109588   -0.09099780   -0.61774480   -0.09099780    0.96217248   -0.25679469    0.61774480    0.25679469    0.74326836
    0.94626538   -0.11584475    0.30193016   -0.11584475    0.75025398    0.65092162   -0.30193016   -0.65092162    0.69651937
    0.96051572    0.08639481    0.26447208    0.08639481    0.81096112   -0.57868644   -0.26447208    0.57868644    0.77147684
    0.90942817    0.04572953   -0.41333910    0.04572953    0.97691126    0.20869406    0.41333910   -0.20869406    0.88633942
    0.76764512   -0.08650079    0.63501070   -0.08650079    0.96779759    0.23640101   -0.63501070   -0.23640101    0.73544271
    0.88662277   -0.11637393   -0.44761274   -0.11637393    0.88055016   -0.45944370    0.44761274    0.45944370    0.76717294
    0.98223529    0.08680428   -0.16636960    0.08680428    0.57584532    0.81293738    0.16636960   -0.81293738    0.55808062
    0.84461130    0.20881276    0.49297970    0.20881276    0.71939550   -0.66247064   -0.49297970    0.66247064    0.56400680
    0.48597099   -0.04705335   -0.87270738   -0.04705335    0.99569282   -0.07988616    0.87270738    0.07988616    0.48166381
    0.80748813   -0.17916400    0.56201706   -0.17916400    0.83325840    0.52304943   -0.56201706   -0.52304943    0.64074653
    0.99983829    0.00720538    0.01647652    0.00720538    0.67894582   -0.73415302   -0.01647652    0.73415302    0.67878411
    0.79993936    0.15314839   -0.58020909    0.15314839    0.88276339    0.44415579    0.58020909   -0.44415579    0.68270275
    0.83350851   -0.00306675    0.55249810   -0.00306675    0.99994351    0.01017693   -0.55249810   -0.01017693    0.83345202
    0.78233789   -0.20183068   -0.58924681   -0.20183068    0.81284927   -0.54638854    0.58924681    0.54638854    0.59518716
    0.99974269   -0.00828037    0.02111863   -0.00828037    0.73353701    0.67959907   -0.02111863   -0.67959907    0.73327970
    0.99132517    0.06842648    0.11221507    0.06842648    0.46025642   -0.88514510   -0.11221507    0.88514510    0.45158159
    0.60099124    0.11809220   -0.79048324    0.11809220    0.96504897    0.23395453    0.79048324   -0.23395453    0.56604021
    0.48123992   -0.09977237    0.87089242   -0.09977237    0.98081093    0.16749747   -0.87089242   -0.16749747    0.46205084
    0.98586772   -0.08039948   -0.14697198   -0.08039948    0.54260198   -0.83613337    0.14697198    0.83613337    0.52846970
    0.89887608    0.22183751   -0.37790200    0.22183751    0.51335076    0.82901093    0.37790200   -0.82901093    0.41222684
    0.60779926    0.15067898    0.77966397    0.15067898    0.94211088   -0.29953787   -0.77966397    0.29953787    0.54991014
    0.39814318   -0.19749999   -0.89581011   -0.19749999    0.93519016   -0.29396109    0.89581011    0.29396109    0.33333334
    0.79949855   -0.32119820    0.50757638   -0.32119820    0.48544868    0.81312440   -0.50757638   -0.81312440    0.28494724
    0.99443116    0.07372509    0.07530795    0.07372509    0.02396461   -0.99699063   -0.07530795    0.99699063    0.01839576
    0.63497612    0.23586168   -0.73564570    0.23586168    0.84759701    0.47534049    0.73564570   -0.47534049    0.48257313
    0.26429940   -0.20612726    0.94215571   -0.20612726    0.94224764    0.26397148   -0.94215571   -0.26397148    0.20654703
    0.75105678   -0.31556778   -0.57994025   -0.31556778    0.59997697   -0.73514938    0.57994025    0.73514938    0.35103375
    0.99447794   -0.06773658    0.08015852   -0.06773658    0.16910685    0.98326732   -0.08015852   -0.98326732    0.16358479
    0.63299228    0.27309336    0.72438994    0.27309336    0.79678906   -0.53902431   -0.72438994    0.53902431    0.42978135
    0.17188402    0.18401028   -0.96777895    0.18401028    0.95911227    0.21504388    0.96777895   -0.21504388    0.13099629
    0.30313749   -0.40201563    0.86399716   -0.40201563    0.76807970    0.49843457   -0.86399716   -0.49843457    0.07121719
    0.93431024   -0.19581490   -0.29786052   -0.19581490    0.41629445   -0.88789383    0.29786052    0.88789383    0.35060469
    0.89111890    0.30360372   -0.33724159    0.30360372    0.15343235    0.94036338    0.33724159   -0.94036338    0.04455125
    0.39976995    0.24539799    0.88315560    0.24539799    0.89967151   -0.36106925   -0.88315560    0.36106925    0.29944146
    0.37795550   -0.35219519   -0.85621737   -0.35219519    0.80059071   -0.48478146    0.85621737    0.48478146    0.17854621
    0.89013204   -0.29486686    0.34744567   -0.29486686    0.20862771    0.93248486   -0.34744567   -0.93248486    0.09875974
    0.71082983    0.34326872    0.61391168    0.34326872    0.59251188   -0.72876352   -0.61391168    0.72876352    0.30334170
    0.21499090    0.39949525   -0.89116915    0.39949525    0.79669477    0.45352066    0.89116915   -0.45352066    0.01168567
    0.12256237   -0.24611050   -0.96146143   -0.24611050    0.93096902   -0.26967814    0.96146143    0.26967814    0.05353140
    0.67515463   -0.45520344    0.58047916   -0.45520344    0.36212675    0.81342120   -0.58047916   -0.81342120    0.03728138
    0.78073890    0.38045979    0.49567844    0.38045979    0.33982977   -0.86009655   -0.49567844    0.86009655    0.12056867
    0.51063873    0.39359479   -0.76441561    0.39359479    0.68343049    0.61482185    0.76441561   -0.61482185    0.19406922
    0.01733980   -0.01695427    0.99970590   -0.01695427    0.99970748    0.01724837   -0.99970590   -0.01724837    0.01704728
    0.54720897   -0.43421385   -0.71555620   -0.43421385    0.58360115   -0.68619825    0.71555620    0.68619825    0.13081012
    0.96169885    0.16556077   -0.21846040    0.16556077    0.28434603    0.94431826    0.21846040   -0.94431826    0.24604488
    0.53590147    0.49604828    0.68318791    0.49604828    0.46980246   -0.73022034   -0.68318791    0.73022034    0.00570393
    0.17217659    0.19099583    0.96637250    0.19099583    0.95593335   -0.22296194   -0.96637250    0.22296194    0.12810994
    0.55773265   -0.40890676    0.72230849   -0.40890676    0.62193742    0.66782416   -0.72230849   -0.66782416    0.17967007
    0.96229454   -0.18068704   -0.20332588   -0.18068704    0.13413587   -0.97435094    0.20332588    0.97435094    0.09643040
    0.76629718    0.36735811   -0.52710213    0.36735811    0.42254877    0.82855329    0.52710213   -0.82855329    0.18884596
    0.26398037   -0.01249021    0.96444718   -0.01249021    0.99978804    0.01636661   -0.96444718   -0.01636661    0.26376841
    0.60619436   -0.28489683   -0.74253767   -0.28489683    0.79389274   -0.53718537    0.74253767    0.53718537    0.40008710
    0.95119983   -0.17216901    0.25607951   -0.17216901    0.39258062    0.90345907   -0.25607951   -0.90345907    0.34378045
    0.95435299    0.18384748    0.23539428    0.18384748    0.25953750   -0.94807193   -0.23539428    0.94807193    0.21389049
    0.41197194    0.27198274   -0.86965770    0.27198274    0.87419885    0.40224591    0.86965770   -0.40224591    0.28617079
    0.48599133   -0.27956422    0.82804364   -0.27956422    0.84794779    0.45036473   -0.82804364   -0.45036473    0.33393913
    0.82103416   -0.34234837   -0.45683751   -0.34234837    0.34511300   -0.87389622    0.45683751    0.87389622    0.16614716
    0.99965826    0.01441489   -0.02180756    0.01441489    0.39196300    0.91986804    0.02180756   -0.91986804    0.39162127
    0.45896146    0.39128622    0.79765247    0.39128622    0.71701663   -0.57687281   -0.79765247    0.57687281    0.17597809
    0.23279091   -0.04813167   -0.97133503   -0.04813167    0.99698041   -0.06093773    0.97133503    0.06093773    0.22977132
    0.69805383   -0.28452667    0.65708860   -0.28452667    0.73188790    0.61918065   -0.65708860   -0.61918065    0.42994172
    0.99881506   -0.02934509   -0.03882459   -0.02934509    0.27326978   -0.96148973    0.03882459    0.96148973    0.27208483
    0.72607991    0.30253631   -0.61747854    0.30253631    0.66585795    0.68198605    0.61747854   -0.68198605    0.39193786
    0.45388618    0.07542767    0.88786148    0.07542767    0.98958215   -0.12262887   -0.88786148    0.12262887    0.44346833
    0.88904426   -0.19633695   -0.41358446   -0.19633695    0.65258039   -0.73184058    0.41358446    0.73184058    0.54162465
    0.98708621   -0.07410069    0.14202080   -0.07410069    0.57480253    0.81493015   -0.14202080   -0.81493015    0.56188874
    0.88847189    0.23810295    0.39233237    0.23810295    0.49167062   -0.83759596   -0.39233237    0.83759596    0.38014250
    0.39496975    0.10072806   -0.91315538    0.10072806    0.98323035    0.15202608    0.91315538   -0.15202608    0.37820011
    0.63967311   -0.17203493    0.74914772   -0.17203493    0.91786342    0.35767404   -0.74914772   -0.35767404    0.55753653
    0.96196855   -0.09653356   -0.25553430   -0.09653356    0.75497311   -0.64861150    0.25553430    0.64861150    0.71694166
    0.86071775    0.19355125   -0.47085335    0.19355125    0.73103475    0.65431346    0.47085335   -0.65431346    0.59175250
    0.77576571    0.17086142    0.60744871    0.17086142    0.86980749   -0.46286208   -0.60744871    0.46286208    0.64557320
    0.62787432   -0.15758917   -0.76219387   -0.15758917    0.93326355   -0.32277670    0.76219387    0.32277670    0.56113788
    0.87999098   -0.21132891    0.42538920   -0.21132891    0.62786209    0.74908564   -0.42538920   -0.74908564    0.50785307
    0.95641629    0.12460139    0.26408780    0.12460139    0.64377726   -0.75500022   -0.26408780    0.75500022    0.60019355
    0.77234988    0.07426136   -0.63084143    0.07426136    0.97577533    0.20578571    0.63084143   -0.20578571    0.74812521
    0.64276490   -0.00615153    0.76603880   -0.00615153    0.99989407    0.01319106   -0.76603880   -0.01319106    0.64265897
    0.92164733   -0.04651458   -0.38523056   -0.04651458    0.97238631   -0.22869469    0.38523056    0.22869469    0.89403364
    0.98581462   -0.04249498    0.16236904   -0.04249498    0.87269824    0.48640720   -0.16236904   -0.48640720    0.85851286
    0.89579220    0.09851671    0.43341757    0.09851671    0.90686357   -0.40974739   -0.43341757    0.40974739    0.80265577
    0.67364854   -0.01384370   -0.73892219   -0.01384370    0.99941276   -0.03134479    0.73892219    0.03134479    0.67306130
    0.90795492   -0.09844718    0.40734017   -0.09844718    0.89470542    0.43567231   -0.40734017   -0.43567231    0.80266034
    0.99994686   -0.00298014   -0.00986935   -0.00298014    0.83288400   -0.55343958    0.00986935    0.55343958    0.83283085
    0.92840213    0.08823669   -0.36094843    0.08823669    0.89125775    0.44483020    0.36094843   -0.44483020    0.81965988
    0.96154489   -0.00539612    0.27459482   -0.00539612    0.99924280    0.03853186   -0.27459482   -0.03853186    0.96078769
    0.96429976   -0.00040404   -0.26481277   -0.00040404    0.99999543   -0.00299706    0.26481277    0.00299706    0.96429519
    0.99186799   -0.01710530    0.12611623   -0.01710530    0.96401982    0.26527946   -0.12611623   -0.26527946    0.95588781
    0.98749289    0.03104435    0.15457696    0.03104435    0.92294370   -0.38368109   -0.15457696    0.38368109    0.91043659
    0.98637860    0.02221459   -0.16298394    0.02221459    0.96377112    0.26580396    0.16298394   -0.26580396    0.95014972
    0.99983295    0.00049912   -0.01827070    0.00049912    0.99850871    0.05459044    0.01827070   -0.05459044    0.99834166
