# Rotation matrices: 80 entries, row-major flattening of 3x3 -> 1x9
# https://github.com/Neurophysics-CFIN/GFO
# Col:  1    2    3    4    5    6    7    8    9
#       R11  R12  R13  R21  R22  R23  R31  R32  R33
# where Rij = R(i,j), i = row index, j = column index

    0.43496249   -0.03562046    0.89974375   -0.03562046    0.99775446    0.05672063   -0.89974375   -0.05672063    0.43271695
    0.99999883    0.00091967    0.00122418    0.00091967    0.27845244   -0.96044958   -0.00122418    0.96044958    0.27845127
    0.90110167    0.15929473   -0.40328770    0.15929473    0.74342529    0.64957219    0.40328770   -0.64957219    0.64452696
   -0.08184012   -0.04659490    0.99555568   -0.04659490    0.99799316    0.04287862   -0.99555568   -0.04287862   -0.08384696
    0.78468288    0.37529558    0.49338221    0.37529558    0.34586358   -0.85996024   -0.49338221    0.85996024    0.13054646
    0.55013921    0.53287406    0.64295574    0.53287406    0.36879414   -0.76160102   -0.64295574    0.76160102   -0.08106664
    0.98168187    0.02595845    0.18875078    0.02595845    0.96321453   -0.26747698   -0.18875078    0.26747698    0.94489640
    0.46430620   -0.74538718   -0.47834893   -0.74538718   -0.03716349   -0.66559509    0.47834893    0.66559509   -0.57285729
   -0.04291292   -0.54138202    0.83968089   -0.54138202    0.71896552    0.43588312   -0.83968089   -0.43588312   -0.32394740
    0.96948542   -0.15074461    0.19332380   -0.15074461    0.25530898    0.95503580   -0.19332380   -0.95503580    0.22479440
    0.69595275   -0.28709655   -0.65819855   -0.28709655    0.72890915   -0.62150384    0.65819855    0.62150384    0.42486190
   -0.12567511    0.48410964    0.86593512    0.48410964    0.79180304   -0.37240544   -0.86593512    0.37240544   -0.33387207
    0.37596420   -0.36935412    0.84984025   -0.36935412    0.78138679    0.50300319   -0.84984025   -0.50300319    0.15735100
   -0.80593242   -0.42797221    0.40903879   -0.42797221    0.89857859    0.09693454   -0.40903879   -0.09693454   -0.90735383
    0.84953582   -0.06719324    0.52323413   -0.06719324    0.96999331    0.23366225   -0.52323413   -0.23366225    0.81952914
   -0.77727490    0.11689677   -0.61820618    0.11689677    0.99231134    0.04066130    0.61820618   -0.04066130   -0.78496355
    0.58398817    0.34660005   -0.73404784    0.34660005    0.71123034    0.61157159    0.73404784   -0.61157159    0.29521851
    0.92913544   -0.21806012   -0.29859190   -0.21806012    0.32899869   -0.91880882    0.29859190    0.91880882    0.25813413
    0.97685693   -0.20572715   -0.05853961   -0.20572715   -0.82878299   -0.52037976    0.05853961    0.52037976   -0.85192606
    0.96931821   -0.03458887    0.24336355   -0.03458887    0.96100650    0.27435398   -0.24336355   -0.27435398    0.93032471
   -0.40116324    0.83491072    0.37681846    0.83491072    0.50250200   -0.22453470   -0.37681846    0.22453470   -0.89866124
    0.74996890   -0.17225914    0.63864970   -0.17225914    0.88132193    0.43999824   -0.63864970   -0.43999824    0.63129082
    0.86921553    0.30410242   -0.38985392    0.30410242    0.29289554    0.90649541    0.38985392   -0.90649541    0.16211106
    0.88930522   -0.41762135   -0.18635621   -0.41762135   -0.57557193   -0.70307138    0.18635621    0.70307138   -0.68626671
    0.55055334    0.40349699    0.73080859    0.40349699    0.63775496   -0.65609358   -0.73080859    0.65609358    0.18830830
    0.98975813   -0.10205122    0.09982177   -0.10205122   -0.01685089    0.99463641   -0.09982177   -0.99463641   -0.02709275
    0.59788858   -0.02841097   -0.80107557   -0.02841097    0.99799264   -0.05659957    0.80107557    0.05659957    0.59588122
    0.97784045    0.18172536   -0.10394209    0.18172536   -0.49028741    0.85240492    0.10394209   -0.85240492   -0.51244696
    0.92375603    0.20967683    0.32048468    0.20967683    0.42337249   -0.88135768   -0.32048468    0.88135768    0.34712852
   -0.33570917    0.34366687   -0.87703617    0.34366687    0.91157737    0.22565412    0.87703617   -0.22565412   -0.42413180
   -0.33212166    0.81692778   -0.47151267    0.81692778    0.49901648    0.28915662    0.47151267   -0.28915662   -0.83310518
    0.31348658    0.42129118   -0.85102286    0.42129118    0.74146717    0.52224532    0.85102286   -0.52224532    0.05495375
    0.00668544    0.43567029   -0.90008150    0.43567029    0.80891391    0.39477803    0.90008150   -0.39477803   -0.18440066
    0.98337693    0.00411867   -0.18152919    0.00411867    0.99897952    0.04497718    0.18152919   -0.04497718    0.98235646
    0.99187801    0.04968478   -0.11708727    0.04968478    0.69606239    0.71626013    0.11708727   -0.71626013    0.68794040
    0.59883852   -0.56876743    0.56382270   -0.56876743    0.19360057    0.79938879   -0.56382270   -0.79938879   -0.20756091
    0.30377866   -0.54170700    0.78375510   -0.54170700    0.57851554    0.60981415   -0.78375510   -0.60981415   -0.11770580
    0.61738539   -0.77907858    0.10895802   -0.77907858   -0.58635717    0.22185995   -0.10895802   -0.22185995   -0.96897178
    0.81487849   -0.31004515    0.48973977   -0.31004515    0.48073025    0.82022584   -0.48973977   -0.82022584    0.29560874
    0.99831351    0.00851968   -0.05742431    0.00851968    0.95696093    0.29009171    0.05742431   -0.29009171    0.95527444
    0.94868242   -0.15749434    0.27422108   -0.15749434    0.51664778    0.84158814   -0.27422108   -0.84158814    0.46533020
    0.68381502    0.10986125    0.72133732    0.10986125    0.96182775   -0.25063498   -0.72133732    0.25063498    0.64564276
    0.52534506   -0.53929092   -0.65816250   -0.53929092    0.38727132   -0.74778756    0.65816250    0.74778756   -0.08738363
    0.99019403    0.08777919   -0.10867660    0.08777919    0.21423542    0.97282989    0.10867660   -0.97282989    0.20442944
    0.64583163   -0.16481842   -0.74547729   -0.16481842    0.92329888   -0.34692084    0.74547729    0.34692084    0.56913051
    0.17837533   -0.29358323   -0.93914383   -0.29358323    0.89509673   -0.33557522    0.93914383    0.33557522    0.07347206
   -0.01422264    0.25662943    0.96640522    0.25662943    0.93506489   -0.24453015   -0.96640522    0.24453015   -0.07915775
    0.21493286   -0.17209417    0.96134669   -0.17209417    0.96227532    0.21073632   -0.96134669   -0.21073632    0.17720818
    0.99855391    0.01991151    0.04993610    0.01991151    0.72583359   -0.68758209   -0.04993610    0.68758209    0.72438751
    0.98481684   -0.16820337    0.04293505   -0.16820337   -0.86340479    0.47564672   -0.04293505   -0.47564672   -0.87858795
    0.84159798   -0.36077888    0.40193461   -0.36077888    0.17828445    0.91545249   -0.40193461   -0.91545249    0.01988243
    0.95812225    0.19226587    0.21221589    0.19226587    0.11728383   -0.97430916   -0.21221589    0.97430916    0.07540608
    0.19017708    0.07715309    0.97871348    0.07715309    0.99264950   -0.09324356   -0.97871348    0.09324356    0.18282659
    0.96287941   -0.09397100   -0.25304681   -0.09397100    0.76211180   -0.64058962    0.25304681    0.64058962    0.72499121
    0.63260796   -0.64264595    0.43221911   -0.64264595   -0.12412291    0.75604212   -0.43221911   -0.75604212   -0.49151495
    0.77683086    0.28486691    0.56159119    0.28486691    0.63637824   -0.71684976   -0.56159119    0.71684976    0.41320909
    0.99512770   -0.00085037    0.09859074   -0.00085037    0.99985158    0.01720720   -0.09859074   -0.01720720    0.99497929
    0.78566616    0.02889610   -0.61797549    0.02889610    0.99610428    0.08331434    0.61797549   -0.08331434    0.78177043
    0.59595146    0.75516417   -0.27307312    0.75516417   -0.41139708    0.51037194    0.27307312   -0.51037194   -0.81544562
   -0.15579190    0.82877480    0.53745810    0.82877480    0.40571683   -0.38539094   -0.53745810    0.38539094   -0.75007507
    0.16045233   -0.83806341    0.52144489   -0.83806341    0.16341823    0.52052301   -0.52144489   -0.52052301   -0.67612944
   -0.29841406   -0.24525110    0.92238872   -0.24525110    0.95367571    0.17422551   -0.92238872   -0.17422551   -0.34473835
   -0.57093323   -0.32325615   -0.75467921   -0.32325615    0.93348251   -0.15529285    0.75467921    0.15529285   -0.63745072
    0.86838038    0.41629793    0.26946531    0.41629793   -0.31670311   -0.85228820   -0.26946531    0.85228820   -0.44832273
    0.50613730   -0.20854436    0.83685977   -0.20854436    0.91193756    0.35338241   -0.83685977   -0.35338241    0.41807487
    0.80642342    0.28478988   -0.51824318    0.28478988    0.58101712    0.76243940    0.51824318   -0.76243940    0.38744054
   -0.44211950    0.46206791    0.76878059    0.46206791    0.85194933   -0.24632414   -0.76878059    0.24632414   -0.59017017
    0.79590397   -0.07754590   -0.60043610   -0.07754590    0.97053659   -0.22813454    0.60043610    0.22813454    0.76644055
    0.96520869    0.06704377   -0.25273961    0.06704377    0.87080488    0.48703593    0.25273961   -0.48703593    0.83601357
    0.34635483   -0.86120582   -0.37197159   -0.86120582   -0.13467596   -0.49008868    0.37197159    0.49008868   -0.78832114
    0.36810768    0.07010624   -0.92713637    0.07010624    0.99222196    0.10286253    0.92713637   -0.10286253    0.36032964
    0.93764229   -0.30160042    0.17281240   -0.30160042   -0.45872598    0.83582753   -0.17281240   -0.83582753   -0.52108369
    0.93732712   -0.07006963   -0.34133286   -0.07006963    0.92166064   -0.38161748    0.34133286    0.38161748    0.85898776
    0.69316486    0.63295469   -0.34480550    0.63295469   -0.30569022    0.71128183    0.34480550   -0.71128183   -0.61252536
    0.71950457    0.22099389   -0.65838808    0.22099389    0.82588557    0.51872413    0.65838808   -0.51872413    0.54539014
    0.11732732    0.82733968   -0.54931171    0.82733968    0.22452460    0.51487645    0.54931171   -0.51487645   -0.65814808
   -0.92909508    0.05959074   -0.36500860    0.05959074    0.99815921    0.01127530    0.36500860   -0.01127530   -0.93093587
    0.60888946    0.25490145    0.75118498    0.25490145    0.83387114   -0.48957550   -0.75118498    0.48957550    0.44276060
    1.00000000    0.00005476    0.00003278    0.00005476   -0.47232645   -0.88142369   -0.00003278    0.88142369   -0.47232645
    0.64917841   -0.30993137    0.69462935   -0.30993137    0.72619287    0.61366641   -0.69462935   -0.61366641    0.37537128
