# Rotation matrices: 44 entries, row-major flattening of 3x3 -> 1x9
# https://github.com/Neurophysics-CFIN/GFO
# Col:  1    2    3    4    5    6    7    8    9
#       R11  R12  R13  R21  R22  R23  R31  R32  R33
# where Rij = R(i,j), i = row index, j = column index

    0.45701129   -0.37195240    0.80795550   -0.37195240    0.74520909    0.55345716   -0.80795550   -0.55345716    0.20222037
   -0.54655196   -0.66065764    0.51459930   -0.66065764    0.71777960    0.21982705   -0.51459930   -0.21982705   -0.82877236
    0.79103549   -0.37720597    0.48164148   -0.37720597    0.31909805    0.86942055   -0.48164148   -0.86942055    0.11013354
    0.86757261    0.25908439   -0.42449151    0.25908439    0.49312053    0.83048625    0.42449151   -0.83048625    0.36069315
    0.81482455   -0.53197914   -0.23034570   -0.53197914   -0.52829012   -0.66174598    0.23034570    0.66174598   -0.71346557
    0.23424568    0.42436085   -0.87466955    0.42436085    0.76483041    0.48471880    0.87466955   -0.48471880   -0.00092391
   -0.12341569    0.76903026   -0.62718500    0.76903026    0.47356304    0.42933728    0.62718500   -0.42933728   -0.64985266
    0.53124273   -0.70158743    0.47492761   -0.70158743   -0.05006357    0.71082256   -0.47492761   -0.71082256   -0.51882083
   -0.02240543   -0.19015009   -0.98149933   -0.19015009    0.96463530   -0.18254225    0.98149933    0.18254225   -0.05777013
    0.32701226    0.62452633    0.70924597    0.62452633    0.42044541   -0.65817363   -0.70924597    0.65817363   -0.25254233
    0.24669484   -0.92522342   -0.28827639   -0.92522342   -0.13637663   -0.35406642    0.28827639    0.35406642   -0.88968179
    0.76957567    0.62855934    0.11254526    0.62855934   -0.71460563   -0.30700480   -0.11254526    0.30700480   -0.94502996
    0.99992982    0.00215744    0.01164874    0.00215744    0.93367336   -0.35811927   -0.01164874    0.35811927    0.93360318
   -0.22917157    0.56846033    0.79014761    0.56846033    0.73710167   -0.36542301   -0.79014761    0.36542301   -0.49206989
    0.99520678   -0.04315550   -0.08775569   -0.04315550    0.61145147   -0.79010423    0.08775569    0.79010423    0.60665826
   -0.16500526   -0.68121422    0.71324642   -0.68121422    0.60167321    0.41705700   -0.71324642   -0.41705700   -0.56333206
   -0.90275950   -0.37233570    0.21538667   -0.37233570    0.92714062    0.04214728   -0.21538667   -0.04214728   -0.97561888
    0.79964552   -0.01262144    0.60033969   -0.01262144    0.99920491    0.03781874   -0.60033969   -0.03781874    0.79885042
    0.99286329   -0.08149967    0.08706492   -0.08149967    0.06929214    0.99426174   -0.08706492   -0.99426174    0.06215543
    0.55347201    0.31082180    0.77269563    0.31082180    0.78364136   -0.53786247   -0.77269563    0.53786247    0.33711336
   -0.50907975    0.21420923   -0.83363794    0.21420923    0.96959366    0.11833234    0.83363794   -0.11833234   -0.53948609
    0.84729060    0.17334418   -0.50204624    0.17334418    0.80323278    0.56988499    0.50204624   -0.56988499    0.65052338
    0.77576702   -0.26431525    0.57299475   -0.26431525    0.68843767    0.67541915   -0.57299475   -0.67541915    0.46420469
   -0.16264460    0.21242602    0.96354653    0.21242602    0.96118778   -0.17604894   -0.96354653    0.17604894   -0.20145682
    0.48745858   -0.14679340    0.86071821   -0.14679340    0.95795793    0.24651227   -0.86071821   -0.24651227    0.44541651
    0.93072665    0.24716979   -0.26954591    0.24716979    0.11808934    0.96174945    0.26954591   -0.96174945    0.04881599
    0.86121766    0.23044376    0.45298986    0.23044376    0.61735531   -0.75217558   -0.45298986    0.75217558    0.47857297
    0.95727515   -0.15607980    0.24344071   -0.15607980    0.42981884    0.88932270   -0.24344071   -0.88932270    0.38709399
    0.95473744   -0.08142454   -0.28608821   -0.08142454    0.85352231   -0.51465495    0.28608821    0.51465495    0.80825975
    0.98204422    0.10887816    0.15406069    0.10887816    0.33979734   -0.93417521   -0.15406069    0.93417521    0.32184156
   -0.65404725    0.05466071    0.75447625    0.05466071    0.99819365   -0.02493291   -0.75447625    0.02493291   -0.65585360
    0.86455562    0.06282385   -0.49859477    0.06282385    0.97086010    0.23126572    0.49859477   -0.23126572    0.83541572
    0.97852319   -0.00085106    0.20613501   -0.00085106    0.99996628    0.00816850   -0.20613501   -0.00816850    0.97848946
    0.37600593   -0.34505249   -0.85997577   -0.34505249    0.80919495   -0.47554423    0.85997577    0.47554423    0.18520088
    0.71174609    0.41566508    0.56625086    0.41566508    0.40060670   -0.81653953   -0.56625086    0.81653953    0.11235279
    0.90693988   -0.33092017    0.26067583   -0.33092017   -0.17674640    0.92695877   -0.26067583   -0.92695877   -0.26980651
    0.22735704    0.12775257    0.96539529    0.12775257    0.97887677   -0.15962318   -0.96539529    0.15962318    0.20623380
    0.82869856    0.51762894   -0.21288254    0.51762894   -0.56414167    0.64327634    0.21288254   -0.64327634   -0.73544311
    0.65227239   -0.41001861   -0.63751508   -0.41001861    0.51653175   -0.75171783    0.63751508    0.75171783    0.16880414
   -0.15207344    0.90972636   -0.38635685    0.90972636    0.28164124    0.30508386    0.38635685   -0.30508386   -0.87043220
    0.37362528   -0.10027326   -0.92214393   -0.10027326    0.98394775   -0.14762150    0.92214393    0.14762150    0.35757302
   -0.19052412   -0.76895230   -0.61025645   -0.76895230    0.50333838   -0.39416093    0.61025645    0.39416093   -0.68718573
    0.99309573    0.05868318   -0.10157342    0.05868318    0.50121955    0.86332801    0.10157342   -0.86332801    0.49431528
    0.88760562    0.43220659    0.15922850    0.43220659   -0.66202747   -0.61230474   -0.15922850    0.61230474   -0.77442184
