# Rotation matrices: 40 entries, row-major flattening of 3x3 -> 1x9
# https://github.com/Neurophysics-CFIN/GFO
# Col:  1    2    3    4    5    6    7    8    9
#       R11  R12  R13  R21  R22  R23  R31  R32  R33
# where Rij = R(i,j), i = row index, j = column index

    0.90335172   -0.41577233    0.10530447   -0.41577233   -0.78861578    0.45301051   -0.10530447   -0.45301051   -0.88526405
    0.99935762    0.00106064    0.03582219    0.00106064    0.99824878   -0.05914607   -0.03582219    0.05914607    0.99760639
    0.84790845    0.07350006   -0.52502286    0.07350006    0.96448022    0.25372356    0.52502286   -0.25372356    0.81238867
    0.99805519   -0.04709901   -0.04083533   -0.04709901   -0.14063336   -0.98894082    0.04083533    0.98894082   -0.14257817
    0.04967092    0.42986149    0.90152754    0.42986149    0.80556114   -0.40778714   -0.90152754    0.40778714   -0.14476794
    0.95131218    0.05132792    0.30392528    0.05132792    0.94588882   -0.32040566   -0.30392528    0.32040566    0.89720100
    0.79258223   -0.28997845   -0.53640088   -0.28997845    0.59459837   -0.74991018    0.53640088    0.74991018    0.38718060
   -0.79903683    0.17541506   -0.57512581    0.17541506    0.98289616    0.05607763    0.57512581   -0.05607763   -0.81614067
    0.13704120   -0.26612329   -0.95414784   -0.26612329    0.91793165   -0.29424460    0.95414784    0.29424460    0.05497285
   -0.64336047   -0.25875381    0.72050939   -0.25875381    0.95925816    0.11344714   -0.72050939   -0.11344714   -0.68410231
    0.03230286    0.54100676   -0.84039765    0.54100676    0.69754141    0.46983792    0.84039765   -0.46983792   -0.27015574
    0.97765604   -0.08859550   -0.19062924   -0.08859550    0.64871210   -0.75585941    0.19062924    0.75585941    0.62636814
    0.96518042    0.09423597    0.24402119    0.09423597    0.74495909   -0.66042073   -0.24402119    0.66042073    0.71013950
    0.54320495    0.82514254    0.15513919    0.82514254   -0.49051574   -0.28023935   -0.15513919    0.28023935   -0.94731079
    0.98495895    0.09253370    0.14592250    0.09253370    0.43072541   -0.89772665   -0.14592250    0.89772665    0.41568437
   -0.21016923   -0.92764713   -0.30870648   -0.92764713    0.28891830   -0.23663689    0.30870648    0.23663689   -0.92125094
    0.92793286   -0.02420174   -0.37196087   -0.02420174    0.99187252   -0.12491270    0.37196087    0.12491270    0.91980538
    0.10526817   -0.85984878    0.49957851   -0.85984878    0.17367428    0.48010137   -0.49957851   -0.48010137   -0.72105755
   -0.36407233    0.48471581    0.79529989    0.48471581    0.82775883   -0.28260556   -0.79529989    0.28260556   -0.53631351
    0.92546466    0.12810861   -0.35651557    0.12810861    0.77981162    0.61276588    0.35651557   -0.61276588    0.70527627
   -0.11919110   -0.58837450    0.79975554   -0.58837450    0.69068325    0.42044274   -0.79975554   -0.42044274   -0.42850785
    0.43798764   -0.46535870   -0.76916065   -0.46535870    0.61467267   -0.63688208    0.76916065    0.63688208    0.05266031
    0.76138451    0.17059615    0.62545231    0.17059615    0.87803371   -0.44716189   -0.62545231    0.44716189    0.63941822
    0.88712643   -0.14919578    0.43674629   -0.14919578    0.80279370    0.57728926   -0.43674629   -0.57728926    0.68992013
   -0.47954611    0.19955749   -0.85452463    0.19955749    0.97308418    0.11525615    0.85452463   -0.11525615   -0.50646192
   -0.22359320   -0.35841279   -0.90639194   -0.35841279    0.89501435   -0.26549875    0.90639194    0.26549875   -0.32857886
   -0.31994252   -0.00861732    0.94739777   -0.00861732    0.99994374    0.00618514   -0.94739777   -0.00618514   -0.31999878
    0.89711490    0.31476428   -0.31001340    0.31476428    0.03701749    0.94844776    0.31001340   -0.94844776   -0.06586761
    0.70098216    0.28721572   -0.65278722    0.28721572    0.72412059    0.62702194    0.65278722   -0.62702194    0.42510274
    0.55706942    0.48863281   -0.67149954    0.48863281    0.46094933    0.74078586    0.67149954   -0.74078586    0.01801875
    0.70984731   -0.11895592    0.69423792   -0.11895592    0.95123081    0.28462157   -0.69423792   -0.28462157    0.66107812
    0.90019860    0.24043070   -0.36309168    0.24043070    0.42078049    0.87472102    0.36309168   -0.87472102    0.32097909
    0.24323364   -0.66964869   -0.70171792   -0.66964869    0.40744015   -0.62093733    0.70171792    0.62093733   -0.34932621
    0.99917297    0.01950920   -0.03567574    0.01950920    0.53978580    0.84157630    0.03567574   -0.84157630    0.53895878
    0.99781120   -0.02000996    0.06302705   -0.02000996    0.81706934    0.57619206   -0.06302705   -0.57619206    0.81488054
    0.78865540    0.29352496    0.54024602    0.29352496    0.59233924   -0.75031815   -0.54024602    0.75031815    0.38099464
    0.96906457   -0.15069443   -0.19546111   -0.15069443    0.26592865   -0.95214135    0.19546111    0.95214135    0.23499322
    0.91736906   -0.20408270    0.34173711   -0.20408270    0.49595455    0.84402567   -0.34173711   -0.84402567    0.41332361
   -0.09665348    0.11175880   -0.98902380    0.11175880    0.98861078    0.10079038    0.98902380   -0.10079038   -0.10804270
    0.76747384   -0.43378497   -0.47203231   -0.43378497    0.19076029   -0.88059134    0.47203231    0.88059134   -0.04176587
