# Rotation matrices: 30 entries, row-major flattening of 3x3 -> 1x9
# https://github.com/Neurophysics-CFIN/GFO
# Col:  1    2    3    4    5    6    7    8    9
#       R11  R12  R13  R21  R22  R23  R31  R32  R33
# where Rij = R(i,j), i = row index, j = column index

    0.83658813    0.46757976   -0.28546361    0.46757976   -0.33791277    0.81681340    0.28546361   -0.81681340   -0.50132464
    0.82991544    0.26460553   -0.49114588    0.26460553    0.58834544    0.76409002    0.49114588   -0.76409002    0.41826088
    0.91297359    0.10148350    0.39519656    0.10148350    0.88165774   -0.46084783   -0.39519656    0.46084783    0.79463134
    0.66298900    0.29568386    0.68776205    0.29568386    0.74057539   -0.60342285   -0.68776205    0.60342285    0.40356439
    0.84307685    0.35012688    0.40820656    0.35012688    0.21879702   -0.91079033   -0.40820656    0.91079033    0.06187387
   -0.91893255   -0.01452926    0.39414702   -0.01452926    0.99988999    0.00298430   -0.39414702   -0.00298430   -0.91904256
    0.92934159    0.00121760    0.36921907    0.00121760    0.99997902   -0.00636246   -0.36921907    0.00636246    0.92932061
    0.44067589    0.46504874   -0.76781145    0.46504874    0.61333629    0.63839507    0.76781145   -0.63839507    0.05401219
    0.99906165    0.00578227   -0.04292312    0.00578227    0.96436883    0.26449826    0.04292312   -0.26449826    0.96343047
    0.97137855   -0.21907863    0.09180563   -0.21907863   -0.67690456    0.70271244   -0.09180563   -0.70271244   -0.70552601
    0.81837780   -0.37066827    0.43916149   -0.37066827    0.24351229    0.89627384   -0.43916149   -0.89627384    0.06189009
    0.63046575    0.09587948    0.77027272    0.09587948    0.97512308   -0.19985521   -0.77027272    0.19985521    0.60558883
    0.63042361   -0.61686981    0.47120878   -0.61686981   -0.02963384    0.78650713   -0.47120878   -0.78650713   -0.39921023
    0.32639171   -0.48269638    0.81269469   -0.48269638    0.65410789    0.58236336   -0.81269469   -0.58236336   -0.01950040
    0.86059844   -0.43512237   -0.26464854   -0.43512237   -0.35817331   -0.82606320    0.26464854    0.82606320   -0.49757486
   -0.10138107   -0.60827236    0.78722717   -0.60827236    0.66406244    0.43477098   -0.78722717   -0.43477098   -0.43731863
   -0.18117782    0.48660970    0.85462600    0.48660970    0.79953145   -0.35208018   -0.85462600    0.35208018   -0.38164636
    0.99278246    0.09459411    0.07372200    0.09459411   -0.23976457   -0.96621163   -0.07372200    0.96621163   -0.24698211
    0.07065066   -0.88421081    0.46171390   -0.88421081    0.15873534    0.43928844   -0.46171390   -0.43928844   -0.77061400
    0.99609307   -0.05482574   -0.06922953   -0.05482574    0.23063259   -0.97149511    0.06922953    0.97149511    0.22672566
    0.22917503   -0.70500248   -0.67115594   -0.70500248    0.35519927   -0.61384442    0.67115594    0.61384442   -0.41562570
   -0.17485727   -0.10019705    0.97948225   -0.10019705    0.99145475    0.08353460   -0.97948225   -0.08353460   -0.18340252
   -0.51298157   -0.50284661   -0.69569764   -0.50284661    0.83287654   -0.23121841    0.69569764    0.23121841   -0.68010503
    0.30710074   -0.15142402    0.93955303   -0.15142402    0.96690827    0.20532696   -0.93955303   -0.20532696    0.27400901
    0.99989059   -0.00213156   -0.01463775   -0.00213156    0.95847221   -0.28517799    0.01463775    0.28517799    0.95836280
    0.94049699   -0.08817221    0.32816319   -0.08817221    0.86934547    0.48627577   -0.32816319   -0.48627577    0.80984245
    0.99001056    0.05219749   -0.13097526    0.05219749    0.72725428    0.68438047    0.13097526   -0.68438047    0.71726484
    0.20613006    0.21046948    0.95562179    0.21046948    0.94420068   -0.25335286   -0.95562179    0.25335286    0.15033074
   -0.06345157    0.84979221    0.52328491    0.84979221    0.32094059   -0.41815109   -0.52328491    0.41815109   -0.74251099
   -0.64012771   -0.03475263    0.76748209   -0.03475263    0.99926363    0.01626216   -0.76748209   -0.01626216   -0.64086409
