# Rotation matrices: 54 entries, row-major flattening of 3x3 -> 1x9
# https://github.com/Neurophysics-CFIN/GFO
# Col:  1    2    3    4    5    6    7    8    9
#       R11  R12  R13  R21  R22  R23  R31  R32  R33
# where Rij = R(i,j), i = row index, j = column index

    0.99967357   -0.00287163   -0.02538701   -0.00287163    0.97473779   -0.22333384    0.02538701    0.22333384    0.97441136
    0.96631656    0.00476867   -0.25731221    0.00476867    0.99932489    0.03642847    0.25731221   -0.03642847    0.96564144
    0.99543939    0.01869386   -0.09354657    0.01869386    0.92337422    0.38344567    0.09354657   -0.38344567    0.91881361
    0.95114687    0.03278775    0.30699284    0.03278775    0.97799453   -0.20603803   -0.30699284    0.20603803    0.92914139
    0.79463593   -0.01669646   -0.60685663   -0.01669646    0.99864255   -0.04933852    0.60685663    0.04933852    0.79327847
    0.80406833   -0.13622965    0.57871893   -0.13622965    0.90528067    0.40237843   -0.57871893   -0.40237843    0.70934900
    0.92517763   -0.06089083   -0.37461801   -0.06089083    0.95044673   -0.30486607    0.37461801    0.30486607    0.87562436
    0.78582843    0.18360054   -0.59056289    0.18360054    0.84260676    0.50626544    0.59056289   -0.50626544    0.62843519
    0.88073712   -0.02641297    0.47286836   -0.02641297    0.99415036    0.10472543   -0.47286836   -0.10472543    0.87488748
    0.50335902   -0.07365535   -0.86093239   -0.07365535    0.98907639   -0.12768232    0.86093239    0.12768232    0.49243542
    0.95567747   -0.15522265    0.25017294   -0.15522265    0.45639220    0.87613474   -0.25017294   -0.87613474    0.41206967
    0.98272026    0.06852947    0.17194363    0.06852947    0.72822003   -0.68190857   -0.17194363    0.68190857    0.71094028
    0.24004047    0.35586515   -0.90318357    0.35586515    0.83335954    0.42293247    0.90318357   -0.42293247    0.07340001
    0.62158587   -0.07616850    0.77963412   -0.07616850    0.98466854    0.15692744   -0.77963412   -0.15692744    0.60625442
    0.90301695   -0.14778890   -0.40338422   -0.14778890    0.77478994   -0.61470236    0.40338422    0.61470236    0.67780689
    0.90298490    0.26087146   -0.34141522    0.26087146    0.29852242    0.91805798    0.34141522   -0.91805798    0.20150732
    0.76018894    0.06215213    0.64672242    0.06215213    0.98389195   -0.16761186   -0.64672242    0.16761186    0.74408090
    0.63352927    0.09435066   -0.76794441    0.09435066    0.97570871    0.19771309    0.76794441   -0.19771309    0.60923799
    0.31277642   -0.16227647    0.93586177   -0.16227647    0.96168110    0.22098826   -0.93586177   -0.22098826    0.27445752
    0.87952724   -0.26000669   -0.39853276   -0.26000669    0.43884845   -0.86012125    0.39853276    0.86012125    0.31837569
    0.60285967    0.43160857   -0.67102478    0.43160857    0.53093165    0.72926376    0.67102478   -0.72926376    0.13379132
    0.68246147    0.20725646    0.70092160    0.20725646    0.86472432   -0.45748947   -0.70092160    0.45748947    0.54718579
    0.43080898   -0.28437192   -0.85646730   -0.28437192    0.85792574   -0.42789722    0.85646730    0.42789722    0.28873472
    0.86597472   -0.32787077    0.37760899   -0.32787077    0.19791821    0.92375816   -0.37760899   -0.92375816    0.06389293
    0.56421708    0.38805338    0.72874801    0.38805338    0.65444854   -0.64893119   -0.72874801    0.64893119    0.21866562
    0.30264985    0.09933407   -0.94791129    0.09933407    0.98585035    0.13502526    0.94791129   -0.13502526    0.28850020
    0.30728945   -0.40122007    0.86289956   -0.40122007    0.76761211    0.49979406   -0.86289956   -0.49979406    0.07490156
    0.72341860   -0.35332783    0.59314835   -0.35332783    0.54862996    0.75773651   -0.59314835   -0.75773651    0.27204856
    0.79821895    0.35845854    0.48410121    0.35845854    0.36320816   -0.85999262   -0.48410121    0.85999262    0.16142711
    0.84167622    0.25138878   -0.47789625    0.25138878    0.60084129    0.75881054    0.47789625   -0.75881054    0.44251751
    0.09697125    0.07596325    0.99238408    0.07596325    0.99360993   -0.08347987   -0.99238408    0.08347987    0.09058118
    0.58109325   -0.45922230   -0.67189695   -0.45922230    0.49658217   -0.73656026    0.67189695    0.73656026    0.07767543
    0.96664046    0.17152728    0.19022253    0.17152728    0.11804510   -0.97808167   -0.19022253    0.97808167    0.08468556
    0.36333100    0.26629906    0.89279079    0.26629906    0.88861530   -0.37342692   -0.89279079    0.37342692    0.25194630
    0.13614794   -0.16002236   -0.97767918   -0.16002236    0.97035701   -0.18110801    0.97767918    0.18110801    0.10650496
    0.99940315   -0.02187701    0.02673449   -0.02187701    0.19811287    0.97993504   -0.02673449   -0.97993504    0.19751602
    0.98653062   -0.10390854   -0.12633429   -0.10390854    0.19840526   -0.97459652    0.12633429    0.97459652    0.18493588
    0.95617036    0.09717332   -0.27621656    0.09717332    0.78456009    0.61239106    0.27621656   -0.61239106    0.74073045
    0.46743493    0.07030536    0.88122741    0.07030536    0.99071880   -0.11633322   -0.88122741    0.11633322    0.45815373
    0.71377406   -0.29014698   -0.63744907   -0.29014698    0.70587827   -0.64618156    0.63744907    0.64618156    0.41965233
    0.99057566    0.06721138   -0.11934188    0.06721138    0.52066970    0.85110851    0.11934188   -0.85110851    0.51124536
    0.98334987    0.09704636    0.15363932    0.09704636    0.43435909   -0.89549662   -0.15363932    0.89549662    0.41770895
    0.54260385    0.28135798   -0.79146620    0.28135798    0.82692834    0.48685441    0.79146620   -0.48685441    0.36953219
    0.59824149   -0.26803913    0.75515703   -0.26803913    0.82117373    0.50381418   -0.75515703   -0.50381418    0.41941522
    0.99620694   -0.02381754   -0.08369259   -0.02381754    0.85044378   -0.52552651    0.08369259    0.52552651    0.84665072
    0.99604479   -0.03257228    0.08266689   -0.03257228    0.73175768    0.68078612   -0.08266689   -0.68078612    0.72780248
    0.85355230    0.22834805    0.46830080    0.22834805    0.64394913   -0.73019633   -0.46830080    0.73019633    0.49750143
    0.73041390   -0.15002436   -0.66632442   -0.15002436    0.91651161   -0.37080878    0.66632442    0.37080878    0.64692551
    0.88730922   -0.18015821    0.42452959   -0.18015821    0.71198195    0.67869339   -0.42452959   -0.67869339    0.59929117
    0.98664691   -0.07413780   -0.14502225   -0.07413780    0.58837883   -0.80517945    0.14502225    0.80517945    0.57502574
    0.88816128    0.06901282   -0.45432012    0.06901282    0.95741395    0.28034936    0.45432012   -0.28034936    0.84557523
    0.96204946   -0.05956166    0.26629541   -0.05956166    0.90652067    0.41793862   -0.26629541   -0.41793862    0.86857013
    0.90087682    0.11170336    0.41945598    0.11170336    0.87411985   -0.47269107   -0.41945598    0.47269107    0.77499667
    0.99309433   -0.00638147    0.11714494   -0.00638147    0.99410294    0.10825259   -0.11714494   -0.10825259    0.98719726
