# Rotation matrices: 55 entries, row-major flattening of 3x3 -> 1x9
# https://github.com/Neurophysics-CFIN/GFO
# Col:  1    2    3    4    5    6    7    8    9
#       R11  R12  R13  R21  R22  R23  R31  R32  R33
# where Rij = R(i,j), i = row index, j = column index

    0.89456673    0.36525089   -0.25756970    0.36525089   -0.26533319    0.89229484    0.25756970   -0.89229484   -0.37076646
   -0.28131535   -0.66907338   -0.68789715   -0.66907338    0.65062528   -0.35920405    0.68789715    0.35920405   -0.63069007
    0.51760259   -0.05422185    0.85390137   -0.05422185    0.99390542    0.09597918   -0.85390137   -0.09597918    0.51150801
    0.64300302    0.42592364   -0.63650308    0.42592364    0.49184178    0.75939496    0.63650308   -0.75939496    0.13484480
    0.92808457    0.03686634    0.37054002    0.03686634    0.98110104   -0.18995164   -0.37054002    0.18995164    0.90918561
   -0.41523123    0.43424391   -0.79938430    0.43424391    0.86675833    0.24527989    0.79938430   -0.24527989   -0.54847290
   -0.79607072    0.29352467    0.52925862    0.29352467    0.95203044   -0.08649462   -0.52925862    0.08649462   -0.84404028
    0.20227680   -0.47675858    0.85544454   -0.47675858    0.71506565    0.51125569   -0.85544454   -0.51125569   -0.08265755
    0.78765945   -0.24122034    0.56692622   -0.24122034    0.72597202    0.64403212   -0.56692622   -0.64403212    0.51363147
    0.28265388    0.49433136   -0.82203607    0.49433136    0.65935065    0.56647439    0.82203607   -0.56647439   -0.05799547
    0.98548605   -0.16833418    0.02192832   -0.16833418   -0.95235578    0.25432671   -0.02192832   -0.25432671   -0.96686973
    0.98565074    0.14597054    0.08476570    0.14597054   -0.48491255   -0.86229486   -0.08476570    0.86229486   -0.49926181
    0.11733658    0.17701765   -0.97718825    0.17701765    0.96449921    0.19597456    0.97718825   -0.19597456    0.08183579
    0.14667153    0.69358141   -0.70528880    0.69358141    0.43626026    0.57325545    0.70528880   -0.57325545   -0.41706821
   -0.43331504    0.42757931    0.79335617    0.42757931    0.87244670   -0.23667001   -0.79335617    0.23667001   -0.56086834
    0.36484300    0.00719355   -0.93104127    0.00719355    0.99991853    0.01054462    0.93104127   -0.01054462    0.36476153
    0.11747155   -0.18041000   -0.97655142   -0.18041000    0.96311987   -0.19963055    0.97655142    0.19963055    0.08059142
    0.32437413    0.23049547    0.91741662    0.23049547    0.92136452   -0.31298443   -0.91741662    0.31298443    0.24573865
    0.99853899    0.02190490    0.04939701    0.02190490    0.67158065   -0.74060760   -0.04939701    0.74060760    0.67011963
    0.89622879   -0.05310749    0.44040158   -0.05310749    0.97282093    0.22538642   -0.44040158   -0.22538642    0.86904972
   -0.20493052   -0.02685643   -0.97840800   -0.02685643    0.99940140   -0.02180752    0.97840800    0.02180752   -0.20552912
   -0.23112784   -0.47080189    0.85142557   -0.47080189    0.81995825    0.32559800   -0.85142557   -0.32559800   -0.41116959
    0.97984256   -0.16830190    0.10762449   -0.16830190   -0.40521452    0.89859650   -0.10762449   -0.89859650   -0.42537196
    0.72149426    0.27056730   -0.63736910    0.27056730    0.73714487    0.61920172    0.63736910   -0.61920172    0.45863913
    0.97581181    0.05696348    0.21106034    0.05696348    0.86585029   -0.49704973   -0.21106034    0.49704973    0.84166211
    0.93055831    0.13678480   -0.33963384    0.13678480    0.73056411    0.66900374    0.33963384   -0.66900374    0.66112242
    0.66633964   -0.30192081   -0.68178832   -0.30192081    0.72679951   -0.61693298    0.68178832    0.61693298    0.39313915
    0.99996952   -0.00733303   -0.00268052   -0.00733303   -0.76423283   -0.64489876    0.00268052    0.64489876   -0.76426331
   -0.38497797   -0.83210993    0.39923054   -0.83210993    0.50005924    0.23986208   -0.39923054   -0.23986208   -0.88491873
    0.86907568   -0.42850337   -0.24716863   -0.42850337   -0.40245244   -0.80896038    0.24716863    0.80896038   -0.53337677
    0.89532416   -0.43705480   -0.08589380   -0.43705480   -0.82484233   -0.35863385    0.08589380    0.35863385   -0.92951816
    0.91970871   -0.26545271   -0.28925897   -0.26545271    0.12238128   -0.95632509    0.28925897    0.95632509    0.04208999
    0.92891619   -0.10845133    0.35405228   -0.10845133    0.83453770    0.54017139   -0.35405228   -0.54017139    0.76345389
    0.38063846   -0.25088431    0.89004012   -0.25088431    0.89837448    0.36052788   -0.89004012   -0.36052788    0.27901294
    0.74529286    0.36713750    0.55655063    0.36713750    0.47080422   -0.80221783   -0.55655063    0.80221783    0.21609708
    0.92173590   -0.15149426   -0.35700478   -0.15149426    0.70675556   -0.69104708    0.35700478    0.69104708    0.62849147
   -0.13544267    0.81686496    0.56070216    0.81686496    0.41232755   -0.40338272   -0.56070216    0.40338272   -0.72311511
    0.99833865   -0.04495857   -0.03603696   -0.04495857   -0.21664669   -0.97521430    0.03603696    0.97521430   -0.21830804
    0.96510725    0.05247982   -0.25654214    0.05247982    0.92106868    0.38584759    0.25654214   -0.38584759    0.88617593
    0.30082208   -0.61177137   -0.73160226   -0.61177137    0.46470820   -0.64014223    0.73160226    0.64014223   -0.23446972
   -0.83326070   -0.53175921   -0.15135633   -0.53175921    0.84575688   -0.04390272    0.15135633    0.04390272   -0.98750383
    0.89377187    0.17970401    0.41094807    0.17970401    0.69599830   -0.69519266   -0.41094807    0.69519266    0.58977018
   -0.62945807   -0.25364553    0.73447020   -0.25364553    0.96051690    0.11432948   -0.73447020   -0.11432948   -0.66894117
    0.97875338    0.00581627   -0.20495852    0.00581627    0.99840779    0.05610750    0.20495852   -0.05610750    0.97716117
    0.59153953   -0.51331194    0.62176510   -0.51331194    0.35492130    0.78137169   -0.62176510   -0.78137169   -0.05353917
   -0.00973342    0.51818346    0.85521411    0.51818346    0.73407427   -0.43888594   -0.85521411    0.43888594   -0.27565914
   -0.76620460    0.05889148   -0.63989241    0.05889148    0.99803635    0.02133627    0.63989241   -0.02133627   -0.76816825
    0.86224732   -0.26985250   -0.42861309   -0.26985250    0.47136873   -0.83963751    0.42861309    0.83963751    0.33361605
    0.82117812    0.13307165    0.55494002    0.13307165    0.90097372   -0.41296281   -0.55494002    0.41296281    0.72215184
    0.89500248    0.24061092   -0.37560212    0.24061092    0.44861922    0.86072480    0.37560212   -0.86072480    0.34362170
    0.98209848   -0.05101669   -0.18132809   -0.05101669    0.85460998   -0.51675823    0.18132809    0.51675823    0.83670846
    0.88907714    0.31822794    0.32904835    0.31822794    0.08703202   -0.94401081   -0.32904835    0.94401081   -0.02389084
    0.99839861    0.04236944   -0.03748384    0.04236944   -0.12100991    0.99174666    0.03748384   -0.99174666   -0.12261129
    0.79428627   -0.15195900   -0.58823276   -0.15195900    0.88774916   -0.43452260    0.58823276    0.43452260    0.68203543
    0.85705845   -0.29379036    0.42324702   -0.29379036    0.39616736    0.86990726   -0.42324702   -0.86990726    0.25322581
