# Rotation matrices: 7 entries, row-major flattening of 3x3 -> 1x9
# https://github.com/Neurophysics-CFIN/GFO
# Col:  1    2    3    4    5    6    7    8    9
#       R11  R12  R13  R21  R22  R23  R31  R32  R33
# where Rij = R(i,j), i = row index, j = column index

    0.10474752   -0.88767480    0.44839871   -0.88767480    0.11983874    0.44460333   -0.44839871   -0.44460333   -0.77541374
    0.40315246    0.24312633    0.88224582    0.24312633    0.90096229   -0.35938355   -0.88224582    0.35938355    0.30411476
    0.98280054    0.03172254   -0.18192520    0.03172254    0.94149123    0.33554127    0.18192520   -0.33554127    0.92429177
    0.99346728    0.09374583   -0.06507288    0.09374583   -0.34527162    0.93380899    0.06507288   -0.93380899   -0.35180434
    0.36262334   -0.44803271   -0.81717256   -0.44803271    0.68506328   -0.57441708    0.81717256    0.57441708    0.04768662
    0.78252295    0.31992734   -0.53413886    0.31992734    0.52935950    0.78576397    0.53413886   -0.78576397    0.31188245
   -0.37337385   -0.68254001   -0.62827629   -0.68254001    0.66079093   -0.31224106    0.62827629    0.31224106   -0.71258292
