# Rotation matrices: 49 entries, row-major flattening of 3x3 -> 1x9
# https://github.com/Neurophysics-CFIN/GFO
# Col:  1    2    3    4    5    6    7    8    9
#       R11  R12  R13  R21  R22  R23  R31  R32  R33
# where Rij = R(i,j), i = row index, j = column index

    0.21828974    0.17505121   -0.96005555    0.17505121    0.96080015    0.21498872    0.96005555   -0.21498872    0.17908989
    0.76302454    0.48229024    0.43033670    0.48229024    0.01844742   -0.87581723   -0.43033670    0.87581723   -0.21852803
    0.96791817   -0.09506044    0.23258961   -0.09506044    0.71833006    0.68917736   -0.23258961   -0.68917736    0.68624823
    0.40059025   -0.60058453   -0.69197231   -0.60058453    0.39823839   -0.69332850    0.69197231    0.69332850   -0.20117137
    0.99536247    0.08238017    0.04966951    0.08238017   -0.46338520   -0.88231948   -0.04966951    0.88231948   -0.46802273
    0.31190608   -0.09573807   -0.94527711   -0.09573807    0.98667947   -0.13152130    0.94527711    0.13152130    0.29858554
    0.23231064    0.30805830    0.92256807    0.30805830    0.87638240   -0.37020801   -0.92256807    0.37020801    0.10869305
    0.99492111    0.06619115   -0.07583349    0.06619115    0.13735719    0.98830751    0.07583349   -0.98830751    0.13227830
    0.77333777    0.55629221    0.30411785    0.55629221   -0.36529595   -0.74638988   -0.30411785    0.74638988   -0.59195818
    0.62002990   -0.13712357    0.77250246   -0.13712357    0.95051486    0.27878061   -0.77250246   -0.27878061    0.57054476
    0.53025960    0.39971215   -0.74769977    0.39971215    0.65987638    0.63623373    0.74769977   -0.63623373    0.19013598
    0.96958381   -0.15713408   -0.18765959   -0.15713408    0.18822454   -0.96947429    0.18765959    0.96947429    0.15780835
   -0.81529623    0.45347135    0.36007749    0.45347135    0.88672027   -0.08994941   -0.36007749    0.08994941   -0.92857595
    0.31388738   -0.91775039   -0.24332885   -0.91775039   -0.22759115   -0.32547885    0.24332885    0.32547885   -0.91370378
    0.75359154    0.09049829   -0.65108360    0.09049829    0.96676274    0.23912309    0.65108360   -0.23912309    0.72035428
   -0.04145543   -0.07338960   -0.99644137   -0.07338960    0.99482836   -0.07021754    0.99644137    0.07021754   -0.04662707
    0.38488226   -0.25378913    0.88738758   -0.25378913    0.89529009    0.36612393   -0.88738758   -0.36612393    0.28017235
   -0.25154465    0.77828530   -0.57532364    0.77828530    0.51601566    0.35777064    0.57532364   -0.35777064   -0.73552898
   -0.13240803   -0.84141590   -0.52391544   -0.84141590    0.37480069   -0.38928617    0.52391544    0.38928617   -0.75760734
    0.38250003    0.57405741   -0.72398330    0.57405741    0.46632887    0.67304939    0.72398330   -0.67304939   -0.15117110
    0.67890247    0.01893593    0.73398424    0.01893593    0.99888330   -0.04328491   -0.73398424    0.04328491    0.67778578
    0.99884134    0.00409611   -0.04795006    0.00409611    0.98551942    0.16951311    0.04795006   -0.16951311    0.98436076
    0.51127663   -0.56903519    0.64404593   -0.56903519    0.33745536    0.74988188   -0.64404593   -0.74988188   -0.15126801
    0.60840761   -0.72443384    0.32409225   -0.72443384   -0.34018026    0.59956067   -0.32409225   -0.59956067   -0.73177265
    0.98157966   -0.02885524   -0.18886172   -0.02885524    0.95479862   -0.29584958    0.18886172    0.29584958    0.93637828
   -0.57932012   -0.14311070    0.80243849   -0.14311070    0.98703197    0.07271327   -0.80243849   -0.07271327   -0.59228815
    0.94448061   -0.17914623    0.27543240   -0.17914623    0.42194304    0.88874670   -0.27543240   -0.88874670    0.36642365
    0.82413281    0.49535236   -0.27464733    0.49535236   -0.39522304    0.77357921    0.27464733   -0.77357921   -0.57109023
    0.89457043    0.00085063    0.44692619    0.00085063    0.99999314   -0.00360591   -0.44692619    0.00360591    0.89456357
    0.65413898   -0.61244749    0.44385839   -0.61244749   -0.08451634    0.78598032   -0.44385839   -0.78598032   -0.43037736
    0.95894808    0.06518466    0.27598828    0.06518466    0.89649593   -0.43823055   -0.27598828    0.43823055    0.85544401
    0.38984270    0.73026727   -0.56101014    0.73026727    0.12597901    0.67144545    0.56101014   -0.67144545   -0.48417829
    0.98328836   -0.15766633    0.09102378   -0.15766633   -0.48750644    0.85876586   -0.09102378   -0.85876586   -0.50421808
    0.92176793    0.09355791   -0.37628552    0.09355791    0.88811388    0.45000072    0.37628552   -0.45000072    0.80988182
    0.05680191    0.98963853   -0.13186785    0.98963853   -0.03836556    0.13836065    0.13186785   -0.13836065   -0.98156365
    0.76215528    0.24507978   -0.59921218    0.24507978    0.74746508    0.61743976    0.59921218   -0.61743976    0.50962036
    0.55871690    0.22074352    0.79944213    0.22074352    0.88957723   -0.39990580   -0.79944213    0.39990580    0.44829412
   -0.05596706   -0.79380859    0.60558699   -0.79380859    0.40326540    0.45524162   -0.60558699   -0.45524162   -0.65270166
    0.52387510    0.19659261   -0.82879806    0.19659261    0.91882665    0.34221183    0.82879806   -0.34221183    0.44270175
    0.81472548    0.35503787    0.45844357    0.35503787    0.31964802   -0.87850626   -0.45844357    0.87850626    0.13437349
    0.96393357    0.20866716   -0.16519713    0.20866716   -0.20727177    0.95577007    0.16519713   -0.95577007   -0.24333820
    0.98364750    0.17223063    0.05267068    0.17223063   -0.81399756   -0.55474732   -0.05267068    0.55474732   -0.83035006
    0.55035714   -0.27528034   -0.78824346   -0.27528034    0.83146788   -0.48257839    0.78824346    0.48257839    0.38182502
    0.24905244   -0.38076153   -0.89050185   -0.38076153    0.80693813   -0.45152134    0.89050185    0.45152134    0.05599056
    0.99972243    0.02225730   -0.00772500    0.02225730   -0.78472939    0.61943878    0.00772500   -0.61943878   -0.78500696
    0.35723348   -0.74621364   -0.56173788   -0.74621364    0.13369041   -0.65214421    0.56173788    0.65214421   -0.50907611
    0.81572714   -0.40454557   -0.41343937   -0.40454557    0.11187616   -0.90764895    0.41343937    0.90764895   -0.07239670
   -0.36279789    0.07863850   -0.92854385    0.07863850    0.99546227    0.05358043    0.92854385   -0.05358043   -0.36733563
   -0.66044874   -0.51631671    0.54518300   -0.51631671    0.83945126    0.16952471   -0.54518300   -0.16952471   -0.82099748
