# Rotation matrices: 25 entries, row-major flattening of 3x3 -> 1x9
# https://github.com/Neurophysics-CFIN/GFO
# Col:  1    2    3    4    5    6    7    8    9
#       R11  R12  R13  R21  R22  R23  R31  R32  R33
# where Rij = R(i,j), i = row index, j = column index

    0.13208687   -0.58214829   -0.80228201   -0.58214829    0.60952701   -0.53812655    0.80228201    0.53812655   -0.25838612
   -0.31616110   -0.72541522    0.61140406   -0.72541522    0.60018022    0.33698140   -0.61140406   -0.33698140   -0.71598087
    0.86500722   -0.49375262    0.08927966   -0.49375262   -0.80596067    0.32655129   -0.08927966   -0.32655129   -0.94095345
   -0.10375402    0.47498880   -0.87385396    0.47498880    0.79559362    0.37605375    0.87385396   -0.37605375   -0.30816040
   -0.20947106    0.78469407   -0.58341846    0.78469407    0.49089747    0.37851670    0.58341846   -0.37851670   -0.71857359
    0.64727901    0.09181867   -0.75670286    0.09181867    0.97609820    0.19698133    0.75670286   -0.19698133    0.62337720
   -0.59779199   -0.20192039   -0.77580467   -0.20192039    0.97448238   -0.09804204    0.77580467    0.09804204   -0.62330961
    0.13863573   -0.86351191   -0.48489928   -0.86351191    0.13433509   -0.48610828    0.48489928    0.48610828   -0.72702918
    0.74722462    0.34128093    0.57024793    0.34128093    0.53922461   -0.76991178   -0.57024793    0.76991178    0.28644923
    0.93736270   -0.14294170   -0.31767726   -0.14294170    0.67379933   -0.72495665    0.31767726    0.72495665    0.61116202
    0.98039231    0.15120269    0.12636718    0.15120269   -0.16598409   -0.97446756   -0.12636718    0.97446756   -0.18559178
    0.84880143   -0.38335554    0.36410804   -0.38335554    0.02802342    0.92317561   -0.36410804   -0.92317561   -0.12317515
   -0.13744348   -0.10107326   -0.98533927   -0.10107326    0.99101863   -0.08755727    0.98533927    0.08755727   -0.14642485
   -0.83035079    0.41833550    0.36812087    0.41833550    0.90438740   -0.08413580   -0.36812087    0.08413580   -0.92596339
    0.99169546    0.07524545    0.10429877    0.07524545    0.31821887   -0.94502639   -0.10429877    0.94502639    0.30991433
    0.87388874    0.16301586   -0.45797849    0.16301586    0.78927995    0.59199915    0.45797849   -0.59199915    0.66316869
    0.31376949    0.29507733   -0.90248439    0.29507733    0.87311752    0.38806594    0.90248439   -0.38806594    0.18688701
   -0.94079274    0.10188176   -0.32330966    0.10188176    0.99465173    0.01697211    0.32330966   -0.01697211   -0.94614101
    0.86065247    0.46915853   -0.19790807    0.46915853   -0.57957391    0.66632151    0.19790807   -0.66632151   -0.71892145
    0.73581835   -0.53519958   -0.41488885   -0.53519958   -0.08424865   -0.84051387    0.41488885    0.84051387   -0.34843030
    0.99987856   -0.00298354    0.01529557   -0.00298354    0.92669746    0.37579637   -0.01529557   -0.37579637    0.92657603
    0.99999995    0.00013959   -0.00029103    0.00013959    0.62593562    0.77987472    0.00029103   -0.77987472    0.62593557
    0.55895965   -0.37120963   -0.74146310   -0.37120963    0.68756467   -0.62406589    0.74146310    0.62406589    0.24652432
    0.34692124   -0.11997640   -0.93018886   -0.11997640    0.97795926   -0.17088400    0.93018886    0.17088400    0.32488051
    0.55850850    0.58462500    0.58845718    0.58462500    0.22583697   -0.77923762   -0.58845718    0.77923762   -0.21565452
