# Rotation matrices: 85 entries, row-major flattening of 3x3 -> 1x9
# https://github.com/Neurophysics-CFIN/GFO
# Col:  1    2    3    4    5    6    7    8    9
#       R11  R12  R13  R21  R22  R23  R31  R32  R33
# where Rij = R(i,j), i = row index, j = column index

    0.95145633   -0.05688784    0.30248078   -0.05688784    0.93333370    0.35447422   -0.30248078   -0.35447422    0.88479003
    0.99578124   -0.01248690   -0.09090544   -0.01248690    0.96304066   -0.26906647    0.09090544    0.26906647    0.95882190
    0.99772707   -0.00880317    0.06680711   -0.00880317    0.96590484    0.25874766   -0.06680711   -0.25874766    0.96363191
    0.98430489    0.01650932    0.17570239    0.01650932    0.98263424   -0.18481717   -0.17570239    0.18481717    0.96693913
    0.87413069    0.04181921   -0.48388706    0.04181921    0.98610585    0.16076815    0.48388706   -0.16076815    0.86023654
    0.85049963   -0.00200347    0.52597182   -0.00200347    0.99997315    0.00704859   -0.52597182   -0.00704859    0.85047279
    0.99488808   -0.02639729   -0.09747253   -0.02639729    0.86368784   -0.50333537    0.09747253    0.50333537    0.85857592
    0.91509262    0.09389743   -0.39215911    0.09389743    0.89616064    0.43368120    0.39215911   -0.43368120    0.81125326
    0.84718114    0.13909750    0.51277285    0.13909750    0.87339183   -0.46673182   -0.51277285    0.46673182    0.72057297
    0.82009695   -0.04682995   -0.57030513   -0.04682995    0.98780985   -0.14845420    0.57030513    0.14845420    0.80790680
    0.95908392   -0.11255502    0.25978723   -0.11255502    0.69037523    0.71464216   -0.25978723   -0.71464216    0.64945914
    0.99759978    0.02494457    0.06459450    0.02494457    0.74076071   -0.67130569   -0.06459450    0.67130569    0.73836049
    0.86973807    0.17914346   -0.45985140    0.17914346    0.75363194    0.63241325    0.45985140   -0.63241325    0.62337001
    0.82634057   -0.08476661    0.55675478   -0.08476661    0.95862374    0.27176305   -0.55675478   -0.27176305    0.78496431
    0.93224706   -0.11277818   -0.34379719   -0.11277818    0.81227504   -0.57226771    0.34379719    0.57226771    0.74452210
    0.82689996   -0.32370153    0.45984103   -0.32370153    0.39466979    0.85991457   -0.45984103   -0.85991457    0.22156975
    0.56029845    0.33910197    0.75569538    0.33910197    0.73848137   -0.58279938   -0.75569538    0.58279938    0.29877981
    0.51591074    0.00434898   -0.85663131    0.00434898    0.99996093    0.00769583    0.85663131   -0.00769583    0.51587167
    0.73331026   -0.22599789    0.64123398   -0.22599789    0.80848515    0.54339371   -0.64123398   -0.54339371    0.54179540
    0.98020930   -0.08400186   -0.17925795   -0.08400186    0.64345309   -0.76086254    0.17925795    0.76086254    0.62366239
    0.67850982    0.25412823   -0.68923382    0.25412823    0.79911935    0.54481842    0.68923382   -0.54481842    0.47762917
    0.66926994   -0.01693991    0.74282621   -0.01693991    0.99913234    0.03804737   -0.74282621   -0.03804737    0.66840229
    0.69964731   -0.26683211   -0.66279278   -0.26683211    0.76294743   -0.58882242    0.66279278    0.58882242    0.46259474
    0.99890176    0.02695218   -0.03832564    0.02695218    0.33856029    0.94055862    0.03832564   -0.94055862    0.33746205
    0.91180929    0.20989878    0.35291121    0.20989878    0.50042926   -0.83994825   -0.35291121    0.83994825    0.41223855
    0.28469683    0.10616713   -0.95272045    0.10616713    0.98424240    0.14140522    0.95272045   -0.14140522    0.26893923
    0.43988571   -0.08144472    0.89435302   -0.08144472    0.98815734    0.13004548   -0.89435302   -0.13004548    0.42804306
    0.99339427   -0.06270052   -0.09610653   -0.06270052    0.40485662   -0.91222791    0.09610653    0.91222791    0.39825089
    0.92612759    0.22651587   -0.30162600    0.22651587    0.30543163    0.92487950    0.30162600   -0.92487950    0.23155922
    0.25782319    0.40499607    0.87721456    0.40499607    0.77899900   -0.47868439   -0.87721456    0.47868439    0.03682219
    0.20997605   -0.28855745   -0.93415451   -0.28855745    0.89460395   -0.34120136    0.93415451    0.34120136    0.10458001
    0.84868968   -0.23871271    0.47195559   -0.23871271    0.62339808    0.74457443   -0.47195559   -0.74457443    0.47208775
    0.93197149    0.13340695    0.33709307    0.13340695    0.73838302   -0.66105454   -0.33709307    0.66105454    0.67035451
    0.56078390    0.38270218   -0.73420737    0.38270218    0.66654009    0.63973693    0.73420737   -0.63973693    0.22732399
    0.23490463    0.03763666    0.97128950    0.03763666    0.99814857   -0.04777979   -0.97128950    0.04777979    0.23305320
    0.47039983   -0.38328872   -0.79486713   -0.38328872    0.72260159   -0.57527098    0.79486713    0.57527098    0.19300143
    0.98468297   -0.11509931   -0.13096411   -0.11509931    0.13509012   -0.98412540    0.13096411    0.98412540    0.11977309
    0.50858256    0.47796004    0.71616896    0.47796004    0.53512883   -0.69655677   -0.71616896    0.69655677    0.04371139
    0.05671800    0.21665519    0.97459920    0.21665519    0.95023814   -0.22384819   -0.97459920    0.22384819    0.00695614
    0.57211721   -0.48755592    0.65952340   -0.48755592    0.44444884    0.75150146   -0.65952340   -0.75150146    0.01656606
    0.90967439   -0.23132277   -0.34493809   -0.23132277    0.40758526   -0.88338215    0.34493809    0.88338215    0.31725965
    0.73882873    0.40888802   -0.53567032    0.40888802    0.35984761    0.83864193    0.53567032   -0.83864193    0.09867634
    0.36653465    0.23191357    0.90103743    0.23191357    0.91509575   -0.32987251   -0.90103743    0.32987251    0.28163040
    0.34369922   -0.41140598    0.84416584   -0.41140598    0.74210775    0.52917030   -0.84416584   -0.52917030    0.08580697
    0.83869560   -0.35750594   -0.41082746   -0.35750594    0.20764411   -0.91053470    0.41082746    0.91053470    0.04633970
    0.88637180    0.30357649    0.34955163    0.30357649    0.18894530   -0.93388489   -0.34955163    0.93388489    0.07531710
    0.37359413    0.29127214   -0.88067472    0.29127214    0.86456152    0.40950449    0.88067472   -0.40950449    0.23815565
    0.21326303   -0.19916503    0.95647905   -0.19916503    0.94958072    0.24213580   -0.95647905   -0.24213580    0.16284375
    0.63329793   -0.35912329    0.68553935   -0.35912329    0.64829886    0.67137102   -0.68553935   -0.67137102    0.28159679
    0.99164573    0.08871214   -0.09364238    0.08871214    0.05798512    0.99436808    0.09364238   -0.99436808    0.04963086
    0.54622606    0.16029819   -0.82215667    0.16029819    0.94337376    0.29043146    0.82215667   -0.29043146    0.48959982
    0.04987452   -0.05231286   -0.99738453   -0.05231286    0.99711971   -0.05491489    0.99738453    0.05491489    0.04699424
    0.72129255   -0.36202784   -0.59048531   -0.36202784    0.52974290   -0.76701259    0.59048531    0.76701259    0.25103545
    0.96568375   -0.13747046    0.22035602   -0.13747046    0.44929516    0.88274330   -0.22035602   -0.88274330    0.41497890
    0.75830614    0.35621209    0.54597138    0.35621209    0.47500920   -0.80466093   -0.54597138    0.80466093    0.23331534
    0.32834885   -0.10728415   -0.93844400   -0.10728415    0.98286329   -0.14989949    0.93844400    0.14989949    0.31121214
    0.47626626   -0.26407507    0.83871020   -0.26407507    0.86684905    0.42289133   -0.83871020   -0.42289133    0.34311531
    0.98415965    0.10800889    0.14058404    0.10800889    0.26353166   -0.95858497   -0.14058404    0.95858497    0.24769131
    0.80548777    0.28904922   -0.51733934    0.28904922    0.57046683    0.76877704    0.51733934   -0.76877704    0.37595460
    0.51222971    0.08869553    0.85425630    0.08869553    0.98387172   -0.15533687   -0.85425630    0.15533687    0.49610143
    0.50781734   -0.22626464   -0.83121950   -0.22626464    0.89598234   -0.38212558    0.83121950    0.38212558    0.40379968
    0.96811579   -0.16145575    0.19153030   -0.16145575    0.18241785    0.96987410   -0.19153030   -0.96987410    0.15053364
    0.78518514    0.24954244    0.56675644    0.24954244    0.71011581   -0.65837991   -0.56675644    0.65837991    0.49530096
    0.76292476    0.13612246   -0.63199406    0.13612246    0.92184201    0.36287461    0.63199406   -0.36287461    0.68476677
    0.64751787   -0.14418067    0.74828641   -0.14418067    0.94102377    0.30608200   -0.74828641   -0.30608200    0.58854164
    0.87374726   -0.20842137   -0.43946133   -0.20842137    0.65593247   -0.72547441    0.43946133    0.72547441    0.52967973
    0.95340791    0.14516935   -0.26446023    0.14516935    0.54768841    0.82399227    0.26446023   -0.82399227    0.50109633
    0.64138162    0.20313945    0.73984051    0.20313945    0.88493162   -0.41908279   -0.73984051    0.41908279    0.52631325
    0.64841690   -0.10845133   -0.75352096   -0.10845133    0.96654649   -0.23243537    0.75352096    0.23243537    0.61496338
    0.88696511   -0.13510941    0.44163145   -0.13510941    0.83850516    0.52787740   -0.44163145   -0.52787740    0.72547027
    0.99060678    0.06532038    0.12013100    0.06532038    0.54576257   -0.83539001   -0.12013100    0.83539001    0.53636935
    0.97920409    0.07133606   -0.18992237    0.07133606    0.75529637    0.65148949    0.18992237   -0.65148949    0.73450047
    0.74845232    0.08767737    0.65736732    0.08767737    0.96943990   -0.22912650   -0.65736732    0.22912650    0.71789223
    0.79544513   -0.15371579   -0.58620687   -0.15371579    0.88448798   -0.44051386    0.58620687    0.44051386    0.67993312
    1.00000000    0.00003489   -0.00007025    0.00003489    0.60422518    0.79681361    0.00007025   -0.79681361    0.60422518
    0.97661230    0.05133325    0.20879011    0.05133325    0.88732955   -0.45826976   -0.20879011    0.45826976    0.86394185
    0.71728848    0.03342771   -0.69597401    0.03342771    0.99604752    0.08229173    0.69597401   -0.08229173    0.71333600
    0.99295238   -0.03521745    0.11316050   -0.03521745    0.82401590    0.56547107   -0.11316050   -0.56547107    0.81696828
    0.92770965   -0.06528230   -0.36755003   -0.06528230    0.94104637   -0.33191858    0.36755003    0.33191858    0.86875602
    0.97368132    0.02264888   -0.22678563    0.02264888    0.98050921    0.19516329    0.22678563   -0.19516329    0.95419053
    0.95618635   -0.01118498    0.29254497   -0.01118498    0.99714464    0.07468242   -0.29254497   -0.07468242    0.95333099
    0.94688638   -0.01182159   -0.32135094   -0.01182159    0.99736885   -0.07152362    0.32135094    0.07152362    0.94425523
    0.99256200    0.02775795   -0.11853346    0.02775795    0.89640985    0.44235606    0.11853346   -0.44235606    0.88897184
    0.90879180    0.05577185    0.41350571    0.05577185    0.96589672   -0.25284982   -0.41350571    0.25284982    0.87468851
    0.99964588    0.00001845   -0.02661031    0.00001845    0.99999904    0.00138624    0.02661031   -0.00138624    0.99964492
