# Rotation matrices: 26 entries, row-major flattening of 3x3 -> 1x9
# https://github.com/Neurophysics-CFIN/GFO
# Col:  1    2    3    4    5    6    7    8    9
#       R11  R12  R13  R21  R22  R23  R31  R32  R33
# where Rij = R(i,j), i = row index, j = column index

    0.86069263   -0.25962990    0.43795036   -0.25962990    0.51612264    0.81621672   -0.43795036   -0.81621672    0.37681527
    0.87707780   -0.26636525   -0.39973001   -0.26636525    0.42280199   -0.86619168    0.39973001    0.86619168    0.29987980
    0.90538465   -0.01162696   -0.42443309   -0.01162696    0.99857120   -0.05215715    0.42443309    0.05215715    0.90395585
    0.99881438    0.00270794    0.04860549    0.00270794    0.99381506   -0.11101483   -0.04860549    0.11101483    0.99262944
    0.96287574    0.05948114   -0.26331026    0.05948114    0.90469825    0.42188039    0.26331026   -0.42188039    0.86757400
    0.69680028   -0.18641586    0.69261713   -0.18641586    0.88538619    0.42584083   -0.69261713   -0.42584083    0.58218648
    0.99193723   -0.08473479    0.09423670   -0.08473479    0.10948953    0.99036966   -0.09423670   -0.99036966    0.10142676
    0.96294828    0.13356946   -0.23428576    0.13356946    0.51848930    0.84458750    0.23428576   -0.84458750    0.48143758
    0.96309573   -0.03686730    0.26662224   -0.03686730    0.96316963    0.26635515   -0.26662224   -0.26635515    0.92626536
    0.78256861   -0.18938706   -0.59305895   -0.18938706    0.83504011   -0.51656613    0.59305895    0.51656613    0.61760871
    0.50187727   -0.47853162    0.72050447   -0.47853162    0.54028897    0.69216712   -0.72050447   -0.69216712    0.04216624
    0.73341900    0.20501247   -0.64812534    0.20501247    0.84233643    0.49843679    0.64812534   -0.49843679    0.57575542
    0.44808387    0.16835517    0.87799623    0.16835517    0.94864535   -0.26782186   -0.87799623    0.26782186    0.39672922
    0.28242598   -0.15884804    0.94604591   -0.15884804    0.96483610    0.20942444   -0.94604591   -0.20942444    0.24726208
    0.99915978    0.01917491    0.03622226    0.01917491    0.56240268   -0.82664112   -0.03622226    0.82664112    0.56156246
    0.93845846    0.21415968    0.27098220    0.21415968    0.25474130   -0.94299656   -0.27098220    0.94299656    0.19319975
    0.30125100    0.37880441   -0.87507431    0.37880441    0.79464331    0.47439353    0.87507431   -0.47439353    0.09589432
    0.16876721    0.05808990   -0.98394268    0.05808990    0.99594044    0.06876188    0.98394268   -0.06876188    0.16470765
    0.98384578   -0.04911570   -0.17214855   -0.04911570    0.85066737   -0.52340488    0.17214855    0.52340488    0.83451316
    0.70024847    0.41755900   -0.57904799    0.41755900    0.41833320    0.80662372    0.57904799   -0.80662372    0.11858167
    0.74729285    0.27447878    0.60515684    0.27447878    0.70187389   -0.65729327   -0.60515684    0.65729327    0.44916674
    0.38833280   -0.27459376   -0.87965669   -0.27459376    0.87672752   -0.39490141    0.87965669    0.39490141    0.26506032
    0.76137453    0.01317333    0.64817844    0.01317333    0.99927277   -0.03578273   -0.64817844    0.03578273    0.76064730
    0.92057834    0.09302452    0.37931776    0.09302452    0.89104281   -0.44428498   -0.37931776    0.44428498    0.81162115
    0.98365324   -0.06536241    0.16779171   -0.06536241    0.73864883    0.67091405   -0.16779171   -0.67091405    0.72230207
    0.62734018    0.00476214   -0.77873078    0.00476214    0.99993915    0.00995122    0.77873078   -0.00995122    0.62727932
