# Rotation matrices: 76 entries, row-major flattening of 3x3 -> 1x9
# https://github.com/Neurophysics-CFIN/GFO
# Col:  1    2    3    4    5    6    7    8    9
#       R11  R12  R13  R21  R22  R23  R31  R32  R33
# where Rij = R(i,j), i = row index, j = column index

    0.26737885   -0.77357283    0.57453776   -0.77357283    0.18318641    0.60665297   -0.57453776   -0.60665297   -0.54943475
   -0.80021677    0.50062759    0.33018955    0.50062759    0.86077900   -0.09182339   -0.33018955    0.09182339   -0.93943777
    0.97890209   -0.15483553   -0.13332910   -0.15483553   -0.13632325   -0.97848962    0.13332910    0.97848962   -0.15742115
   -0.07162932    0.97723639   -0.19969548    0.97723639    0.10884209    0.18210559    0.19969548   -0.18210559   -0.96278724
   -0.04311076    0.64282492    0.76479905    0.64282492    0.60385427   -0.47131322   -0.76479905    0.47131322   -0.43925649
   -0.48957863   -0.86959659    0.06414466   -0.86959659    0.49234084    0.03744682   -0.06414466   -0.03744682   -0.99723778
    0.47466637   -0.61174918    0.63281496   -0.61174918    0.28762021    0.73691082   -0.63281496   -0.73691082   -0.23771342
    0.30933984    0.35953887   -0.88036394    0.35953887    0.81283385    0.45829349    0.88036394   -0.45829349    0.12217369
   -0.45363728    0.05089972    0.88973166    0.05089972    0.99821772   -0.03115433   -0.88973166    0.03115433   -0.45541956
    0.78835104    0.24867231   -0.56272970    0.24867231    0.70782791    0.66116695    0.56272970   -0.66116695    0.49617895
    0.77248901   -0.61871675   -0.14300457   -0.61871675   -0.68260190   -0.38890132    0.14300457    0.38890132   -0.91011288
    0.91808090    0.26181836    0.29762158    0.26181836    0.16321281   -0.95121645   -0.29762158    0.95121645    0.08129371
    0.95868679    0.21698703    0.18394637    0.21698703   -0.13966870   -0.96613109   -0.18394637    0.96613109   -0.18098191
   -0.15857933   -0.00968788    0.98729871   -0.00968788    0.99991899    0.00825565   -0.98729871   -0.00825565   -0.15866034
    0.97421891    0.05722558   -0.21822639    0.05722558    0.87297798    0.48439104    0.21822639   -0.48439104    0.84719689
    0.70365559    0.45547387    0.54535526    0.45547387    0.29994816   -0.83819726   -0.54535526    0.83819726    0.00360375
    0.69465221   -0.23704681    0.67916648   -0.23704681    0.81597643    0.52724878   -0.67916648   -0.52724878    0.51062864
    0.94350107   -0.13505494   -0.30259857   -0.13505494    0.67716490   -0.72333108    0.30259857    0.72333108    0.62066597
    0.84053627   -0.02885102   -0.54098651   -0.02885102    0.99478012   -0.09787812    0.54098651    0.09787812    0.83531639
    0.13585174   -0.56194804   -0.81594038   -0.56194804    0.63457012   -0.53059888    0.81594038    0.53059888   -0.22957814
    0.97949611   -0.19822692    0.03596483   -0.19822692   -0.91641204    0.34769966   -0.03596483   -0.34769966   -0.93691594
    0.90189801   -0.10796447   -0.41823875   -0.10796447    0.88118156   -0.46028549    0.41823875    0.46028549    0.78307957
   -0.38208512   -0.63516123   -0.67125343   -0.63516123    0.70810062   -0.30848618    0.67125343    0.30848618   -0.67398450
    0.02807826    0.48289916   -0.87522569    0.48289916    0.76007163    0.43485575    0.87522569   -0.43485575   -0.21185012
    0.45004775   -0.19269115    0.87196740   -0.19269115    0.93248527    0.30551816   -0.87196740   -0.30551816    0.38253302
    0.68731283    0.32999322    0.64707461    0.32999322    0.65174290   -0.68288774   -0.64707461    0.68288774    0.33905573
    0.98968551    0.05512468   -0.13222657    0.05512468    0.70539218    0.70667046    0.13222657   -0.70667046    0.69507769
    0.72597435   -0.54757036    0.41608646   -0.54757036   -0.09417970    0.83144265   -0.41608646   -0.83144265   -0.36820534
   -0.17148575   -0.05348173   -0.98373388   -0.05348173    0.99755840   -0.04491031    0.98373388    0.04491031   -0.17392734
   -0.68291597    0.04359005    0.72919523    0.04359005    0.99887095   -0.01888725   -0.72919523    0.01888725   -0.68404502
    0.98676818   -0.04872703   -0.15464228   -0.04872703    0.82055956   -0.56948018    0.15464228    0.56948018    0.80732775
    0.88112934   -0.19088405    0.43263653   -0.19088405    0.69347592    0.69473335   -0.43263653   -0.69473335    0.57460525
   -0.48758680   -0.74812022   -0.45008359   -0.74812022    0.62376389   -0.22635092    0.45008359    0.22635092   -0.86382291
   -0.39222895    0.58542608    0.70952995    0.58542608    0.75383094   -0.29835419   -0.70952995    0.29835419   -0.63839802
    0.94111936    0.07417886    0.32983608    0.07417886    0.90654817   -0.41553329   -0.32983608    0.41553329    0.84766753
    0.99999661    0.00113387    0.00234418    0.00113387    0.62079571   -0.78397156   -0.00234418    0.78397156    0.62079232
   -0.83085282    0.32187033   -0.45396374    0.32187033    0.94341407    0.07980841    0.45396374   -0.07980841   -0.88743875
    0.47703405   -0.64526030   -0.59672244   -0.64526030    0.20384712   -0.73626456    0.59672244    0.73626456   -0.31911883
   -0.42485234    0.75399167    0.50099605    0.75399167    0.60100887   -0.26511298   -0.50099605    0.26511298   -0.82384347
    0.98739169   -0.08649339   -0.13257655   -0.08649339    0.40665263   -0.90947927    0.13257655    0.90947927    0.39404432
    0.85462723    0.28057244    0.43691121    0.28057244    0.45848943   -0.84324762   -0.43691121    0.84324762    0.31311666
    0.71835790    0.68715554    0.10853199    0.68715554   -0.67653463   -0.26479834   -0.10853199    0.26479834   -0.95817673
    0.15457952   -0.26359385    0.95216777   -0.26359385    0.91781401    0.29687661   -0.95216777   -0.29687661    0.07239353
    0.99963015    0.02019966   -0.01820798    0.02019966   -0.10323051    0.99445233    0.01820798   -0.99445233   -0.10360035
    0.60296688    0.38707265   -0.69757129    0.38707265    0.62263795    0.68007114    0.69757129   -0.68007114    0.22560483
    0.99192936   -0.04158505    0.11977828   -0.04158505    0.78572761    0.61717324   -0.11977828   -0.61717324    0.77765697
    0.36519714    0.12423274    0.92260353    0.12423274    0.97568730   -0.18055615   -0.92260353    0.18055615    0.34088444
    0.95124473   -0.03682357   -0.30623111   -0.03682357    0.97218812   -0.23128830    0.30623111    0.23128830    0.92343285
    0.55367981   -0.47878267    0.68132652   -0.47878267    0.48639375    0.73088185   -0.68132652   -0.73088185    0.04007355
    0.74999662   -0.12866094   -0.64880770   -0.12866094    0.93378634   -0.33390032    0.64880770    0.33390032    0.68378297
    0.78513152   -0.42557761   -0.44994689   -0.42557761    0.15708300   -0.89118384    0.44994689    0.89118384   -0.05778549
    0.50500544   -0.04028454    0.86217554   -0.04028454    0.99672149    0.07016713   -0.86217554   -0.07016713    0.50172693
    0.98971335    0.04463305    0.13592419    0.04463305    0.80634043   -0.58976521   -0.13592419    0.58976521    0.79605378
   -0.06742972    0.66396154   -0.74472028    0.66396154    0.58700332    0.46323015    0.74472028   -0.46323015   -0.48042640
    0.29043586   -0.20589599   -0.93448053   -0.20589599    0.94025465   -0.27116053    0.93448053    0.27116053    0.23069051
    0.94098432    0.15925134   -0.29864279    0.15925134    0.57026693    0.80587508    0.29864279   -0.80587508    0.51125125
    0.84876146    0.29588331   -0.43824315    0.29588331    0.42113346    0.85737954    0.43824315   -0.85737954    0.26989491
   -0.44943205   -0.87141030   -0.19660853   -0.87141030    0.47610106   -0.11820264    0.19660853    0.11820264   -0.97333099
    0.73761655   -0.01097516    0.67513063   -0.01097516    0.99954092    0.02823985   -0.67513063   -0.02823985    0.73715748
    0.93590253   -0.31053020   -0.16630528   -0.31053020   -0.50441206   -0.80569192    0.16630528    0.80569192   -0.56850953
    0.87801983    0.14326653   -0.45667919    0.14326653    0.83173251    0.53637276    0.45667919   -0.53637276    0.70975234
    0.94019173    0.14565293    0.30793624    0.14565293    0.64528692   -0.74992667   -0.30793624    0.74992667    0.58547865
    0.28461799    0.80801537   -0.51585247    0.80801537    0.08735638    0.58264915    0.51585247   -0.58264915   -0.62802563
    0.56341042   -0.28847803   -0.77417641   -0.28847803    0.80938717   -0.51153968    0.77417641    0.51153968    0.37279759
    0.46700526    0.45951399    0.75548195    0.45951399    0.60383642   -0.65132824   -0.75548195    0.65132824    0.07084168
   -0.49294669    0.38602003   -0.77973848    0.38602003    0.90018970    0.20161113    0.77973848   -0.20161113   -0.59275700
    0.53901021   -0.13613140   -0.83122575   -0.13613140    0.95980007   -0.24546297    0.83122575    0.24546297    0.49881028
    0.99803553    0.05263660    0.03397759    0.05263660   -0.41035824   -0.91040403   -0.03397759    0.91040403   -0.41232272
    0.02631675    0.21627451   -0.97597785    0.21627451    0.95196111    0.21678419    0.97597785   -0.21678419   -0.02172214
    0.37083021    0.17813106   -0.91145723    0.17813106    0.94956739    0.25805250    0.91145723   -0.25805250    0.32039761
    0.91210995   -0.30392064    0.27511395   -0.30392064   -0.05094666    0.95133416   -0.27511395   -0.95133416   -0.13883671
    0.98182225    0.10537086    0.15786716    0.10537086    0.38919715   -0.91510795   -0.15786716    0.91510795    0.37101940
    0.81195150    0.10474912    0.57424940    0.10474912    0.94165133   -0.31987558   -0.57424940    0.31987558    0.75360284
    0.91606613   -0.22139331    0.33437679   -0.22139331    0.41602835    0.88198946   -0.33437679   -0.88198946    0.33209449
    0.90504060   -0.11481519    0.40953509   -0.11481519    0.86117722    0.49516792   -0.40953509   -0.49516792    0.76621782
    0.33721542   -0.41111510   -0.84691802   -0.41111510    0.74499161   -0.52533025    0.84691802    0.52533025    0.08220703
