# Rotation matrices: 93 entries, row-major flattening of 3x3 -> 1x9
# https://github.com/Neurophysics-CFIN/GFO
# Col:  1    2    3    4    5    6    7    8    9
#       R11  R12  R13  R21  R22  R23  R31  R32  R33
# where Rij = R(i,j), i = row index, j = column index

    0.99393487    0.01839116    0.10842156    0.01839116    0.94423287   -0.32876443   -0.10842156    0.32876443    0.93816774
    0.97239405    0.01063844   -0.23310219    0.01063844    0.99590029    0.08983002    0.23310219   -0.08983002    0.96829434
    0.98545502   -0.03781066    0.16567666   -0.03781066    0.90170864    0.43068769   -0.16567666   -0.43068769    0.88716366
    0.88446527    0.00171440    0.46660288    0.00171440    0.99997456   -0.00692385   -0.46660288    0.00692385    0.88443983
    0.92031592   -0.02157830   -0.39058033   -0.02157830    0.99415664   -0.10576841    0.39058033    0.10576841    0.91447255
    0.93347390   -0.04356760    0.35598926   -0.04356760    0.97146780    0.23313552   -0.35598926   -0.23313552    0.90494170
    0.99866355    0.01892195    0.04809433    0.01892195    0.73209520   -0.68093948   -0.04809433    0.68093948    0.73075876
    0.92423923    0.05828104   -0.37733958    0.05828104    0.95516572    0.29027878    0.37733958   -0.29027878    0.87940495
    0.96550559    0.01681260    0.25983897    0.01681260    0.99180552   -0.12664572   -0.25983897    0.12664572    0.95731111
    0.80142993   -0.15968770   -0.57637653   -0.15968770    0.87158105   -0.46351517    0.57637653    0.46351517    0.67301098
    0.99969136   -0.00825054    0.02343298   -0.00825054    0.77944402    0.62641755   -0.02343298   -0.62641755    0.77913538
    0.85403226    0.24289028    0.46003610    0.24289028    0.59583063   -0.76549995   -0.46003610    0.76549995    0.44986289
    0.78901100    0.12710070   -0.60108823    0.12710070    0.92343398    0.36209818    0.60108823   -0.36209818    0.71244498
    0.55345191   -0.15251627    0.81879776   -0.15251627    0.94790883    0.27965629   -0.81879776   -0.27965629    0.50136074
    0.94462300   -0.10606624   -0.31054362   -0.10606624    0.79684620   -0.59479920    0.31054362    0.59479920    0.74146920
    0.98399610    0.04442183   -0.17256410    0.04442183    0.87669884    0.47898419    0.17256410   -0.47898419    0.86069494
    0.75670940    0.14749092    0.63689663    0.14749092    0.91058605   -0.38610810   -0.63689663    0.38610810    0.66729545
    0.79355775   -0.06598492   -0.60490668   -0.06598492    0.97890931   -0.19334567    0.60490668    0.19334567    0.77246706
    0.73377208   -0.17285272    0.65703917   -0.17285272    0.88777262    0.42659316   -0.65703917   -0.42659316    0.62154470
    0.98225118   -0.08006845   -0.16962212   -0.08006845    0.63879533   -0.76519904    0.16962212    0.76519904    0.62104651
    0.90668753    0.12373845   -0.40324499    0.12373845    0.83591471    0.53472927    0.40324499   -0.53472927    0.74260224
    0.57313296    0.08797171    0.81472669    0.08797171    0.98187018   -0.16790450   -0.81472669    0.16790450    0.55500314
    0.39497061   -0.20527568   -0.89546642   -0.20527568    0.93035362   -0.30381579    0.89546642    0.30381579    0.32532424
    0.94391274   -0.15908620    0.28934463   -0.15908620    0.54876705    0.82069867   -0.28934463   -0.82069867    0.49267980
    0.71542849    0.26186660    0.64775609    0.26186660    0.75902676   -0.59607404   -0.64775609    0.59607404    0.47445525
    0.67759821    0.06220061   -0.73279721    0.06220061    0.98799971    0.14137773    0.73279721   -0.14137773    0.66559792
    0.36649307   -0.24930688    0.89639774   -0.24930688    0.90188913    0.35276350   -0.89639774   -0.35276350    0.26838219
    0.93494506   -0.18158953   -0.30479989   -0.18158953    0.49312446   -0.85079581    0.30479989    0.85079581    0.42806952
    0.98610848    0.08899921   -0.14024692    0.08899921    0.42980594    0.89852434    0.14024692   -0.89852434    0.41591442
    0.37914735    0.33290386    0.86337843    0.33290386    0.82149552   -0.46294723   -0.86337843    0.46294723    0.20064286
    0.16267431   -0.08171589   -0.98329018   -0.08171589    0.99202522   -0.09596078    0.98329018    0.09596078    0.15469953
    0.61411720   -0.41211229    0.67307023   -0.41211229    0.55987534    0.71882061   -0.67307023   -0.71882061    0.17399253
    0.95130841    0.17313276    0.25502422    0.17313276    0.38439152   -0.90679005   -0.25502422    0.90679005    0.33569993
    0.80318266    0.22208244   -0.55279020    0.22208244    0.74940922    0.62375092    0.55279020   -0.62375092    0.55259188
    0.40637631   -0.02410060    0.91338790   -0.02410060    0.99902154    0.03708274   -0.91338790   -0.03708274    0.40539784
    0.89641358   -0.27348454   -0.34878202   -0.27348454    0.27795753   -0.92083974    0.34878202    0.92083974    0.17437111
    0.99900134   -0.02031930    0.03979266   -0.02031930    0.58657356    0.80964102   -0.03979266   -0.80964102    0.58557489
    0.88123084    0.31563612    0.35186084    0.31563612    0.16117822   -0.93509113   -0.35186084    0.93509113    0.04240906
    0.24322824    0.13195601   -0.96095142    0.13195601    0.97699123    0.16755820    0.96095142   -0.16755820    0.22021947
    0.35787406   -0.41259719    0.83766922   -0.41259719    0.73488621    0.53824327   -0.83766922   -0.53824327    0.09276028
    0.99255541   -0.07297550   -0.09751072   -0.07297550    0.28465887   -0.95584722    0.09751072    0.95584722    0.27721427
    0.79008297    0.32966371   -0.51680822    0.32966371    0.48228040    0.81162027    0.51680822   -0.81162027    0.27236337
    0.12707111    0.32155735   -0.93832500    0.32155735    0.88154920    0.34564705    0.93832500   -0.34564705    0.00862030
    0.55595593   -0.44764156   -0.70037850   -0.44764156    0.54873181   -0.70605271    0.70037850    0.70605271    0.10468774
    0.97035131   -0.16881774    0.17297085   -0.16881774    0.03876278    0.98488477   -0.17297085   -0.98488477    0.00911409
    0.64002681    0.46591269   -0.61097549    0.46591269    0.39697000    0.79078454    0.61097549   -0.79078454    0.03699681
    0.40189407    0.29926544   -0.86540242    0.29926544    0.85026097    0.43300864    0.86540242   -0.43300864    0.25215504
    0.40730941   -0.35920165   -0.83968638   -0.35920165    0.78230492   -0.50889409    0.83968638    0.50889409    0.18961433
    0.74207180   -0.43429838    0.51060196   -0.43429838    0.26873030    0.85974935   -0.51060196   -0.85974935    0.01080209
    0.98968449    0.09412011    0.10800930    0.09412011    0.14123509   -0.98549178   -0.10800930    0.98549178    0.13091959
    0.38891448    0.46105359   -0.79760586    0.46105359    0.65214293    0.60178001    0.79760586   -0.60178001    0.04105741
    0.12155980   -0.29369361   -0.94813885   -0.29369361    0.90180784   -0.31699634    0.94813885    0.31699634    0.02336764
    0.90350179   -0.26023949    0.34052890   -0.26023949    0.29817775    0.91834930   -0.34052890   -0.91834930    0.20167953
    0.92291614    0.23486720   -0.30506262    0.23486720    0.28438196    0.92949680    0.30506262   -0.92949680    0.20729810
    0.59045911    0.38718773    0.70812689    0.38718773    0.63394537   -0.66947661   -0.70812689    0.66947661    0.22440448
    0.05512762    0.08666469    0.99471110    0.08666469    0.99205102   -0.09123595   -0.99471110    0.09123595    0.04717865
    0.60933008   -0.29458189    0.73616463   -0.29458189    0.77787261    0.55509973   -0.73616463   -0.55509973    0.38720269
    0.99921773    0.02004794    0.03408832    0.02004794    0.48621520   -0.87360910   -0.03408832    0.87360910    0.48543292
    0.62099982    0.34620677   -0.70320701    0.34620677    0.68374916    0.64236124    0.70320701   -0.64236124    0.30474898
    0.31004127    0.14703633    0.93928416    0.14703633    0.96866525   -0.20016979   -0.93928416    0.20016979    0.27870652
    0.64984670   -0.28901218   -0.70297314   -0.28901218    0.76145294   -0.58022528    0.70297314    0.58022528    0.41129964
    0.99147999   -0.07570611    0.10600006   -0.07570611    0.32729944    0.94188304   -0.10600006   -0.94188304    0.31877943
    0.78181467    0.35465356    0.51282226    0.35465356    0.42352151   -0.83357686   -0.51282226    0.83357686    0.20533618
    0.48954044    0.12979152   -0.86226696    0.12979152    0.96699868    0.21924351    0.86226696   -0.21924351    0.45653912
    0.18667253   -0.10728327    0.97654681   -0.10728327    0.98584863    0.12881298   -0.97654681   -0.12881298    0.17252116
    0.76802899   -0.32836487   -0.54982541   -0.32836487    0.53518552   -0.77830134    0.54982541    0.77830134    0.30321451
    0.99599518    0.05904264   -0.06713843    0.05904264    0.12954068    0.98981472    0.06713843   -0.98981472    0.12553586
    0.54918193    0.22046997    0.80609690    0.22046997    0.89218044   -0.39421701   -0.80609690    0.39421701    0.44136237
    0.41355636   -0.02932247   -0.91000623   -0.02932247    0.99853386   -0.04550076    0.91000623    0.04550076    0.41209022
    0.80614234   -0.29745878    0.51152009   -0.29745878    0.54357374    0.78488589   -0.51152009   -0.78488589    0.34971609
    0.95922245    0.12077178    0.25555132    0.12077178    0.64230756   -0.75687197   -0.25555132    0.75687197    0.60153001
    0.63227132    0.22105356   -0.74254178    0.22105356    0.86711758    0.44636579    0.74254178   -0.44636579    0.49938891
    0.65424849   -0.03302646    0.75555818   -0.03302646    0.99684529    0.07217152   -0.75555818   -0.07217152    0.65109378
    0.84976198   -0.21099964   -0.48309805   -0.21099964    0.70366456   -0.67848017    0.48309805    0.67848017    0.55342654
    0.97299236    0.09024561   -0.21246553    0.09024561    0.69844573    0.70995021    0.21246553   -0.70995021    0.67143808
    0.87820904    0.15570565    0.45222189    0.15570565    0.80093558   -0.57815046   -0.45222189    0.57815046    0.67914461
    0.62622754   -0.04969170   -0.77805514   -0.04969170    0.99339367   -0.10343962    0.77805514    0.10343962    0.61962121
    0.89463015   -0.11140551    0.43269586   -0.11140551    0.88221311    0.45748098   -0.43269586   -0.45748098    0.77684326
    0.99604723   -0.02316398   -0.08575164   -0.02316398    0.86425461   -0.50252104    0.08575164    0.50252104    0.86030184
    0.90730089    0.19801043   -0.37094065    0.19801043    0.57703875    0.79234976    0.37094065   -0.79234976    0.48433964
    0.77534705    0.05231005    0.62936524    0.05231005    0.98781969   -0.14654661   -0.62936524    0.14654661    0.76316674
    0.62065057   -0.17520467   -0.76426186   -0.17520467    0.91908074   -0.35297864    0.76426186    0.35297864    0.53973131
    0.82963208   -0.21223057    0.51639984   -0.21223057    0.73562034    0.64328913   -0.51639984   -0.64328913    0.56525242
    0.96900148    0.06801805    0.23750720    0.06801805    0.85075238   -0.52114675   -0.23750720    0.52114675    0.81975386
    0.83878801    0.02605909   -0.54383417    0.02605909    0.99578768    0.08790800    0.54383417   -0.08790800    0.83457569
    0.80283585   -0.07056654    0.59200925   -0.07056654    0.97474370    0.21188460   -0.59200925   -0.21188460    0.77757955
    0.91678915   -0.07830997   -0.39161869   -0.07830997    0.92630226   -0.36855348    0.39161869    0.36855348    0.84309141
    0.95567266   -0.10550505    0.27487897   -0.10550505    0.74888373    0.65424907   -0.27487897   -0.65424907    0.70455639
    0.90527445    0.07373254    0.41837984    0.07373254    0.94260802   -0.32565876   -0.41837984    0.32565876    0.84788247
    0.98486487   -0.02373996   -0.17169042   -0.02373996    0.96276307   -0.26930221    0.17169042    0.26930221    0.94762794
    0.98932245   -0.00915955    0.14545509   -0.00915955    0.99214264    0.12477611   -0.14545509   -0.12477611    0.98146510
    0.99974768   -0.00077209   -0.02244972   -0.00077209    0.99763748   -0.06869392    0.02244972    0.06869392    0.99738516
    0.99840911    0.00797213   -0.05581837    0.00797213    0.96005067    0.27971263    0.05581837   -0.27971263    0.95845978
