# Rotation matrices: 36 entries, row-major flattening of 3x3 -> 1x9
# https://github.com/Neurophysics-CFIN/GFO
# Col:  1    2    3    4    5    6    7    8    9
#       R11  R12  R13  R21  R22  R23  R31  R32  R33
# where Rij = R(i,j), i = row index, j = column index

    0.92189196    0.33995195   -0.18587062    0.33995195   -0.47958298    0.80897023    0.18587062   -0.80897023   -0.55769102
    0.76765256    0.47858761   -0.42621996    0.47858761    0.01420864    0.87792483    0.42621996   -0.87792483   -0.21813881
    0.98197574   -0.02666010    0.18711732   -0.02666010    0.96056643    0.27676953   -0.18711732   -0.27676953    0.94254217
    0.82533565    0.14268327   -0.54631726    0.14268327    0.88344206    0.44628647    0.54631726   -0.44628647    0.70877771
    0.32845417   -0.20081646   -0.92292503   -0.20081646    0.93994863   -0.27598792    0.92292503    0.27598792    0.26840280
    0.99885825   -0.03734570    0.02979076   -0.03734570   -0.22154997    0.97443364   -0.02979076   -0.97443364   -0.22269171
   -0.45974628   -0.24912293   -0.85239142   -0.24912293    0.95748423   -0.14547065    0.85239142    0.14547065   -0.50226204
    0.92359804    0.17390497   -0.34164855    0.17390497    0.60416020    0.77765514    0.34164855   -0.77765514    0.52775824
    0.98482687    0.13091478    0.11391824    0.13091478   -0.12954119   -0.98289389   -0.11391824    0.98289389   -0.14471432
   -0.64796022    0.69019055   -0.32215610    0.69019055    0.71093781    0.13492383    0.32215610   -0.13492383   -0.93702241
    0.71127625   -0.29701943   -0.63707578   -0.29701943    0.69444654   -0.65538040    0.63707578    0.65538040    0.40572279
    0.24301421    0.94203884    0.23131562    0.94203884   -0.17233003   -0.28786313   -0.23131562    0.28786313   -0.92931582
    0.95745178   -0.12967529   -0.25781855   -0.12967529    0.60478530   -0.78576018    0.25781855    0.78576018    0.56223708
    0.29715625    0.48970418   -0.81968773    0.48970418    0.65880015    0.57111486    0.81968773   -0.57111486   -0.04404360
    0.99990613    0.00369445    0.01319437    0.00369445    0.85460403   -0.51926709   -0.01319437    0.51926709    0.85451015
    0.71498856   -0.52832191   -0.45789444   -0.52832191    0.02065673   -0.84879283    0.45789444    0.84879283   -0.26435471
    0.99220257   -0.06464792    0.10655847   -0.06464792    0.46400892    0.88346837   -0.10655847   -0.88346837    0.45621149
    0.15499556    0.14083584   -0.97782496    0.14083584    0.97652707    0.16297287    0.97782496   -0.16297287    0.13152263
    0.75603599    0.37744552   -0.53473775    0.37744552    0.41604042    0.82731206    0.53473775   -0.82731206    0.17207641
    0.33425823    0.16666997    0.92762738    0.16666997    0.95827379   -0.23223364   -0.92762738    0.23223364    0.29253202
    0.90631502   -0.14605118    0.39656291   -0.14605118    0.77231200    0.61822587   -0.39656291   -0.61822587    0.67862702
   -0.53498096   -0.62409925   -0.56946948   -0.62409925    0.74625101   -0.23153739    0.56946948    0.23153739   -0.78872996
    0.91490701   -0.09702164   -0.39183155   -0.09702164    0.88937751   -0.44675994    0.39183155    0.44675994    0.80428452
    0.08870353   -0.67792468   -0.72976011   -0.67792468    0.49568347   -0.54287754    0.72976011    0.54287754   -0.41561300
   -0.55006693    0.45643133   -0.69935457    0.45643133    0.86559964    0.20593133    0.69935457   -0.20593133   -0.68446729
    0.20083584    0.71097326   -0.67393025    0.71097326    0.36748542    0.59955941    0.67393025   -0.59955941   -0.43167874
    0.99402496   -0.00683027   -0.10893910   -0.00683027    0.99219208   -0.12453199    0.10893910    0.12453199    0.98621704
   -0.50643366    0.21589756    0.83481327    0.21589756    0.96905821   -0.11964294   -0.83481327    0.11964294   -0.53737545
    0.56260624    0.29107157   -0.77379039    0.29107157    0.80630117    0.51493277    0.77379039   -0.51493277    0.36890741
    0.84882937   -0.00019972   -0.52866687   -0.00019972    0.99999974   -0.00069845    0.52866687    0.00069845    0.84882911
    0.16853993   -0.19148946    0.96691576   -0.19148946    0.95589901    0.22268558   -0.96691576   -0.22268558    0.12443894
    0.67349042   -0.13391685   -0.72696419   -0.13391685    0.94507444   -0.29816201    0.72696419    0.29816201    0.61856486
    0.99431441    0.10032941    0.03567730    0.10032941   -0.77043808   -0.62957062   -0.03567730    0.62957062   -0.77612368
    0.89980796    0.12292110    0.41861204    0.12292110    0.84919364   -0.51357625   -0.41861204    0.51357625    0.74900160
    0.84862359   -0.33126534   -0.41243337   -0.33126534    0.27507383   -0.90255065    0.41243337    0.90255065    0.12369741
    0.39152189   -0.48964163    0.77907746   -0.48964163    0.60598596    0.62692272   -0.77907746   -0.62692272   -0.00249216
