# Rotation matrices: 29 entries, row-major flattening of 3x3 -> 1x9
# https://github.com/Neurophysics-CFIN/GFO
# Col:  1    2    3    4    5    6    7    8    9
#       R11  R12  R13  R21  R22  R23  R31  R32  R33
# where Rij = R(i,j), i = row index, j = column index

    0.99996326   -0.00697711   -0.00497985   -0.00697711   -0.32498191   -0.94569449    0.00497985    0.94569449   -0.32501865
    0.64462383    0.27378527   -0.71379391    0.27378527    0.78907315    0.54991380    0.71379391   -0.54991380    0.43369698
   -0.63591729    0.52500334   -0.56566837    0.52500334    0.83151440    0.18153594    0.56566837   -0.18153594   -0.80440288
    0.93748305   -0.01014548   -0.34788303   -0.01014548    0.99835355   -0.05645576    0.34788303    0.05645576    0.93583660
    0.14936771   -0.19668337    0.96902267   -0.19668337    0.95452283    0.22405761   -0.96902267   -0.22405761    0.10389054
    0.95738606    0.11841059   -0.26342147    0.11841059    0.67097466    0.73196444    0.26342147   -0.73196444    0.62836072
    0.87124028    0.09767161   -0.48104120    0.09767161    0.92591050    0.36489724    0.48104120   -0.36489724    0.79715078
    0.40954007   -0.48142195   -0.77492570   -0.48142195    0.60748041   -0.63182312    0.77492570    0.63182312    0.01702048
    0.62253680    0.72069801   -0.30502836    0.72069801   -0.37604310    0.58239674    0.30502836   -0.58239674   -0.75350629
    0.80055659   -0.53899963   -0.26189416   -0.53899963   -0.45665679   -0.70777396    0.26189416    0.70777396   -0.65610020
    0.77698906    0.49610334   -0.38751707    0.49610334   -0.10361636    0.86205866    0.38751707   -0.86205866   -0.32662730
    0.67398035    0.24321197    0.69756608    0.24321197    0.81856290   -0.52038709   -0.69756608    0.52038709    0.49254324
    0.99988646    0.00295273   -0.01477660    0.00295273    0.92321067    0.38428290    0.01477660   -0.38428290    0.92309713
    0.86275198   -0.48857007    0.13022410   -0.48857007   -0.73919234    0.46356657   -0.13022410   -0.46356657   -0.87644037
    0.27380899    0.17643085    0.94546327    0.17643085    0.95713546   -0.22970387   -0.94546327    0.22970387    0.23094445
    0.84017396    0.33017960   -0.43021988    0.33017960    0.31789232    0.88877776    0.43021988   -0.88877776    0.15806628
    0.11562343   -0.71403133   -0.69050017   -0.71403133    0.42350266   -0.55749866    0.69050017    0.55749866   -0.46087392
    0.98951503    0.00536486    0.14433024    0.00536486    0.99725496   -0.07384963   -0.14433024    0.07384963    0.98676999
    0.38184701    0.50201018   -0.77600170    0.50201018    0.59231092    0.63020120    0.77600170   -0.63020120   -0.02584207
    0.99790928   -0.04873264    0.04245231   -0.04873264   -0.13591014    0.98952189   -0.04245231   -0.98952189   -0.13800086
    0.88496158   -0.07590324    0.45943628   -0.07590324    0.94991846    0.30313961   -0.45943628   -0.30313961    0.83488004
    0.99606206   -0.04096444   -0.07862749   -0.04096444    0.57386692   -0.81792339    0.07862749    0.81792339    0.56992898
   -0.65284194    0.03493305    0.75668824    0.03493305    0.99926169   -0.01599271   -0.75668824    0.01599271   -0.65358025
    0.44258694   -0.21077161   -0.87160319   -0.21077161    0.92030206   -0.32957464    0.87160319    0.32957464    0.36288900
    0.81537818   -0.15635850   -0.55741406   -0.15635850    0.86757805   -0.47208086    0.55741406    0.47208086    0.68295624
    0.83812451   -0.32800220    0.43584614   -0.32800220    0.33538149    0.88313861   -0.43584614   -0.88313861    0.17350600
    0.82237712   -0.29143519   -0.48863218   -0.29143519    0.52182699   -0.80172447    0.48863218    0.80172447    0.34420411
    0.26911180    0.13372313   -0.95378035    0.13372313    0.97553405    0.17450343    0.95378035   -0.17450343    0.24464585
   -0.52745171   -0.19672074   -0.82649600   -0.19672074    0.97466431   -0.10644454    0.82649600    0.10644454   -0.55278741
