# Rotation matrices: 26 entries, row-major flattening of 3x3 -> 1x9
# https://github.com/Neurophysics-CFIN/GFO
# Col:  1    2    3    4    5    6    7    8    9
#       R11  R12  R13  R21  R22  R23  R31  R32  R33
# where Rij = R(i,j), i = row index, j = column index

    0.29415730    0.18303935   -0.93806614    0.18303935    0.95253418    0.24325961    0.93806614   -0.24325961    0.24669148
    0.98928695    0.06004679   -0.13306283    0.06004679    0.66343701    0.74581882    0.13306283   -0.74581882    0.65272396
    0.79767191    0.01185709   -0.60297507    0.01185709    0.99930514    0.03533631    0.60297507   -0.03533631    0.79697705
   -0.70386539   -0.11976444   -0.70016426   -0.11976444    0.99158178   -0.04921444    0.70016426    0.04921444   -0.71228361
    0.84652489    0.15473070    0.50936630    0.15473070    0.84400345   -0.51353344   -0.50936630    0.51353344    0.69052833
   -0.08103089    0.75496414    0.65074045    0.75496414    0.47275247   -0.45446038   -0.65074045    0.45446038   -0.60827841
    0.18256239   -0.01325676    0.98310489   -0.01325676    0.99978501    0.01594347   -0.98310489   -0.01594347    0.18234740
    0.96936477    0.02992267    0.24379618    0.02992267    0.97077332   -0.23812559   -0.24379618    0.23812559    0.94013809
    0.37459648    0.51596735   -0.77036042    0.51596735    0.57431914    0.63555898    0.77036042   -0.63555898   -0.05108438
    0.96434362   -0.21488182    0.15449010   -0.21488182   -0.29497703    0.93102865   -0.15449010   -0.93102865   -0.33063341
    0.63715371   -0.43993242    0.63284644   -0.43993242    0.46660463    0.76729368   -0.63284644   -0.76729368    0.10375834
    0.74086754   -0.30063349   -0.60061201   -0.30063349    0.65121892   -0.69680228    0.60061201    0.69680228    0.39208646
    0.98386934   -0.01245094   -0.17845477   -0.01245094    0.99038937   -0.13774569    0.17845477    0.13774569    0.97425870
    0.96507577    0.19340627    0.17669969    0.19340627   -0.07106100   -0.97854195   -0.17669969    0.97854195   -0.10598523
    0.94503674   -0.20277944    0.25648794   -0.20277944    0.25187300    0.94627718   -0.25648794   -0.94627718    0.19690974
   -0.07994251   -0.94732926   -0.31012333   -0.94732926    0.16899955   -0.27204124    0.31012333    0.27204124   -0.91094297
    0.50576758   -0.11914644   -0.85440229   -0.11914644    0.97127692   -0.20597393    0.85440229    0.20597393    0.47704451
   -0.08188330   -0.64854634   -0.75675806   -0.64854634    0.61122206   -0.45364659    0.75675806    0.45364659   -0.47066124
    0.20497022   -0.34791794   -0.91484442   -0.34791794    0.84774546   -0.40035078    0.91484442    0.40035078    0.05271568
    0.99992394    0.00458236    0.01145075    0.00458236    0.72393413   -0.68985389   -0.01145075    0.68985389    0.72385806
    0.92711819   -0.14356132    0.34618204   -0.14356132    0.71721539    0.68190339   -0.34618204   -0.68190339    0.64433358
    0.88391198    0.25222161    0.39380690    0.25222161    0.45200425   -0.85561464   -0.39380690    0.85561464    0.33591623
    0.79224616    0.31051457   -0.52528727    0.31051457    0.53589641    0.78510874    0.52528727   -0.78510874    0.32814258
    0.88526205   -0.12359920   -0.44836853   -0.12359920    0.86685520   -0.48299618    0.44836853    0.48299618    0.75211725
   -0.21547254    0.49654118   -0.84084388    0.49654118    0.79715449    0.34349901    0.84084388   -0.34349901   -0.41831805
    0.98385256    0.03259923   -0.17598700    0.03259923    0.93418709    0.35529111    0.17598700   -0.35529111    0.91803965
