# Rotation matrices: 52 entries, row-major flattening of 3x3 -> 1x9
# https://github.com/Neurophysics-CFIN/GFO
# Col:  1    2    3    4    5    6    7    8    9
#       R11  R12  R13  R21  R22  R23  R31  R32  R33
# where Rij = R(i,j), i = row index, j = column index

    0.61220782   -0.35081408    0.70861207   -0.35081408    0.68263796    0.64104204   -0.70861207   -0.64104204    0.29484578
    0.54279639   -0.18377932    0.81951037   -0.18377932    0.92612736    0.32941353   -0.81951037   -0.32941353    0.46892375
   -0.83454487   -0.44237566   -0.32838794   -0.44237566    0.89332710   -0.07918631    0.32838794    0.07918631   -0.94121777
    0.53842975    0.01690017    0.84250091    0.01690017    0.99938121   -0.03084776   -0.84250091    0.03084776    0.53781096
    0.97428453   -0.00150461   -0.22531622   -0.00150461    0.99991197   -0.01318324    0.22531622    0.01318324    0.97419649
    0.61911293   -0.14403302   -0.77198036   -0.14403302    0.94553370   -0.29192553    0.77198036    0.29192553    0.56464662
    0.90977771    0.16006199   -0.38299436    0.16006199    0.71603647    0.67946445    0.38299436   -0.67946445    0.62581418
    0.98857771   -0.06594288    0.13551989   -0.06594288    0.61930002    0.78238036   -0.13551989   -0.78238036    0.60787773
    0.53525889    0.50324726    0.67841000    0.50324726    0.45505617   -0.73461968   -0.67841000    0.73461968   -0.00968494
    0.98778255   -0.14228295    0.06357045   -0.14228295   -0.65700965    0.74033363   -0.06357045   -0.74033363   -0.66922711
   -0.59644960    0.15799679    0.78694656    0.15799679    0.98436344   -0.07788221   -0.78694656    0.07788221   -0.61208616
    0.78927906    0.03661594    0.61294195    0.03661594    0.99363743   -0.10650789   -0.61294195    0.10650789    0.78291649
    0.97448273    0.21188895    0.07407084    0.21188895   -0.75947193   -0.61506541   -0.07407084    0.61506541   -0.78498920
   -0.67756378    0.51016185    0.52975674    0.51016185    0.84485531   -0.16110367   -0.52975674    0.16110367   -0.83270847
    0.67195684    0.55422770   -0.49122873    0.55422770    0.06363437    0.82992911    0.49122873   -0.82992911   -0.26440879
    0.32039941    0.90494508    0.28003326    0.90494508   -0.20501012   -0.37288773   -0.28003326    0.37288773   -0.88461071
    0.98821548   -0.09139918    0.12278579   -0.09139918    0.29111994    0.95231054   -0.12278579   -0.95231054    0.27933542
    0.15008317   -0.82033965   -0.55183140   -0.82033965    0.20820823   -0.53262762    0.55183140    0.53262762   -0.64170860
    0.13463490   -0.86489568    0.48355858   -0.86489568    0.13557348    0.48329627   -0.48355858   -0.48329627   -0.72979162
   -0.31661817   -0.09287191    0.94399563   -0.09287191    0.99344898    0.06658778   -0.94399563   -0.06658778   -0.32316919
   -0.08104959    0.92054589   -0.38213378    0.92054589    0.21612778    0.32539828    0.38213378   -0.32539828   -0.86492181
    0.99929843   -0.00464861    0.03716244   -0.00464861    0.96919845    0.24623719   -0.03716244   -0.24623719    0.96849688
    0.99558946   -0.06769141    0.06495761   -0.06769141   -0.03890493    0.99694748   -0.06495761   -0.99694748   -0.04331547
    0.32702394   -0.28072592   -0.90235708   -0.28072592    0.88289770   -0.37641016    0.90235708    0.37641016    0.20992164
    0.05042221    0.11201296   -0.99242667    0.11201296    0.98678686    0.11706745    0.99242667   -0.11706745    0.03720907
   -0.17992253    0.71407649   -0.67655203    0.71407649    0.56784854    0.40944205    0.67655203   -0.40944205   -0.61207398
    0.19225934    0.65504375   -0.73072158    0.65504375    0.46878703    0.59258451    0.73072158   -0.59258451   -0.33895363
    0.77923792   -0.44373826   -0.44258855   -0.44373826    0.10807307   -0.88961596    0.44258855    0.88961596   -0.11268902
    0.50714057   -0.46887881   -0.72316050   -0.46887881    0.55393502   -0.68797432    0.72316050    0.68797432    0.06107558
    0.23704919    0.67439010    0.69928941    0.67439010    0.40389079   -0.61811829   -0.69928941    0.61811829   -0.35906002
    0.79433990   -0.07895173    0.60232114   -0.07895173    0.96969088    0.23122762   -0.60232114   -0.23122762    0.76403078
    0.06810850   -0.41490517   -0.90731193   -0.41490517    0.81527217   -0.40396162    0.90731193    0.40396162   -0.11661933
    0.87297723   -0.23247678    0.42879517   -0.23247678    0.57452152    0.78477995   -0.42879517   -0.78477995    0.44749876
    0.22711902   -0.07230087    0.97117946   -0.07230087    0.99323645    0.09085114   -0.97117946   -0.09085114    0.22035547
    0.84372204   -0.05081471   -0.53436970   -0.05081471    0.98347730   -0.17375348    0.53436970    0.17375348    0.82719934
    0.98973728    0.04093317    0.13691090    0.04093317    0.83673679   -0.54607327   -0.13691090    0.54607327    0.82647407
    0.69758600    0.71257937   -0.07486260    0.71257937   -0.67905376    0.17639906    0.07486260   -0.17639906   -0.98146776
    0.56739920   -0.77911823   -0.26652002   -0.77911823   -0.40319950   -0.48000514    0.26652002    0.48000514   -0.83580030
    0.75514974    0.16791665   -0.63368199    0.16791665    0.88484390    0.43457482    0.63368199   -0.43457482    0.63999364
   -0.20307952    0.42207480    0.88352225    0.42207480    0.85192406   -0.30996494   -0.88352225    0.30996494   -0.35115547
    0.92467636    0.26570974   -0.27271225    0.26570974    0.06268919    0.96201268    0.27271225   -0.96201268   -0.01263445
    0.22698342    0.40200845   -0.88705565    0.40200845    0.79093489    0.46131464    0.88705565   -0.46131464    0.01791831
    0.21205233   -0.70029476    0.68163118   -0.70029476    0.37760747    0.60580513   -0.68163118   -0.60580513   -0.41034020
    0.90793266   -0.18184909   -0.37760985   -0.18184909    0.64081628   -0.74584543    0.37760985    0.74584543    0.54874893
    0.98045982   -0.04110343   -0.19237734   -0.04110343    0.91353752   -0.40467234    0.19237734    0.40467234    0.89399735
    0.74915971   -0.49476079    0.44042195   -0.49476079    0.02412711    0.86869422   -0.44042195   -0.86869422   -0.22671319
   -0.19160523    0.37179954   -0.90832403    0.37179954    0.88399270    0.28341136    0.90832403   -0.28341136   -0.30761253
    0.53096137    0.73596658   -0.42003954    0.73596658   -0.15480212    0.65908231    0.42003954   -0.65908231   -0.62384076
    0.71428072    0.52689537    0.46063470    0.52689537    0.02835145   -0.84945716   -0.46063470    0.84945716   -0.25736783
    0.96903156    0.12855451    0.21083542    0.12855451    0.46635151   -0.87520855   -0.21083542    0.87520855    0.43538307
    0.98331289   -0.14962834    0.10347518   -0.14962834   -0.34167302    0.92783129   -0.10347518   -0.92783129   -0.35836013
    0.94619170    0.27056364    0.17752912    0.27056364   -0.36047190   -0.89266753   -0.17752912    0.89266753   -0.41428020
