# Rotation matrices: 34 entries, row-major flattening of 3x3 -> 1x9
# https://github.com/Neurophysics-CFIN/GFO
# Col:  1    2    3    4    5    6    7    8    9
#       R11  R12  R13  R21  R22  R23  R31  R32  R33
# where Rij = R(i,j), i = row index, j = column index

    0.19364504    0.13484086   -0.97176105    0.13484086    0.97745154    0.16250052    0.97176105   -0.16250052    0.17109659
   -0.70380401    0.66668013    0.24535182    0.66668013    0.73913526   -0.09600352   -0.24535182    0.09600352   -0.96466875
    0.99999228    0.00187426    0.00345256    0.00187426    0.54476325   -0.83858779   -0.00345256    0.83858779    0.54475554
    0.86737856    0.06559997    0.49330627    0.06559997    0.96755158   -0.24400938   -0.49330627    0.24400938    0.83493014
    0.99873113    0.04016801    0.03037521    0.04016801   -0.27158325   -0.96157635   -0.03037521    0.96157635   -0.27285212
    0.29191083   -0.57936828   -0.76099965   -0.57936828    0.52595293   -0.62266036    0.76099965    0.62266036   -0.18213624
    0.22367641   -0.13733630    0.96493917   -0.13733630    0.97570438    0.17070353   -0.96493917   -0.17070353    0.19938080
    0.99685636   -0.07167263   -0.03377039   -0.07167263   -0.63408014   -0.76993858    0.03377039    0.76993858   -0.63722378
    0.36059488    0.51395263   -0.77834698    0.51395263    0.58688585    0.62563384    0.77834698   -0.62563384   -0.05251927
    0.03436363    0.62915737    0.77651797    0.62915737    0.59007448   -0.50593786   -0.77651797    0.50593786   -0.37556189
    0.53146842   -0.00792698   -0.84704102   -0.00792698    0.99986589   -0.01433089    0.84704102    0.01433089    0.53133430
    0.87641281    0.21686797   -0.42996379    0.21686797    0.61944505    0.75449063    0.42996379   -0.75449063    0.49585786
    0.69402905    0.22700532    0.68322197    0.22700532    0.83158070   -0.50689459   -0.68322197    0.50689459    0.52560974
    0.88347166   -0.17314661    0.43531376   -0.17314661    0.74272567    0.64682210   -0.43531376   -0.64682210    0.62619734
    0.98396588    0.13429135   -0.11737542    0.13429135   -0.12473658    0.98305983    0.11737542   -0.98305983   -0.14077070
    0.67295642   -0.20075125   -0.71191895   -0.20075125    0.87677158   -0.43700176    0.71191895    0.43700176    0.54972800
    0.71825284    0.64708896   -0.25571221    0.64708896   -0.48616981    0.58729447    0.25571221   -0.58729447   -0.76791697
    0.79444571    0.37793777   -0.47541462    0.37793777    0.30511322    0.87411038    0.47541462   -0.87411038    0.09955893
   -0.04871963   -0.37287942    0.92659988   -0.37287942    0.86742018    0.32945891   -0.92659988   -0.32945891   -0.18129946
    0.77240850    0.10167860   -0.62693426    0.10167860    0.95457415    0.28008865    0.62693426   -0.28008865    0.72698266
    0.99212113    0.00638076    0.12511972    0.00638076    0.99483249   -0.10132913   -0.12511972    0.10132913    0.98695363
    0.86968155   -0.05423100    0.49062511   -0.05423100    0.97743219    0.20416979   -0.49062511   -0.20416979    0.84711375
    0.62626683   -0.67983804    0.38158893   -0.67983804   -0.23665702    0.69412801   -0.38158893   -0.69412801   -0.61039020
    0.67858456    0.58128198   -0.44903702    0.58128198   -0.05125238    0.81208648    0.44903702   -0.81208648   -0.37266782
    0.81058154   -0.56699654    0.14653497   -0.56699654   -0.69722143    0.43863105   -0.14653497   -0.43863105   -0.88663990
   -0.13499823    0.33537544   -0.93236194    0.33537544    0.90090145    0.27549937    0.93236194   -0.27549937   -0.23409679
   -0.58530928    0.09665883   -0.80502802    0.09665883    0.99410656    0.04908384    0.80502802   -0.04908384   -0.59120272
    0.62923484   -0.18958158    0.75373891   -0.18958158    0.90306215    0.38540572   -0.75373891   -0.38540572    0.53229699
    0.85626649   -0.05474694   -0.51362484   -0.05474694    0.97914733   -0.19563556    0.51362484    0.19563556    0.83541382
    0.92273397   -0.23975982   -0.30179008   -0.23975982    0.25601497   -0.93646760    0.30179008    0.93646760    0.17874893
    0.78168999   -0.47431030   -0.40495741   -0.47431030   -0.03050821   -0.87982895    0.40495741    0.87982895   -0.24881822
    0.64312015   -0.39192990   -0.65786581   -0.39192990    0.56957770   -0.72247643    0.65786581    0.72247643    0.21269785
    0.95554788    0.08023233   -0.28370939    0.08023233    0.85518738    0.51207159    0.28370939   -0.51207159    0.81073527
    0.99169182   -0.02567453    0.12604819   -0.02567453    0.92065869    0.38952329   -0.12604819   -0.38952329    0.91235051
