# Rotation matrices: 71 entries, row-major flattening of 3x3 -> 1x9
# https://github.com/Neurophysics-CFIN/GFO
# Col:  1    2    3    4    5    6    7    8    9
#       R11  R12  R13  R21  R22  R23  R31  R32  R33
# where Rij = R(i,j), i = row index, j = column index

   -0.61011709   -0.06863814   -0.78933259   -0.06863814    0.99707401   -0.03364868    0.78933259    0.03364868   -0.61304309
    0.75745577   -0.62310887   -0.19492586   -0.62310887   -0.60079943   -0.50077478    0.19492586    0.50077478   -0.84334366
   -0.38776319    0.34889721   -0.85317668    0.34889721    0.91228383    0.21449695    0.85317668   -0.21449695   -0.47547936
    0.64860044   -0.75093702    0.12414128   -0.75093702   -0.60474422    0.26528856   -0.12414128   -0.26528856   -0.95614378
    0.99825525    0.03041043    0.05061284    0.03041043    0.46995568   -0.88216601   -0.05061284    0.88216601    0.46821093
   -0.57996130    0.45617683    0.67494266    0.45617683    0.86828962   -0.19487389   -0.67494266    0.19487389   -0.71167168
    0.93254467    0.05147934   -0.35736579    0.05147934    0.96071292    0.27272800    0.35736579   -0.27272800    0.89325759
    0.99996766   -0.00620294    0.00511821   -0.00620294   -0.18986735    0.98179016   -0.00511821   -0.98179016   -0.18989968
    0.84017859    0.34109800   -0.42160656    0.34109800    0.27201340    0.89981157    0.42160656   -0.89981157    0.11219199
    0.94876787   -0.16270845    0.27086066   -0.16270845    0.48325324    0.86022803   -0.27086066   -0.86022803    0.43202110
    0.41985531    0.44741974    0.78964365    0.44741974    0.65494052   -0.60898973   -0.78964365    0.60898973    0.07479583
    0.63253865    0.41422013   -0.65445897    0.41422013    0.53307114    0.73773766    0.65445897   -0.73773766    0.16560978
    0.09760775    0.57421570    0.81286472    0.57421570    0.63461159   -0.51724700   -0.81286472    0.51724700   -0.26778066
    0.90744148    0.21087758    0.36342895    0.21087758    0.51955416   -0.82800611   -0.36342895    0.82800611    0.42699565
    0.20397138   -0.58501039   -0.78495766   -0.58501039    0.57006928   -0.57687421    0.78495766    0.57687421   -0.22595934
    0.06262611    0.90909521   -0.41185418    0.90909521    0.11833035    0.39942937    0.41185418   -0.39942937   -0.81904354
    0.60674719   -0.69884882   -0.37877192   -0.69884882   -0.24192292   -0.67311487    0.37877192    0.67311487   -0.63517572
   -0.15979489   -0.64672482    0.74579662   -0.64672482    0.63937331    0.41587111   -0.74579662   -0.41587111   -0.52042158
   -0.57266003   -0.42668689    0.69999913   -0.42668689    0.88423328    0.18992055   -0.69999913   -0.18992055   -0.68842676
    0.99353308    0.04418685    0.10459227    0.04418685    0.69808231   -0.71465279   -0.10459227    0.71465279    0.69161539
    0.93642579   -0.23621862   -0.25943690   -0.23621862    0.12229762   -0.96397306    0.25943690    0.96397306    0.05872341
   -0.30945049   -0.51014814   -0.80248942   -0.51014814    0.80125165   -0.31264144    0.80248942    0.31264144   -0.50819884
    0.90055126   -0.06674946   -0.42959508   -0.06674946    0.95519812   -0.28834193    0.42959508    0.28834193    0.85574938
   -0.18379589   -0.93719071   -0.29646694   -0.93719071    0.25804234   -0.23470774    0.29646694    0.23470774   -0.92575355
    0.17048447    0.30696448   -0.93632679    0.30696448    0.88640696    0.34649028    0.93632679   -0.34649028    0.05689142
    0.97899409   -0.15775995   -0.12916028   -0.15775995   -0.18481882   -0.97002773    0.12916028    0.97002773   -0.20582473
    0.82839380   -0.24095597   -0.50567177   -0.24095597    0.66166853   -0.71002463    0.50567177    0.71002463    0.49006233
    0.95216769   -0.16550616   -0.25687429   -0.16550616    0.42732667   -0.88881923    0.25687429    0.88881923    0.37949436
   -0.66219567   -0.45285846   -0.59700595   -0.45285846    0.87662055   -0.16265185    0.59700595    0.16265185   -0.78557512
    0.31447061    0.69759440   -0.64379367    0.69759440    0.29012825    0.65512415    0.64379367   -0.65512415   -0.39540114
    0.20294241    0.96077530   -0.18901111    0.96077530   -0.15812105    0.22783449    0.18901111   -0.22783449   -0.95517865
    0.77152372    0.07069899    0.63226008    0.07069899    0.97812313   -0.19564458   -0.63226008    0.19564458    0.74964684
    0.93325672    0.22607699    0.27914348    0.22607699    0.23421790   -0.94553221   -0.27914348    0.94553221    0.16747463
   -0.09516063    0.73981535   -0.66604632    0.73981535    0.50023153    0.44993518    0.66604632   -0.44993518   -0.59492910
   -0.72980069   -0.67997892   -0.07084928   -0.67997892    0.73270254   -0.02785062    0.07084928    0.02785062   -0.99709815
    0.20823551   -0.63687066    0.74231646   -0.63687066    0.48772110    0.59709621   -0.74231646   -0.59709621   -0.30404339
    0.97829946    0.15463654    0.13790469    0.15463654   -0.10192934   -0.98269932   -0.13790469    0.98269932   -0.12362987
    0.85415985   -0.12327601    0.50518707   -0.12327601    0.89579704    0.42702539   -0.50518707   -0.42702539    0.74995689
    0.41022110    0.71816758    0.56209783    0.71816758    0.12549486   -0.68446064   -0.56209783    0.68446064   -0.46428404
    0.68756583    0.19768805   -0.69869354    0.19768805    0.87491584    0.44208790    0.69869354   -0.44208790    0.56248167
    0.26422830   -0.35432630   -0.89701520   -0.35432630    0.82936674   -0.43197649    0.89701520    0.43197649    0.09359504
    0.62903346    0.53859945   -0.56056002    0.53859945    0.21801743    0.81386672    0.56056002   -0.81386672   -0.15294911
    0.53171362    0.74409444   -0.40448003    0.74409444   -0.18234600    0.64270787    0.40448003   -0.64270787   -0.65063238
   -0.02801515    0.51572287   -0.85629730    0.51572287    0.74127806    0.42957743    0.85629730   -0.42957743   -0.28673709
   -0.52838124    0.00100144    0.84900663    0.00100144    0.99999934   -0.00055629   -0.84900663    0.00055629   -0.52838190
   -0.87806355    0.23875181   -0.41473122    0.23875181    0.96964830    0.05272336    0.41473122   -0.05272336   -0.90841525
    0.80082360   -0.36951613    0.47131665   -0.36951613    0.31446611    0.87439630   -0.47131665   -0.87439630    0.11528971
    0.20965925    0.04639078   -0.97667338    0.04639078    0.99727699    0.05732798    0.97667338   -0.05732798    0.20693624
    0.84729193   -0.15464174   -0.50811644   -0.15464174    0.84340011   -0.51455048    0.50811644    0.51455048    0.69069203
    0.98594851   -0.15298935   -0.06708054   -0.15298935   -0.66571215   -0.73035716    0.06708054    0.73035716   -0.67976365
   -0.11420383    0.18282314   -0.97649024    0.18282314    0.97000163    0.16022653    0.97649024   -0.16022653   -0.14420221
    0.81227267    0.47488820    0.33866548    0.47488820   -0.20131045   -0.85671191   -0.33866548    0.85671191   -0.38903778
    0.99798650    0.03292532   -0.05421135    0.03292532    0.46159596    0.88647904    0.05421135   -0.88647904    0.45958246
    0.91121039    0.39685702   -0.11045417    0.39685702   -0.77380552    0.49368970    0.11045417   -0.49368970   -0.86259513
    0.50001566   -0.49161327   -0.71295212   -0.49161327    0.51661764   -0.70101541    0.71295212    0.70101541    0.01663330
    0.71456656   -0.23848704    0.65766144   -0.23848704    0.80073790    0.54949318   -0.65766144   -0.54949318    0.51530445
    0.16615058    0.87021850    0.46380356    0.87021850    0.09182614   -0.48403276   -0.46380356    0.48403276   -0.74202328
    0.52770629   -0.64331961   -0.55467644   -0.64331961    0.12372299   -0.75553458    0.55467644    0.75553458   -0.34857072
   -0.96797249    0.04376658    0.24721195    0.04376658    0.99902666   -0.00549785   -0.24721195    0.00549785   -0.96894583
    0.66530057   -0.54193423    0.51350019   -0.54193423    0.12251805    0.83144250   -0.51350019   -0.83144250   -0.21218138
    0.02486976   -0.13751120   -0.99018794   -0.13751120    0.98060840   -0.13963461    0.99018794    0.13963461    0.00547816
   -0.25766794   -0.31892594    0.91208195   -0.31892594    0.91912511    0.23129046   -0.91208195   -0.23129046   -0.33854283
   -0.84962030   -0.01783971    0.52709306   -0.01783971    0.99982793    0.00508385   -0.52709306   -0.00508385   -0.84979236
    0.99921456    0.00578375   -0.03920215    0.00578375    0.95741007    0.28867369    0.03920215   -0.28867369    0.95662464
    0.97166278   -0.09703685   -0.21553490   -0.09703685    0.66771088   -0.73806912    0.21553490    0.73806912    0.63937366
    0.99041197    0.03846594   -0.13268198    0.03846594    0.84567968    0.53230277    0.13268198   -0.53230277    0.83609165
   -0.07281941   -0.38517047   -0.91996796   -0.38517047    0.86171364   -0.33029277    0.91996796    0.33029277   -0.21110577
    0.97629429   -0.05982803   -0.20801460   -0.05982803    0.84900715   -0.52498329    0.20801460    0.52498329    0.82530144
   -0.28844588    0.38267179    0.87770227    0.38267179    0.88634548   -0.26067987   -0.87770227    0.26067987   -0.40210041
    0.95374446    0.11851994   -0.27626895    0.11851994    0.69631798    0.70788014    0.27626895   -0.70788014    0.65006243
    0.33723167   -0.04215829    0.94047726   -0.04215829    0.99731834    0.05982318   -0.94047726   -0.05982318    0.33455000
