# Rotation matrices: 74 entries, row-major flattening of 3x3 -> 1x9
# https://github.com/Neurophysics-CFIN/GFO
# Col:  1    2    3    4    5    6    7    8    9
#       R11  R12  R13  R21  R22  R23  R31  R32  R33
# where Rij = R(i,j), i = row index, j = column index

    0.99945424   -0.00105701    0.03301671   -0.00105701    0.99795283    0.06394552   -0.03301671   -0.06394552    0.99740707
    0.97691064   -0.00891669   -0.21346216   -0.00891669    0.99655654   -0.08243518    0.21346216    0.08243518    0.97346718
    0.90711641   -0.04449896    0.41852080   -0.04449896    0.97868130    0.20050626   -0.41852080   -0.20050626    0.88579771
    0.95630185    0.00498444    0.29233871    0.00498444    0.99943145   -0.03334568   -0.29233871    0.03334568    0.95573330
    0.95635636    0.02973583   -0.29068590    0.02973583    0.97974001    0.19805376    0.29068590   -0.19805376    0.93609637
    0.82240585    0.02697313    0.56826144    0.02697313    0.99590330   -0.08630797   -0.56826144    0.08630797    0.81830915
    0.99771902    0.00886480    0.06691922    0.00886480    0.96554788   -0.26007443   -0.06691922    0.26007443    0.96326689
    0.89954010    0.15053796   -0.41008039    0.15053796    0.77442065    0.61450059    0.41008039   -0.61450059    0.67396076
    0.78092972    0.13658600    0.60950229    0.13658600    0.91484132   -0.38001265   -0.60950229    0.38001265    0.69577104
    0.89819895   -0.05244095   -0.43645000   -0.05244095    0.97298601   -0.22482921    0.43645000    0.22482921    0.87118496
    0.93352592   -0.13482584    0.33219174   -0.13482584    0.72653994    0.67376681   -0.33219174   -0.67376681    0.66006586
    0.99031059   -0.04858969   -0.13009220   -0.04858969    0.75633626   -0.65237605    0.13009220    0.65237605    0.74664685
    0.71302386    0.22860521   -0.66282474    0.22860521    0.81789308    0.52800622    0.66282474   -0.52800622    0.53091694
    0.62954628    0.06030946    0.77461878    0.06030946    0.99018169   -0.12610709   -0.77461878    0.12610709    0.61972797
    0.90729880   -0.12416252   -0.40173693   -0.12416252    0.83369869   -0.53808007    0.40173693    0.53808007    0.74099748
    0.98701255    0.06749933   -0.14577405    0.06749933    0.64918759    0.75762743    0.14577405   -0.75762743    0.63620013
    0.62969636    0.37080105    0.68263393    0.37080105    0.62870088   -0.68355087   -0.68263393    0.68355087    0.25839724
    0.45206785   -0.02022726   -0.89175418   -0.02022726    0.99925330   -0.03291967    0.89175418    0.03291967    0.45132114
    0.82573677   -0.14750173    0.54442816   -0.14750173    0.87515002    0.46082066   -0.54442816   -0.46082066    0.70088679
    0.96973221   -0.14352546   -0.19753450   -0.14352546    0.31942308   -0.93667995    0.19753450    0.93667995    0.28915530
    0.86590189    0.23666018   -0.44068795    0.23666018    0.58233533    0.77773872    0.44068795   -0.77773872    0.44823722
    0.27207486   -0.09584481    0.95749101   -0.09584481    0.98738026    0.12607140   -0.95749101   -0.12607140    0.25945512
    0.57585404   -0.21831500   -0.78786464   -0.21831500    0.88762963   -0.40552707    0.78786464    0.40552707    0.46348367
    0.88543737   -0.26084103    0.38465910   -0.26084103    0.40610613    0.87580807   -0.38465910   -0.87580807    0.29154350
    0.88087169    0.26172689    0.39441616    0.26172689    0.42498167   -0.86653887   -0.39441616    0.86653887    0.30585335
    0.45777516    0.17627707   -0.87141741    0.17627707    0.94269240    0.28329743    0.87141741   -0.28329743    0.40046756
    0.36561488   -0.29968336    0.88120125   -0.29968336    0.85842966    0.41627923   -0.88120125   -0.41627923    0.22404454
    0.92315943   -0.17556560   -0.34198448   -0.17556560    0.59886709   -0.78136734    0.34198448    0.78136734    0.52202652
    0.98390122    0.09812688   -0.14936366    0.09812688    0.40188727    0.91041624    0.14936366   -0.91041624    0.38578849
    0.51096684    0.33626475   -0.79109981    0.33626475    0.76878054    0.54396921    0.79109981   -0.54396921    0.27974738
    0.10474183    0.11329670    0.98802480    0.11329670    0.98566208   -0.12503650   -0.98802480    0.12503650    0.09040391
    0.30536872   -0.41843766   -0.85537119   -0.41843766    0.74793810   -0.51526548    0.85537119    0.51526548    0.05330682
    0.99246282    0.07100339    0.09988030    0.07100339    0.33111863   -0.94091390   -0.09988030    0.94091390    0.32358144
    0.19501717    0.03945884   -0.98000577    0.03945884    0.99806580    0.04803815    0.98000577   -0.04803815    0.19308297
    0.05477376   -0.20218612   -0.97781420   -0.20218612    0.95675191   -0.20915676    0.97781420    0.20915676    0.01152567
    0.88142936   -0.32216775    0.34538418   -0.32216775    0.12463951    0.93844176   -0.34538418   -0.93844176    0.00606886
    0.99643226   -0.05924287   -0.06010856   -0.05924287    0.01626379   -0.99811110    0.06010856    0.99811110    0.01269604
    0.38405374    0.47820900    0.78982205    0.47820900    0.62872759   -0.61320287   -0.78982205    0.61320287    0.01278134
    0.40099634    0.09859922    0.91075800    0.09859922    0.98377004   -0.14991565   -0.91075800    0.14991565    0.38476638
    0.58028360   -0.37889339   -0.72090967   -0.37889339    0.65795905   -0.65079159    0.72090967    0.65079159    0.23824265
    0.64215132   -0.47210629    0.60395143   -0.47210629    0.37715474    0.79678727   -0.60395143   -0.79678727    0.01930606
    0.95730446    0.19622794    0.21227993    0.19622794    0.09813987   -0.97563475   -0.21227993    0.97563475    0.05544433
    0.21556042    0.29161606   -0.93193014    0.29161606    0.89159149    0.34644580    0.93193014   -0.34644580    0.10715190
    0.58248518   -0.38875048    0.71385158   -0.38875048    0.63803216    0.66467137   -0.71385158   -0.66467137    0.22051734
    0.99241419   -0.07447299    0.09781541   -0.07447299    0.26886861    0.96029342   -0.09781541   -0.96029342    0.26128280
    0.73632915    0.42754763    0.52442579    0.42754763    0.30672286   -0.85036704   -0.52442579    0.85036704    0.04305201
    0.59569714    0.23244888    0.76883837    0.23244888    0.86635642   -0.44203401   -0.76883837    0.44203401    0.46205356
    0.33423760   -0.20475665   -0.91997823   -0.20475665    0.93702665   -0.28294128    0.91997823    0.28294128    0.27126426
    0.79982283   -0.26338542    0.53936219   -0.26338542    0.65344761    0.70967200   -0.53936219   -0.70967200    0.45327044
    0.80432201    0.24375129    0.54189612    0.24375129    0.69636498   -0.67502676   -0.54189612    0.67502676    0.50068699
    0.69145929    0.38197484   -0.61317149    0.38197484    0.52711336    0.75910916    0.61317149   -0.75910916    0.21857265
    0.52737402   -0.10498944    0.84312150   -0.10498944    0.97667758    0.18729155   -0.84312150   -0.18729155    0.50405160
    0.81455523   -0.32088056   -0.48325505   -0.32088056    0.44477089   -0.83619048    0.48325505    0.83619048    0.25932612
    0.98609333   -0.07936817    0.14601591   -0.07936817    0.54702996    0.83334202   -0.14601591   -0.83334202    0.53312328
    0.33842177    0.30050784    0.89172067    0.30050784    0.86350071   -0.40504515   -0.89172067    0.40504515    0.20192247
    0.66400666    0.09355814   -0.74185041    0.09355814    0.97394851    0.20657000    0.74185041   -0.20657000    0.63795518
    0.63320606   -0.23448441    0.73760907   -0.23448441    0.85009856    0.47153950   -0.73760907   -0.47153950    0.48330462
    0.99896116   -0.02147891   -0.04019023   -0.02147891    0.55590468   -0.83096850    0.04019023    0.83096850    0.55486584
    0.90729989    0.25856575   -0.33158810    0.25856575    0.27879002    0.92488912    0.33158810   -0.92488912    0.18608991
    0.91276593    0.12792361    0.38793544    0.12792361    0.81240757   -0.56888442   -0.38793544    0.56888442    0.72517350
    0.76995992   -0.13320253   -0.62403430   -0.13320253    0.92287033   -0.36134116    0.62403430    0.36134116    0.69283026
    0.99886864   -0.01538097    0.04499845   -0.01538097    0.79089349    0.61176050   -0.04499845   -0.61176050    0.78976214
    0.96237290    0.12059183    0.24350772    0.12059183    0.61351285   -0.78042270   -0.24350772    0.78042270    0.57588575
    0.67507676   -0.04634197   -0.73629056   -0.04634197    0.99339051   -0.10501297    0.73629056    0.10501297    0.66846727
    0.73903461   -0.07269029    0.66973426   -0.07269029    0.97975257    0.18655031   -0.66973426   -0.18655031    0.71878718
    0.76741725   -0.24642800   -0.59189864   -0.24642800    0.73890255   -0.62713336    0.59189864    0.62713336    0.50631981
    0.97047684    0.06045563   -0.23349480    0.06045563    0.87620284    0.47813565    0.23349480   -0.47813565    0.84667968
    0.99133379    0.03793447    0.12577081    0.03793447    0.83395006   -0.55053454   -0.12577081    0.55053454    0.82528384
    0.84257781    0.01477458   -0.53837194    0.01477458    0.99861336    0.05052796    0.53837194   -0.05052796    0.84119117
    0.95940359   -0.06409060    0.27465822   -0.06409060    0.89881851    0.43361006   -0.27465822   -0.43361006    0.85822210
    0.98382887   -0.03692078   -0.17526439   -0.03692078    0.91570507   -0.40015133    0.17526439    0.40015133    0.89953394
    0.84089300    0.10552158   -0.53081461    0.10552158    0.93001688    0.35204233    0.53081461   -0.35204233    0.77090988
    0.93266486    0.05911023    0.35586829    0.05911023    0.94811001   -0.31239941   -0.35586829    0.31239941    0.88077487
    0.99992213   -0.00209666    0.01230232   -0.00209666    0.94355071    0.33122146   -0.01230232   -0.33122146    0.94347284
