# Rotation matrices: 13 entries, row-major flattening of 3x3 -> 1x9
# https://github.com/Neurophysics-CFIN/GFO
# Col:  1    2    3    4    5    6    7    8    9
#       R11  R12  R13  R21  R22  R23  R31  R32  R33
# where Rij = R(i,j), i = row index, j = column index

    0.93477112    0.06132052   -0.34991820    0.06132052    0.94235366    0.32895192    0.34991820   -0.32895192    0.87712478
    0.97707687    0.04419364    0.20824916    0.04419364    0.91479881   -0.40148481   -0.20824916    0.40148481    0.89187568
    0.96580698   -0.04866860    0.25465318   -0.04866860    0.93072760    0.36246033   -0.25465318   -0.36246033    0.89653459
    0.63047412   -0.12688460    0.76576934   -0.12688460    0.95643146    0.26294326   -0.76576934   -0.26294326    0.58690559
    0.77032675    0.27393293   -0.57581026    0.27393293    0.67327823    0.68677301    0.57581026   -0.68677301    0.44360498
    0.99883642    0.02716222    0.03984993    0.02716222    0.36593332   -0.93024460   -0.03984993    0.93024460    0.36476974
    0.42556618   -0.44024674    0.79061762   -0.44024674    0.66259438    0.60593027   -0.79061762   -0.60593027    0.08816057
    0.58862645    0.55224432   -0.59037710    0.55224432    0.25864513    0.79254584    0.59037710   -0.79254584   -0.15272842
    0.50464255   -0.68512131    0.52530437   -0.68512131    0.05241920    0.72654044   -0.52530437   -0.72654044   -0.44293826
    0.84115035   -0.07215960   -0.53596556   -0.07215960    0.96722053   -0.24346959    0.53596556    0.24346959    0.80837088
    0.96302741   -0.22250363   -0.15188926   -0.22250363   -0.33904228   -0.91408012    0.15188926    0.91408012   -0.37601487
    0.25394655    0.04413794   -0.96621064    0.04413794    0.99738872    0.05716286    0.96621064   -0.05716286    0.25133527
    0.52532585    0.18537098    0.83046394    0.18537098    0.92760845   -0.32431492   -0.83046394    0.32431492    0.45293430
