# Rotation matrices: 11 entries, row-major flattening of 3x3 -> 1x9
# https://github.com/Neurophysics-CFIN/GFO
# Col:  1    2    3    4    5    6    7    8    9
#       R11  R12  R13  R21  R22  R23  R31  R32  R33
# where Rij = R(i,j), i = row index, j = column index

    0.82565674   -0.31050023   -0.47104199   -0.31050023    0.44700821   -0.83891195    0.47104199    0.83891195    0.27266495
   -0.32837474    0.00777401   -0.94451553    0.00777401    0.99995450    0.00552756    0.94451553   -0.00552756   -0.32842024
    0.76679429   -0.27045921    0.58213257   -0.27045921    0.68633622    0.67512548   -0.58213257   -0.67512548    0.45313050
    0.94630669    0.22880778   -0.22836517    0.22880778    0.02496237    0.97315152    0.22836517   -0.97315152   -0.02873095
    0.42719151   -0.19063374   -0.88383607   -0.19063374    0.93655607   -0.29414538    0.88383607    0.29414538    0.36374758
    0.99611302   -0.02372496   -0.08482905   -0.02372496    0.85518974   -0.51777180    0.08482905    0.51777180    0.85130276
   -0.75991367   -0.54955830   -0.34715542   -0.54955830    0.82839253   -0.10840426    0.34715542    0.10840426   -0.93152114
    0.99336289    0.04566616   -0.10556875    0.04566616    0.68579699    0.72635879    0.10556875   -0.72635879    0.67915988
    0.80792064    0.21118422    0.55015040    0.21118422    0.76781068   -0.60487022   -0.55015040    0.60487022    0.57573133
    0.85009162    0.03108320   -0.52571672    0.03108320    0.99355496    0.10900632    0.52571672   -0.10900632    0.84364658
    0.46971881    0.34881239   -0.81098345    0.34881239    0.77055554    0.53345485    0.81098345   -0.53345485    0.24027435
