# Rotation matrices: 44 entries, row-major flattening of 3x3 -> 1x9
# https://github.com/Neurophysics-CFIN/GFO
# Col:  1    2    3    4    5    6    7    8    9
#       R11  R12  R13  R21  R22  R23  R31  R32  R33
# where Rij = R(i,j), i = row index, j = column index

    0.98635888   -0.02430005   -0.16280564   -0.02430005    0.95671235   -0.29001895    0.16280564    0.29001895    0.94307122
    0.89368582   -0.00568365   -0.44865727   -0.00568365    0.99969615   -0.02398563    0.44865727    0.02398563    0.89338197
    0.99993036   -0.00261640    0.01150779   -0.00261640    0.90170078    0.43235271   -0.01150779   -0.43235271    0.90163114
    0.85432890    0.17670339    0.48877197    0.17670339    0.78565351   -0.59289499   -0.48877197    0.59289499    0.63998241
    0.78861806   -0.10996744   -0.60497001   -0.10996744    0.94279153   -0.31472416    0.60497001    0.31472416    0.73140959
    0.67434517   -0.16070465    0.72071673   -0.16070465    0.92069522    0.35566042   -0.72071673   -0.35566042    0.59504039
    0.98486001    0.04020819    0.16862402    0.04020819    0.89321668   -0.44782505   -0.16862402    0.44782505    0.87807669
    0.79177465    0.26863995   -0.54856675    0.26863995    0.65341674    0.70772816    0.54856675   -0.70772816    0.44519139
    0.84927246    0.08003817    0.52185264    0.08003817    0.95749875   -0.27711014   -0.52185264    0.27711014    0.80677122
    0.71372923   -0.27199211   -0.64545401   -0.27199211    0.74157437   -0.61325994    0.64545401    0.61325994    0.45530359
    0.98626707   -0.06245129    0.15289572   -0.06245129    0.71599910    0.69530219   -0.15289572   -0.69530219    0.70226617
    0.97107556    0.00764870    0.23864987    0.00764870    0.99797740   -0.06310792   -0.23864987    0.06310792    0.96905296
    0.39641694    0.30553035   -0.86573946    0.30553035    0.84534226    0.43823245    0.86573946   -0.43823245    0.24175920
    0.43616839    0.00706935    0.89983730    0.00706935    0.99991136   -0.01128220   -0.89983730    0.01128220    0.43607975
    0.50262683   -0.44973546   -0.73831178   -0.44973546    0.59333957   -0.66759731    0.73831178    0.66759731    0.09596640
    0.99905209    0.02270465   -0.03714044    0.02270465    0.45616844    0.88960376    0.03714044   -0.88960376    0.45522053
    0.65734575    0.35396640    0.66528517    0.35396640    0.63434800   -0.68724843   -0.66528517    0.68724843    0.29169375
    0.28121849    0.06281422   -0.95758578    0.06281422    0.99451067    0.08368330    0.95758578   -0.08368330    0.27572916
    0.66687241   -0.35730555    0.65392197   -0.35730555    0.61676169    0.70138275   -0.65392197   -0.70138275    0.28363410
    0.99752792   -0.04833685    0.05100578   -0.04833685    0.05486276    0.99732323   -0.05100578   -0.99732323    0.05239069
    0.57430704    0.46094183   -0.67653829    0.46094183    0.50089058    0.73255803    0.67653829   -0.73255803    0.07519762
    0.08563322    0.00211824    0.99632448    0.00211824    0.99999509   -0.00230811   -0.99632448    0.00230811    0.08562831
    0.20812442   -0.29191148   -0.93352660   -0.29191148    0.89239179   -0.34412872    0.93352660    0.34412872    0.10051621
    0.81576373   -0.37556333   -0.43986556   -0.37556333    0.23441884   -0.89666047    0.43986556    0.89666047    0.05018257
    0.91911676    0.23629353   -0.31526140    0.23629353    0.30968849    0.92100945    0.31526140   -0.92100945    0.22880525
    0.58432010    0.18923308    0.78915199    0.18923308    0.91385401   -0.35925157   -0.78915199    0.35925157    0.49817411
    0.49677234   -0.15624516   -0.85370059   -0.15624516    0.95148806   -0.26506211    0.85370059    0.26506211    0.44826040
    0.91907517   -0.21852946    0.32794163   -0.21852946    0.40988295    0.88557374   -0.32794163   -0.88557374    0.32895811
    0.88823773    0.29131000    0.35520729    0.29131000    0.24069621   -0.92585302   -0.35520729    0.92585302    0.12893394
    0.25675408    0.31294958    0.91440686    0.31294958    0.86823010   -0.38501825   -0.91440686    0.38501825    0.12498418
    0.38147165   -0.26365412    0.88598301   -0.26365412    0.88761470    0.37765944   -0.88598301   -0.37765944    0.26908634
    0.99935451   -0.02104632   -0.02911392   -0.02104632    0.31378340   -0.94926131    0.02911392    0.94926131    0.31313791
    0.95740315    0.10581292   -0.26866865    0.10581292    0.73715488    0.66738767    0.26866865   -0.66738767    0.69455803
    0.94292475    0.16288707    0.29044918    0.16288707    0.53513657   -0.82891293   -0.29044918    0.82891293    0.47806132
    0.64267826    0.02809994   -0.76562069    0.02809994    0.99779021    0.06020876    0.76562069   -0.06020876    0.64046847
    0.85839224   -0.17672161    0.48159343   -0.17672161    0.77945752    0.60101203   -0.48159343   -0.60101203    0.63784976
    0.99991809   -0.00503486   -0.01176726   -0.00503486    0.69052590   -0.72329015    0.01176726    0.72329015    0.69044398
    0.69590196    0.17900862   -0.69546846    0.17900862    0.89462580    0.40939050    0.69546846   -0.40939050    0.59052776
    0.75134843   -0.01481145    0.65973947   -0.01481145    0.99911773    0.03929876   -0.65973947   -0.03929876    0.75046615
    0.91107012   -0.20969792   -0.35493382   -0.20969792    0.50552931   -0.83693901    0.35493382    0.83693901    0.41659943
    0.92462506   -0.05597115    0.37674358   -0.05597115    0.95843752    0.27975839   -0.37674358   -0.27975839    0.88306258
    0.93343798   -0.11211752   -0.34076855   -0.11211752    0.81114848   -0.57399286    0.34076855    0.57399286    0.74458646
    0.91083723    0.07599890   -0.40570888    0.07599890    0.93522147    0.34581059    0.40570888   -0.34581059    0.84605871
    0.99570253    0.00468383   -0.09249073    0.00468383    0.99489508    0.10080592    0.09249073   -0.10080592    0.99059761
