# Rotation matrices: 83 entries, row-major flattening of 3x3 -> 1x9
# https://github.com/Neurophysics-CFIN/GFO
# Col:  1    2    3    4    5    6    7    8    9
#       R11  R12  R13  R21  R22  R23  R31  R32  R33
# where Rij = R(i,j), i = row index, j = column index

    0.04625916   -0.81551680   -0.57688165   -0.81551680    0.30267466   -0.49327518    0.57688165    0.49327518   -0.65106617
    0.91390010   -0.27015775    0.30298745   -0.27015775    0.15231944    0.95069111   -0.30298745   -0.95069111    0.06621954
    0.91814360    0.14245043    0.36975694    0.14245043    0.75210091   -0.64346880   -0.36975694    0.64346880    0.67024451
    0.64264270    0.51550906   -0.56679870    0.51550906    0.25634766    0.81764068    0.56679870   -0.81764068   -0.10100964
    0.96116567   -0.07870625    0.26451064   -0.07870625    0.84048459    0.53608859   -0.26451064   -0.53608859    0.80165026
   -0.09298598    0.07740097    0.99265437    0.07740097    0.99451877   -0.07029588   -0.99265437    0.07029588   -0.09846722
    0.10954276   -0.58439145    0.80404417   -0.58439145    0.61647416    0.52768007   -0.80404417   -0.52768007   -0.27398308
    0.48597879   -0.85629746    0.17486931   -0.85629746   -0.42648849    0.29131122   -0.17486931   -0.29131122   -0.94050970
   -0.34386351   -0.72622947    0.59527191   -0.72622947    0.60754255    0.32168743   -0.59527191   -0.32168743   -0.73632095
    0.77249226   -0.50250194   -0.38826217   -0.50250194   -0.10988839   -0.85756419    0.38826217    0.85756419   -0.33739613
   -0.12048885    0.85349579   -0.50697868    0.85349579    0.34987746    0.38617445    0.50697868   -0.38617445   -0.77061139
    0.46527030   -0.54508711    0.69742640   -0.54508711    0.44435486    0.71093516   -0.69742640   -0.71093516   -0.09037484
    0.36691013   -0.00806323   -0.93022145   -0.00806323    0.99989730   -0.01184759    0.93022145    0.01184759    0.36680743
    0.99999127   -0.00297258   -0.00293762   -0.00297258   -0.01182731   -0.99992564    0.00293762    0.99992564   -0.01183604
    0.90016628    0.25298489    0.35454100    0.25298489    0.35892051   -0.89842903   -0.35454100    0.89842903    0.25908678
    0.96398676   -0.16396752   -0.20939004   -0.16396752    0.25345942   -0.95334830    0.20939004    0.95334830    0.21744618
    0.65750575   -0.21285081   -0.72275910   -0.21285081    0.86771904   -0.44917502    0.72275910    0.44917502    0.52522479
    0.80958985   -0.35137827   -0.47021015   -0.35137827    0.35157508   -0.86771440    0.47021015    0.86771440    0.16116493
    0.98376042    0.17331953    0.04664513    0.17331953   -0.84978103   -0.49782782   -0.04664513    0.49782782   -0.86602061
    0.97650333    0.19850555   -0.08388555    0.19850555   -0.67702315    0.70868554    0.08388555   -0.70868554   -0.70051982
   -0.81773887   -0.44556398   -0.36438425   -0.44556398    0.89078340   -0.08931783    0.36438425    0.08931783   -0.92695547
    0.23149357    0.49018075   -0.84031754    0.49018075    0.68734528    0.53598443    0.84031754   -0.53598443   -0.08116116
    0.40934423    0.17203000   -0.89601506    0.17203000    0.94989583    0.26096666    0.89601506   -0.26096666    0.35924006
    0.54734817    0.45190859   -0.70440656    0.45190859    0.54883343    0.70324995    0.70440656   -0.70324995    0.09618159
    0.58550750   -0.79457772   -0.16070846   -0.79457772   -0.52319706   -0.30807642    0.16070846    0.30807642   -0.93768956
    0.83288209    0.25499170    0.49120939    0.25499170    0.61092879   -0.74949666   -0.49120939    0.74949666    0.44381088
    0.26613053   -0.57818706   -0.77128093   -0.57818706    0.54446903   -0.60766208    0.77128093    0.60766208   -0.18940044
    0.72531675   -0.09454597    0.68189198   -0.09454597    0.96745728    0.23470722   -0.68189198   -0.23470722    0.69277403
    0.93746775    0.07824826   -0.33916283    0.07824826    0.90208588    0.42440344    0.33916283   -0.42440344    0.83955363
    0.67896838    0.12185584    0.72398418    0.12185584    0.95374647   -0.27480688   -0.72398418    0.27480688    0.63271485
   -0.69364560    0.59321959    0.40859063    0.59321959    0.79221776   -0.14311375   -0.40859063    0.14311375   -0.90142784
    0.91554464    0.34526877   -0.20631888    0.34526877   -0.41152118    0.84346890    0.20631888   -0.84346890   -0.49597654
   -0.49760716    0.78815772   -0.36220785    0.78815772    0.58520993    0.19062203    0.36220785   -0.19062203   -0.91239724
   -0.10707605    0.54203704   -0.83350499    0.54203704    0.73461249    0.40809353    0.83350499   -0.40809353   -0.37246356
    0.99341271    0.09078116   -0.06992834    0.09078116   -0.25107835    0.96370039    0.06992834   -0.96370039   -0.25766564
    0.23424855   -0.40406698   -0.88422706   -0.40406698    0.78678444   -0.46658346    0.88422706    0.46658346    0.02103298
    0.08180724    0.76400473   -0.64000340    0.76400473    0.36429119    0.53253047    0.64000340   -0.53253047   -0.55390156
    0.63297572   -0.52821458   -0.56597800   -0.52821458    0.23980332   -0.81454511    0.56597800    0.81454511   -0.12722096
    0.98277355   -0.00208954   -0.18480200   -0.00208954    0.99974654   -0.02241617    0.18480200    0.02241617    0.98252009
    0.90189155   -0.03530447   -0.43051739   -0.03530447    0.98729564   -0.15492230    0.43051739    0.15492230    0.88918719
    0.18864410    0.29412025   -0.93696675    0.29412025    0.89338006    0.33965476    0.93696675   -0.33965476    0.08202416
   -0.54500417    0.26866747    0.79422179    0.26866747    0.95328025   -0.13811067   -0.79422179    0.13811067   -0.59172392
    0.99582724   -0.04583396   -0.07891362   -0.04583396    0.49655591   -0.86679379    0.07891362    0.86679379    0.49238315
    0.73210875    0.67435125   -0.09626615    0.67435125   -0.69751571    0.24232670    0.09626615   -0.24232670   -0.96540696
    0.97951259   -0.09807239    0.17588889   -0.09807239    0.53053162    0.84197269   -0.17588889   -0.84197269    0.51004421
   -0.07918707   -0.62947130   -0.77297819   -0.62947130    0.63284019   -0.45086492    0.77297819    0.45086492   -0.44634688
   -0.82123363   -0.56210450   -0.09805030   -0.56210450    0.82651239   -0.03026219    0.09805030    0.03026219   -0.99472124
    0.91883102    0.27256263    0.28541054    0.27256263    0.08474415   -0.95839869   -0.28541054    0.95839869    0.00357517
    0.99179757   -0.11805963   -0.04898469   -0.11805963   -0.69926221   -0.70504914    0.04898469    0.70504914   -0.70746464
    0.61804454    0.74874213   -0.23959584    0.74874213   -0.46774909    0.46967649    0.23959584   -0.46967649   -0.84970455
   -0.51016878   -0.32362560    0.79686529   -0.32362560    0.93064780    0.17076635   -0.79686529   -0.17076635   -0.57952098
    0.38179357   -0.70015446   -0.60333855   -0.70015446    0.20703467   -0.68331572    0.60333855    0.68331572   -0.41117176
    0.72304266    0.50252247    0.47400473    0.50252247    0.08820317   -0.86005312   -0.47400473    0.86005312   -0.18875418
   -0.79900384    0.14310837   -0.58404868    0.14310837    0.98861592    0.04646030    0.58404868   -0.04646030   -0.81038792
    0.74075551   -0.30777995   -0.59712040   -0.30777995    0.63459784   -0.70891261    0.59712040    0.70891261    0.37535336
    0.36799953    0.69159906    0.62150389    0.69159906    0.24318211   -0.68011264   -0.62150389    0.68011264   -0.38881836
    0.89800285    0.20988446   -0.38670323    0.20988446    0.56811059    0.79573794    0.38670323   -0.79573794    0.46611344
    0.90753222   -0.16555629    0.38597459   -0.16555629    0.70358449    0.69105715   -0.38597459   -0.69105715    0.61111671
    0.91526570   -0.19803677   -0.35081354   -0.19803677    0.53715839   -0.81990384    0.35081354    0.81990384    0.45242409
    0.09550292    0.57475539    0.81273331    0.57475539    0.63477632   -0.51644484   -0.81273331    0.51644484   -0.26972077
    0.93113089   -0.09062998   -0.35324422   -0.09062998    0.88073328   -0.46486030    0.35324422    0.46486030    0.81186416
    0.34632309   -0.79503482    0.49797585   -0.79503482    0.03303855    0.60566334   -0.49797585   -0.60566334   -0.62063836
    0.76831060   -0.00301106   -0.64007012   -0.00301106    0.99996087   -0.00831842    0.64007012    0.00831842    0.76827147
    0.65937163    0.20248184   -0.72403740    0.20248184    0.87963746    0.43039405    0.72403740   -0.43039405    0.53900909
    0.28759105    0.81474728    0.50346624    0.81474728    0.06821338   -0.57578972   -0.50346624    0.57578972   -0.64419557
   -0.18338045   -0.05151349   -0.98169138   -0.05151349    0.99775758   -0.04273380    0.98169138    0.04273380   -0.18562287
    0.99084477    0.06665353   -0.11740506    0.06665353    0.51473710    0.85475319    0.11740506   -0.85475319    0.50558187
    0.85461671   -0.47387192    0.21231033   -0.47387192   -0.54456953    0.69201837   -0.21231033   -0.69201837   -0.68995282
    0.30291733   -0.24510289    0.92095910   -0.24510289    0.91381879    0.32382062   -0.92095910   -0.32382062    0.21673612
   -0.40171973    0.69760902    0.59326463    0.69760902    0.65281337   -0.29525643   -0.59326463    0.29525643   -0.74890635
   -0.21539105   -0.86633041   -0.45064211   -0.86633041    0.38247992   -0.32121758    0.45064211    0.32121758   -0.83291113
   -0.10127263    0.28266532   -0.95385752    0.28266532    0.92744786    0.24482806    0.95385752   -0.24482806   -0.17382476
    0.94902293    0.24795221    0.19461548    0.24795221   -0.20603822   -0.94660866   -0.19461548    0.94660866   -0.25701529
   -0.01988229   -0.21059006    0.97737225   -0.21059006    0.95651638    0.20181239   -0.97737225   -0.20181239   -0.06336591
    0.42574864    0.07758549    0.90150906    0.07758549    0.98951764   -0.12180035   -0.90150906    0.12180035    0.41526629
   -0.62584358    0.02021527   -0.77968657    0.02021527    0.99974865    0.00969440    0.77968657   -0.00969440   -0.62609493
   -0.39110801   -0.29432284   -0.87201410   -0.29432284    0.93772882   -0.18449586    0.87201410    0.18449586   -0.45337919
    0.98767586   -0.15077710    0.04198405   -0.15077710   -0.84465082    0.51364507   -0.04198405   -0.51364507   -0.85697496
    0.98768657   -0.12450293   -0.09473262   -0.12450293   -0.25886722   -0.95785530    0.09473262    0.95785530   -0.27118066
    0.96655896    0.09359445   -0.23875478    0.09359445    0.73804873    0.66822463    0.23875478   -0.66822463    0.70460770
    0.99166205    0.01614169   -0.12785079    0.01614169    0.96875079    0.24751030    0.12785079   -0.24751030    0.96041284
   -0.21125463   -0.36737855    0.90576182   -0.36737855    0.88857256    0.27472132   -0.90576182   -0.27472132   -0.32268207
    0.31219379    0.63957528   -0.70248025    0.63957528    0.40527357    0.65322033    0.70248025   -0.65322033   -0.28253264
