# Rotation matrices: 82 entries, row-major flattening of 3x3 -> 1x9
# https://github.com/Neurophysics-CFIN/GFO
# Col:  1    2    3    4    5    6    7    8    9
#       R11  R12  R13  R21  R22  R23  R31  R32  R33
# where Rij = R(i,j), i = row index, j = column index

    0.99521430   -0.01627630    0.09635137   -0.01627630    0.94464388    0.32769349   -0.09635137   -0.32769349    0.93985818
    0.89210329   -0.14243642   -0.42879317   -0.14243642    0.81196708   -0.56605771    0.42879317    0.56605771    0.70407037
    0.92626707   -0.08551586    0.36703726   -0.08551586    0.90081823    0.42569185   -0.36703726   -0.42569185    0.82708530
    0.99554103   -0.01353618   -0.09335329   -0.01353618    0.95890799   -0.28339413    0.09335329    0.28339413    0.95444902
    0.99997618    0.00000715    0.00690252    0.00000715    0.99999785   -0.00207266   -0.00690252    0.00207266    0.99997403
    0.77312054   -0.14096469    0.61839598   -0.14096469    0.91241586    0.38422162   -0.61839598   -0.38422162    0.68553640
    0.97161708   -0.10021553   -0.21428276   -0.10021553    0.64615509   -0.75659794    0.21428276    0.75659794    0.61777217
    0.98256266    0.04524289   -0.18034327    0.04524289    0.88261288    0.46791835    0.18034327   -0.46791835    0.86517554
    0.91761406    0.07767191    0.38980957    0.07767191    0.92677239   -0.36750513   -0.38980957    0.36750513    0.84438645
    0.93044386   -0.06004060   -0.36148216   -0.06004060    0.94817317   -0.31203006    0.36148216    0.31203006    0.87861703
    0.89379848   -0.16618857    0.41654008   -0.16618857    0.73994119    0.65181929   -0.41654008   -0.65181929    0.63373967
    0.92637911    0.12927624    0.35370807    0.12927624    0.77299452   -0.62110154   -0.35370807    0.62110154    0.69937363
    0.64324095   -0.04140422   -0.76454351   -0.04140422    0.99519477   -0.08873028    0.76454351    0.08873028    0.63843572
    0.67060841   -0.04649200    0.74035320   -0.04649200    0.99343788    0.10449721   -0.74035320   -0.10449721    0.66404629
    0.73357653   -0.24465008   -0.63404401   -0.24465008    0.77534388   -0.58222694    0.63404401    0.58222694    0.50892041
    0.99846608    0.02858502   -0.04741708    0.02858502    0.46730948    0.88363157    0.04741708   -0.88363157    0.46577557
    0.77400502    0.25880089    0.57787397    0.25880089    0.70363102   -0.66175939   -0.57787397    0.66175939    0.47763604
    0.46928795    0.07233222   -0.88007777    0.07233222    0.99014164    0.11994824    0.88007777   -0.11994824    0.45942959
    0.71995730   -0.24905452    0.64779112   -0.24905452    0.77850466    0.57610966   -0.64779112   -0.57610966    0.49846196
    0.99996808    0.00494292    0.00627787    0.00494292    0.23463484   -0.97207101   -0.00627787    0.97207101    0.23460292
    0.92040924    0.12798047   -0.36941553    0.12798047    0.79420978    0.59401332    0.36941553   -0.59401332    0.71461901
    0.85452033   -0.05023236    0.51698329   -0.05023236    0.98265538    0.17850802   -0.51698329   -0.17850802    0.83717571
    0.46084149   -0.30625866   -0.83296504   -0.30625866    0.82603563   -0.47314983    0.83296504    0.47314983    0.28687712
    0.95024146   -0.16372962    0.26501657   -0.16372962    0.46125055    0.87203242   -0.26501657   -0.87203242    0.41149201
    0.35439797    0.27820940    0.89274946    0.27820940    0.88011117   -0.38471270   -0.89274946    0.38471270    0.23450914
    0.34280892    0.23973432   -0.90830034    0.23973432    0.91254820    0.33133554    0.90830034   -0.33133554    0.25535712
    0.42253203   -0.07532484    0.90321252   -0.07532484    0.99017464    0.11781490   -0.90321252   -0.11781490    0.41270666
    0.95953282   -0.15753279   -0.23340990   -0.15753279    0.38674795   -0.90863053    0.23340990    0.90863053    0.34628077
    0.92625238    0.17788479   -0.33228531    0.17788479    0.57092854    0.80149710    0.33228531   -0.80149710    0.49718093
    0.29129163    0.42787561   -0.85561185    0.42787561    0.74167436    0.51656713    0.85561185   -0.51656713    0.03296600
    0.60075191   -0.17596469   -0.77982919   -0.17596469    0.92244528   -0.34370210    0.77982919    0.34370210    0.52319719
    0.79002966   -0.30332297    0.53277416   -0.30332297    0.56181989    0.76964510   -0.53277416   -0.76964510    0.35184955
    0.96080016   -0.19064476   -0.20128991   -0.19064476    0.07281706   -0.97895467    0.20128991    0.97895467    0.03361722
    0.57250147    0.48082854   -0.66411292    0.48082854    0.45918857    0.74696035    0.66411292   -0.74696035    0.03169005
    0.29271681    0.09010969    0.95194386    0.09010969    0.98851980   -0.12128008   -0.95194386    0.12128008    0.28123660
    0.64206000   -0.37895718   -0.66644611   -0.37895718    0.59879157   -0.70557785    0.66644611    0.70557785    0.24085157
    0.98300662    0.12905591   -0.13054713    0.12905591    0.01988716    0.99143788    0.13054713   -0.99143788    0.00289378
    0.76736076    0.35097575    0.53663162    0.35097575    0.47049357   -0.80959979   -0.53663162    0.80959979    0.23785432
    0.17883270    0.03116656   -0.98338574    0.03116656    0.99881711    0.03732339    0.98338574   -0.03732339    0.17764980
    0.87013792   -0.30467588    0.38734044   -0.30467588    0.28518480    0.90875863   -0.38734044   -0.90875863    0.15532272
    0.99633560   -0.05347901    0.06674861   -0.05347901    0.21951737    0.97414173   -0.06674861   -0.97414173    0.21585297
    0.77774988    0.24213284   -0.58006621    0.24213284    0.73620572    0.63195951    0.58006621   -0.63195951    0.51395560
    0.56204734    0.34942216   -0.74967122    0.34942216    0.72121222    0.59812798    0.74967122   -0.59812798    0.28325957
    0.10101585   -0.07672989    0.99192153   -0.07672989    0.99345097    0.08466226   -0.99192153   -0.08466226    0.09446682
    0.31549595   -0.44832488   -0.83634150   -0.44832488    0.70636375   -0.54777281    0.83634150    0.54777281    0.02185970
    0.82847795    0.37367089   -0.41712630    0.37367089    0.18593595    0.90873422    0.41712630   -0.90873422    0.01441390
    0.06528696    0.22591060    0.97195782    0.22591060    0.94539971   -0.23491229   -0.97195782    0.23491229    0.01068667
    0.18015761   -0.24048180   -0.95378810   -0.24048180    0.92946023   -0.27977168    0.95378810    0.27977168    0.10961784
    0.61848519   -0.46697159    0.63199178   -0.46697159    0.42842988    0.77355373   -0.63199178   -0.77355373    0.04691507
    0.93564519    0.20872413    0.28460905    0.20872413    0.32303795   -0.92308219   -0.28460905    0.92308219    0.25868314
    0.78752301    0.32872567   -0.52129353    0.32872567    0.49142462    0.80649939    0.52129353   -0.80649939    0.27894763
    0.54738910    0.08363930    0.83268820    0.08363930    0.98454405   -0.15387490   -0.83268820    0.15387490    0.53193314
    0.85945648   -0.24146924   -0.45058537   -0.24146924    0.58512929   -0.77415523    0.45058537    0.77415523    0.44458576
    0.95258224    0.18216458   -0.24372761    0.18216458    0.30017926    0.93632712    0.24372761   -0.93632712    0.25276150
    0.54564749    0.37938568    0.74721839    0.37938568    0.68321185   -0.62392955   -0.74721839    0.62392955    0.22885933
    0.38244008   -0.10392357   -0.91811736   -0.10392357    0.98251164   -0.15450165    0.91811736    0.15450165    0.36495172
    0.52572348   -0.36821679    0.76683194   -0.36821679    0.71412541    0.59534972   -0.76683194   -0.59534972    0.23984889
    0.82283443   -0.34544164   -0.45123560   -0.34544164    0.32644966   -0.87982992    0.45123560    0.87982992    0.14928410
    0.81108323    0.13715073   -0.56862437    0.13715073    0.90043064    0.41281272    0.56862437   -0.41281272    0.71151387
    0.75301794    0.06578122    0.65470361    0.06578122    0.98247983   -0.17437380   -0.65470361    0.17437380    0.73549776
    0.83932319   -0.01514803   -0.54342168   -0.01514803    0.99857190   -0.05123183    0.54342168    0.05123183    0.83789509
    0.98427074   -0.07452695    0.16017756   -0.07452695    0.64688330    0.75893856   -0.16017756   -0.75893856    0.63115403
    0.93232413    0.17056319    0.31887289    0.17056319    0.57013039   -0.80365387   -0.31887289    0.80365387    0.50245451
    0.60279667    0.20037773   -0.77232438    0.20037773    0.89891516    0.38961557    0.77232438   -0.38961557    0.50171183
    0.28908942   -0.26550866    0.91974587   -0.26550866    0.90083866    0.34350381   -0.91974587   -0.34350381    0.18992807
    0.99929768    0.01887429    0.03237137    0.01887429    0.49276771   -0.86995618   -0.03237137    0.86995618    0.49206539
    0.99168096    0.04955939   -0.11879704    0.04955939    0.70475756    0.70771509    0.11879704   -0.70771509    0.69643852
    0.59663917    0.22229573    0.77110719    0.22229573    0.87749085   -0.42496402   -0.77110719    0.42496402    0.47413002
    0.95763530   -0.00594403   -0.28792237   -0.00594403    0.99916602   -0.04039730    0.28792237    0.04039730    0.95680132
    0.55146020   -0.20130557    0.80954785   -0.20130557    0.90965365    0.36332671   -0.80954785   -0.36332671    0.46111385
    0.99681564    0.03030805    0.07375635    0.03030805    0.71153448   -0.70199722   -0.07375635    0.70199722    0.70835013
    0.90156908    0.05397852   -0.42925461    0.05397852    0.97039872    0.23539889    0.42925461   -0.23539889    0.87196780
    0.89179213    0.02084946    0.45196470    0.02084946    0.99598273   -0.08708443   -0.45196470    0.08708443    0.88777487
    0.79440494   -0.11390313   -0.59661282   -0.11390313    0.93689574   -0.33053357    0.59661282    0.33053357    0.73130069
    0.99103321   -0.03981433    0.12754602   -0.03981433    0.82321636    0.56632998   -0.12754602   -0.56632998    0.81424957
    0.79213994    0.15669970    0.58988094    0.15669970    0.88186862   -0.44469421   -0.58988094    0.44469421    0.67400856
    0.72061259    0.06731561   -0.69006239    0.06731561    0.98378098    0.16626365    0.69006239   -0.16626365    0.70439357
    0.96419951   -0.01506602    0.26474955   -0.01506602    0.99365972    0.11141529   -0.26474955   -0.11141529    0.95785923
    0.98470769   -0.05020657   -0.16682345   -0.05020657    0.83516553   -0.54770232    0.16682345    0.54770232    0.81987323
    0.98654965    0.01798317   -0.16246967    0.01798317    0.97595643    0.21722258    0.16246967   -0.21722258    0.96250608
    0.99263686    0.03007801    0.11733444    0.03007801    0.87713297   -0.47930478   -0.11733444    0.47930478    0.86976983
    0.98225357    0.01997632    0.18649093    0.01997632    0.97751360   -0.20992405   -0.18649093    0.20992405    0.95976717
