# Rotation matrices: 70 entries, row-major flattening of 3x3 -> 1x9
# https://github.com/Neurophysics-CFIN/GFO
# Col:  1    2    3    4    5    6    7    8    9
#       R11  R12  R13  R21  R22  R23  R31  R32  R33
# where Rij = R(i,j), i = row index, j = column index

    0.90265737   -0.32618902   -0.28073189   -0.32618902   -0.09303888   -0.94071488    0.28073189    0.94071488   -0.19038151
    0.57138578   -0.04263237   -0.81957353   -0.04263237    0.99575955   -0.08151938    0.81957353    0.08151938    0.56714532
    0.62308063   -0.32607534   -0.71094683   -0.32607534    0.71791016   -0.61504462    0.71094683    0.61504462    0.34099079
    0.98269840    0.09124245    0.16117898    0.09124245    0.51881989   -0.85000043   -0.16117898    0.85000043    0.50151829
    0.99366338    0.02749593   -0.10898195    0.02749593    0.88068944    0.47289542    0.10898195   -0.47289542    0.87435282
    0.38757606   -0.20075121    0.89971315   -0.20075121    0.93419420    0.29492398   -0.89971315   -0.29492398    0.32177025
    0.57020956    0.24729235   -0.78339489    0.24729235    0.85771321    0.45074888    0.78339489   -0.45074888    0.42792276
    0.17380657   -0.80278026    0.57038157   -0.80278026    0.21996942    0.55421775   -0.57038157   -0.55421775   -0.60622401
    0.98911630   -0.11307014    0.09414926   -0.11307014   -0.17467952    0.97811155   -0.09414926   -0.97811155   -0.18556321
    0.68715610    0.72232344    0.07788034    0.72232344   -0.66776832   -0.17981746   -0.07788034    0.17981746   -0.98061222
    0.78413647   -0.59006511   -0.19223203   -0.59006511   -0.61294890   -0.52546819    0.19223203    0.52546819   -0.82881242
    0.99800509   -0.03430555    0.05299965   -0.03430555    0.41006217    0.91141217   -0.05299965   -0.91141217    0.40806726
    0.18677021   -0.91373075    0.36085040   -0.91373075   -0.02665186    0.40544519   -0.36085040   -0.40544519   -0.83988165
    0.20591028   -0.95332894   -0.22082775   -0.95332894   -0.14450048   -0.26511045    0.22082775    0.26511045   -0.93859020
    0.89868478    0.16547222    0.40618298    0.16547222    0.72974389   -0.66339490   -0.40618298    0.66339490    0.62842867
    0.99738282   -0.06643387   -0.02853174   -0.06643387   -0.68633858   -0.72424160    0.02853174    0.72424160   -0.68895577
    0.96482003    0.16182475    0.20720776    0.16182475    0.25562041   -0.95313743   -0.20720776    0.95313743    0.22044044
   -0.70553679    0.13320870   -0.69604114    0.13320870    0.98959591    0.05436338    0.69604114   -0.05436338   -0.71594088
    0.97666414    0.06610719    0.20434529    0.06610719    0.81272766   -0.57888132   -0.20434529    0.57888132    0.78939180
    0.77362568    0.38382625    0.50416338    0.38382625    0.34920801   -0.85482815   -0.50416338    0.85482815    0.12283369
    0.78967052    0.00799714   -0.61347902    0.00799714    0.99969593    0.02332568    0.61347902   -0.02332568    0.78936645
    0.41664959   -0.90460005    0.09001041   -0.90460005   -0.40276107    0.13957893   -0.09001041   -0.13957893   -0.98611148
    0.85205112   -0.26496981   -0.45144201   -0.26496981    0.52545096   -0.80851239    0.45144201    0.80851239    0.37750208
    0.66271503    0.42426735   -0.61709481    0.42426735    0.46631839    0.77623732    0.61709481   -0.77623732    0.12903342
    0.99973545    0.01698461    0.01550989    0.01698461   -0.09043687   -0.99575735   -0.01550989    0.99575735   -0.09070143
   -0.38750285    0.01686113   -0.92171430    0.01686113    0.99979510    0.01120080    0.92171430   -0.01120080   -0.38770774
    0.99567631   -0.08558866    0.03610077   -0.08558866   -0.69425185    0.71462504   -0.03610077   -0.71462504   -0.69857554
   -0.25909030   -0.81197797   -0.52303345   -0.81197797    0.47636144   -0.33730038    0.52303345    0.33730038   -0.78272885
    0.51417085    0.10016391   -0.85181895    0.10016391    0.97934910    0.17562041    0.85181895   -0.17562041    0.49351995
    0.82317411    0.50684234    0.25592035    0.50684234   -0.45278023   -0.73355362   -0.25592035    0.73355362   -0.62960612
    0.91718078    0.10691261   -0.38386079    0.10691261    0.86198484    0.49553186    0.38386079   -0.49553186    0.77916563
    0.51741188    0.41570241    0.74798159    0.41570241    0.64191309   -0.64431289   -0.74798159    0.64431289    0.15932497
   -0.46616880    0.76122088   -0.45080974    0.76122088    0.60478137    0.23405613    0.45080974   -0.23405613   -0.86138743
    0.12537870    0.38072464   -0.91614897    0.38072464    0.83426970    0.39880173    0.91614897   -0.39880173   -0.04035160
    0.52317311    0.83130843   -0.18765979    0.83130843   -0.44931781    0.32716939    0.18765979   -0.32716939   -0.92614469
    0.88840592   -0.15340403    0.43266861   -0.15340403    0.78912147    0.59477266   -0.43266861   -0.59477266    0.67752739
    0.23748509   -0.44665219    0.86261385   -0.44665219    0.73836816    0.50528633   -0.86261385   -0.50528633   -0.02414675
    0.82575925    0.27814378   -0.49067066    0.27814378    0.55599387    0.78326679    0.49067066   -0.78326679    0.38175312
    0.84253379   -0.38652226    0.37514979   -0.38652226    0.05122850    0.92085622   -0.37514979   -0.92085622   -0.10623771
    0.63221373    0.61337061   -0.47337331    0.61337061   -0.02294061    0.78946198    0.47337331   -0.78946198   -0.39072688
   -0.05641102   -0.70760192   -0.70435596   -0.70760192    0.52603630   -0.47178950    0.70435596    0.47178950   -0.53037473
   -0.23142192   -0.56858871    0.78939900   -0.56858871    0.73746356    0.36449194   -0.78939900   -0.36449194   -0.49395835
   -0.08012713    0.08602102   -0.99306597    0.08602102    0.99314931    0.07908750    0.99306597   -0.07908750   -0.08697782
    0.92202051   -0.37566721    0.09355386   -0.37566721   -0.80978170    0.45069696   -0.09355386   -0.45069696   -0.88776119
    0.63799325   -0.53480886   -0.55402536   -0.53480886    0.20990282   -0.81848659    0.55402536    0.81848659   -0.15210393
   -0.82489608   -0.29118718   -0.48451676   -0.29118718    0.95353710   -0.07731129    0.48451676    0.07731129   -0.87135898
    0.20935550   -0.58971214   -0.78000632   -0.58971214    0.56015578   -0.58177752    0.78000632    0.58177752   -0.23048872
    0.69282983   -0.64446252    0.32350408   -0.64446252   -0.35212327    0.67873210   -0.32350408   -0.67873210   -0.65929345
    0.09838956   -0.20049915    0.97474078   -0.20049915    0.95541322    0.21676179   -0.97474078   -0.21676179    0.05380278
    0.78677559   -0.09447025   -0.60996683   -0.09447025    0.95814443   -0.27024918    0.60996683    0.27024918    0.74492003
    0.60196893   -0.44729719   -0.66148215   -0.44729719    0.49733880   -0.74335681    0.66148215    0.74335681    0.09930773
    0.77920010   -0.28442593    0.55852403   -0.28442593    0.63361345    0.71946917   -0.55852403   -0.71946917    0.41281355
    0.38903838    0.22472891    0.89339021    0.22472891    0.91733837   -0.32861411   -0.89339021    0.32861411    0.30637675
    0.12549962    0.70431743   -0.69870366    0.70431743    0.43274691    0.56273179    0.69870366   -0.56273179   -0.44175346
   -0.81470044   -0.45455771    0.36005621   -0.45455771    0.88613949    0.09018917   -0.36005621   -0.09018917   -0.92856095
    0.62208919   -0.09495935    0.77716649   -0.09495935    0.97613914    0.19528213   -0.77716649   -0.19528213    0.59822833
    0.76015588    0.11310953   -0.63981972    0.11310953    0.94665800    0.30173642    0.63981972   -0.30173642    0.70681388
    0.45102514    0.38641054   -0.80452670    0.38641054    0.72801467    0.56628750    0.80452670   -0.56628750    0.17903981
   -0.10728882   -0.39378137    0.91292132   -0.39378137    0.85996086    0.32465912   -0.91292132   -0.32465912   -0.24732796
    0.24865844    0.19227066   -0.94931605    0.19227066    0.95079733    0.24293296    0.94931605   -0.24293296    0.19945578
    0.79025632    0.21450975   -0.57400394    0.21450975    0.78061589    0.58704719    0.57400394   -0.58704719    0.57087221
    0.96415774    0.14647213   -0.22123690    0.14647213    0.40143048    0.90410148    0.22123690   -0.90410148    0.36558823
    0.82281039   -0.48684759   -0.29319360   -0.48684759   -0.33766634   -0.80558107    0.29319360    0.80558107   -0.51485595
    0.98002281    0.00273221    0.19886636    0.00273221    0.99962633   -0.02719821   -0.19886636    0.02719821    0.97964914
   -0.09625177    0.81381560   -0.57309665    0.81381560    0.39585427    0.42544514    0.57309665   -0.42544514   -0.70039750
   -0.23775930   -0.05390075    0.96982742   -0.05390075    0.99765278    0.04223311   -0.96982742   -0.04223311   -0.24010651
    0.59714541    0.13156917    0.79126918    0.13156917    0.95703053   -0.25842235   -0.79126918    0.25842235    0.55417594
   -0.42416553    0.82374860    0.37619390    0.82374860    0.52353730   -0.21759353   -0.37619390    0.21759353   -0.90062823
    0.98383495   -0.09243781   -0.15337551   -0.09243781    0.47140606   -0.87705848    0.15337551    0.87705848    0.45524100
    0.89301833    0.32422726    0.31208164    0.32422726    0.01737080   -0.94581972   -0.31208164    0.94581972   -0.08961087
