# Rotation matrices: 78 entries, row-major flattening of 3x3 -> 1x9
# https://github.com/Neurophysics-CFIN/GFO
# Col:  1    2    3    4    5    6    7    8    9
#       R11  R12  R13  R21  R22  R23  R31  R32  R33
# where Rij = R(i,j), i = row index, j = column index

    0.25868512    0.03163633   -0.96544350    0.03163633    0.99864989    0.04120124    0.96544350   -0.04120124    0.25733501
    0.99821544   -0.04739987    0.03632065   -0.04739987   -0.25899184    0.96471575   -0.03632065   -0.96471575   -0.26077640
    0.19316776    0.56129531    0.80475698    0.56129531    0.60951929   -0.55985159   -0.80475698    0.55985159   -0.19731294
   -0.91204653    0.11214773   -0.39445407    0.11214773    0.99342217    0.02313601    0.39445407   -0.02313601   -0.91862436
    0.98487337   -0.16123058   -0.06347559   -0.16123058   -0.71851202   -0.67656867    0.06347559    0.67656867   -0.73363866
    0.99963250   -0.01875170    0.01957648   -0.01875170    0.04319371    0.99889072   -0.01957648   -0.99889072    0.04282621
    0.99594394    0.00341137    0.08991127    0.00341137    0.99713085   -0.07562029   -0.08991127    0.07562029    0.99307479
    0.28000599   -0.64108050    0.71457151   -0.64108050    0.42918385    0.63625232   -0.71457151   -0.63625232   -0.29081016
    0.77589698    0.58586296    0.23398389    0.58586296   -0.53159657   -0.61169410   -0.23398389    0.61169410   -0.75569958
   -0.56066265   -0.40154924    0.72416545   -0.40154924    0.89668376    0.18632347   -0.72416545   -0.18632347   -0.66397889
    0.75546928   -0.40016686    0.51877997   -0.40016686    0.34513949    0.84896715   -0.51877997   -0.84896715    0.10060877
   -0.28940116   -0.93239845    0.21651811   -0.93239845    0.32575919    0.15656970   -0.21651811   -0.15656970   -0.96364196
    0.11248225    0.85684632    0.50315219    0.85684632    0.17276514   -0.48576392   -0.50315219    0.48576392   -0.71475260
    0.50428427    0.22973597    0.83241742    0.22973597    0.89353048   -0.38577801   -0.83241742    0.38577801    0.39781474
   -0.62867911   -0.59180057    0.50451429   -0.59180057    0.78496199    0.18332147   -0.50451429   -0.18332147   -0.84371712
    0.99971753   -0.00426660   -0.02338047   -0.00426660    0.93555340   -0.35315951    0.02338047    0.35315951    0.93527093
   -0.51108470    0.64327650   -0.57007700    0.64327650    0.72615390    0.24268470    0.57007700   -0.24268470   -0.78493080
    0.97364832    0.09323073    0.20812729    0.09323073    0.67015498   -0.73634254   -0.20812729    0.73634254    0.64380330
   -0.54777001    0.10340334    0.83021429    0.10340334    0.99309183   -0.05546492   -0.83021429    0.05546492   -0.55467818
    0.16832797   -0.96932430   -0.17909804   -0.96932430   -0.12975975   -0.20874103    0.17909804    0.20874103   -0.96143178
   -0.84639901    0.36935559    0.38364719    0.36935559    0.92611372   -0.07674519   -0.38364719    0.07674519   -0.92028529
    0.14371902    0.93582499    0.32183292    0.93582499   -0.02275822   -0.35172951   -0.32183292    0.35172951   -0.87903920
   -0.12058830   -0.64791573    0.75210616   -0.64791573    0.62538000    0.43486212   -0.75210616   -0.43486212   -0.49520830
    0.71061719   -0.62934873    0.31455268   -0.62934873   -0.36870543    0.68408807   -0.31455268   -0.68408807   -0.65808824
   -0.00730860    0.32247616    0.94654937    0.32247616    0.89676364   -0.30302492   -0.94654937    0.30302492   -0.11054496
    0.21035410    0.49566530   -0.84265477    0.49566530    0.68886803    0.52893927    0.84265477   -0.52893927   -0.10077787
    0.44996682    0.19320391   -0.87189570    0.19320391    0.93213546    0.30626090    0.87189570   -0.30626090    0.38210228
   -0.04797888    0.75087078   -0.65870411    0.75087078    0.46200545    0.47195767    0.65870411   -0.47195767   -0.58597343
    0.23237279    0.22169562    0.94702373    0.22169562    0.93597290   -0.27350647   -0.94702373    0.27350647    0.16834569
    0.35234304   -0.31758122   -0.88033888   -0.31758122    0.84427276   -0.43167775    0.88033888    0.43167775    0.19661580
    0.83192418    0.35644486   -0.42526371    0.35644486    0.24407368    0.90187311    0.42526371   -0.90187311    0.07599785
    0.81467485    0.55257726   -0.17596383    0.55257726   -0.64759947    0.52466494    0.17596383   -0.52466494   -0.83292463
    0.29679964   -0.35365106    0.88704053   -0.35365106    0.82214304    0.44610732   -0.88704053   -0.44610732    0.11894268
    0.68860356    0.13915716   -0.71166033    0.13915716    0.93781331    0.31802750    0.71166033   -0.31802750    0.62641687
    0.82019634    0.32780588    0.46885102    0.32780588    0.40236650   -0.85477746   -0.46885102    0.85477746    0.22256284
    0.76800475   -0.23433417    0.59603372   -0.23433417    0.76330333    0.60204280   -0.59603372   -0.60204280    0.53130808
   -0.54044974    0.32234521   -0.77717929    0.32234521    0.93254799    0.16262784    0.77717929   -0.16262784   -0.60790175
    0.88923466    0.13200624    0.43799095    0.13200624    0.84267960   -0.52198223   -0.43799095    0.52198223    0.73191426
    0.99960198    0.00624922   -0.02751049    0.00624922    0.90188212    0.43193702    0.02751049   -0.43193702    0.90148410
    0.85532759    0.41390349    0.31160651    0.41390349   -0.18416564   -0.89149701   -0.31160651    0.89149701   -0.32883805
   -0.00484006    0.95453790   -0.29805028    0.95453790    0.09324614    0.28312992    0.29805028   -0.28312992   -0.91159392
    0.99860121    0.03106068   -0.04278854    0.03106068    0.31028567    0.95013580    0.04278854   -0.95013580    0.30888688
    0.30211107    0.66270026   -0.68524248    0.66270026    0.37071413    0.65069147    0.68524248   -0.65069147   -0.32717479
    0.90637044   -0.30705584    0.29018846   -0.30705584   -0.00698206    0.95166589   -0.29018846   -0.95166589   -0.10061163
    0.55014724   -0.23105657    0.80246549   -0.23105657    0.88132308    0.41216803   -0.80246549   -0.41216803    0.43147033
    0.94353738   -0.28512919   -0.16863735   -0.28512919   -0.43986689   -0.85159760    0.16863735    0.85159760   -0.49632951
    0.67898852    0.26083991   -0.68624860    0.26083991    0.78805288    0.55761563    0.68624860   -0.55761563    0.46704140
    0.37478854    0.04626204    0.92595538    0.04626204    0.99657688   -0.06851536   -0.92595538    0.06851536    0.37136542
   -0.02341451   -0.22310888    0.97451228   -0.22310888    0.95136128    0.21244798   -0.97451228   -0.21244798   -0.07205323
    0.76163093   -0.02395037    0.64756831   -0.02395037    0.99759356    0.06506506   -0.64756831   -0.06506506    0.75922449
    0.99469375   -0.09016218    0.04954927   -0.09016218   -0.53200746    0.84192568   -0.04954927   -0.84192568   -0.53731371
    0.77595627   -0.13869178    0.61535068   -0.13869178    0.91414440    0.38092599   -0.61535068   -0.38092599    0.69010066
    0.77150961   -0.36092935   -0.52393027   -0.36092935    0.42986662   -0.82761385    0.52393027    0.82761385    0.20137623
    0.56209881    0.68128442   -0.46893119    0.68128442   -0.05993881    0.72956074    0.46893119   -0.72956074   -0.49784000
    0.99678449   -0.02694723   -0.07546203   -0.02694723    0.77417143   -0.63240212    0.07546203    0.63240212    0.77095593
    0.82499751   -0.14453958   -0.54634001   -0.14453958    0.88062061   -0.45123790    0.54634001    0.45123790    0.70561813
    0.99380873    0.00815015   -0.11080514    0.00815015    0.98927119    0.14586323    0.11080514   -0.14586323    0.98307993
   -0.71924588    0.32897367    0.61193274    0.32897367    0.93705166   -0.11709190   -0.61193274    0.11709190   -0.78219422
   -0.38892867   -0.80710691   -0.44419919   -0.80710691    0.53098991   -0.25812430    0.44419919    0.25812430   -0.85793877
    0.96409265    0.14337436    0.22353782    0.14337436    0.42752093   -0.89256353   -0.22353782    0.89256353    0.39161358
    0.60126291   -0.36588841    0.71035806   -0.36588841    0.66425413    0.65183749   -0.71035806   -0.65183749    0.26551705
    0.91861493   -0.30312091   -0.25350408   -0.30312091   -0.12898214   -0.94418289    0.25350408    0.94418289   -0.21036721
    0.92506341   -0.14296227    0.35187993   -0.14296227    0.72725996    0.67130823   -0.35187993   -0.67130823    0.65232336
    0.96102359   -0.06990806    0.26748183   -0.06990806    0.87461298    0.47975514   -0.26748183   -0.47975514    0.83563657
    0.87737199    0.20315549   -0.43467946    0.20315549    0.66343615    0.72012521    0.43467946   -0.72012521    0.54080814
    0.72670521    0.35237869   -0.58968534    0.35237869    0.54565274    0.76032385    0.58968534   -0.76032385    0.27235794
   -0.49904725   -0.27552637   -0.82160639   -0.27552637    0.94935798   -0.15101207    0.82160639    0.15101207   -0.54968927
    0.85285524   -0.26252635    0.45135113   -0.26252635    0.53161711    0.80527211   -0.45135113   -0.80527211    0.38447235
    0.05798526    0.02078960    0.99810095    0.02078960    0.99954119   -0.02202738   -0.99810095    0.02202738    0.05752645
    0.53770813    0.51212597   -0.66977381    0.51212597    0.43266791    0.74197403    0.66977381   -0.74197403   -0.02962395
    0.95610017    0.19559932    0.21820490    0.19559932    0.12849112   -0.97222988   -0.21820490    0.97222988    0.08459129
    0.44436327   -0.50468151    0.74016070   -0.50468151    0.54160081    0.67228352   -0.74016070   -0.67228352   -0.01403591
    0.42514221   -0.12428964   -0.89655239   -0.12428964    0.97312742   -0.19384302    0.89655239    0.19384302    0.39826962
    0.98808744    0.07127920   -0.13639094    0.07127920    0.57349854    0.81609968    0.13639094   -0.81609968    0.56158598
    0.43378152   -0.72651096    0.53293097   -0.72651096    0.06781889    0.68379999   -0.53293097   -0.68379999   -0.49839960
    0.84934513   -0.43390441    0.30056581   -0.43390441   -0.24969768    0.86566623   -0.30056581   -0.86566623   -0.40035255
    0.29618459   -0.15469351    0.94252035   -0.15469351    0.96599949    0.20715912   -0.94252035   -0.20715912    0.26218408
    0.95010351   -0.07087287   -0.30377681   -0.07087287    0.89933231   -0.43148399    0.30377681    0.43148399    0.84943582
