# Rotation matrices: 100 entries, row-major flattening of 3x3 -> 1x9
# https://github.com/Neurophysics-CFIN/GFO
# Col:  1    2    3    4    5    6    7    8    9
#       R11  R12  R13  R21  R22  R23  R31  R32  R33
# where Rij = R(i,j), i = row index, j = column index

   -0.16572330    0.97915630   -0.11742541    0.97915630    0.17755178    0.09863218    0.11742541   -0.09863218   -0.98817153
    0.70791354   -0.25887330   -0.65714765   -0.25887330    0.77056318   -0.58242338    0.65714765    0.58242338    0.47847672
    0.49843882    0.71112039   -0.49584931    0.71112039   -0.00823633    0.70302202    0.49584931   -0.70302202   -0.50979751
    0.75271148   -0.07431011   -0.65414329   -0.07431011    0.97766984   -0.19656982    0.65414329    0.19656982    0.73038132
    0.95564682    0.19100112    0.22418236    0.19100112    0.17747892   -0.96541173   -0.22418236    0.96541173    0.13312573
    0.99922304    0.01583602    0.03609061    0.01583602    0.67722878   -0.73560206   -0.03609061    0.73560206    0.67645183
    0.82488727    0.56390968    0.03958356    0.56390968   -0.81593956   -0.12746962   -0.03958356    0.12746962   -0.99105229
    0.49763389   -0.07686758    0.86397447   -0.07686758    0.98823841    0.13219767   -0.86397447   -0.13219767    0.48587230
    0.60483520   -0.17904236   -0.77596276   -0.17904236    0.91887899   -0.35157536    0.77596276    0.35157536    0.52371419
    0.98551105    0.14533725   -0.08743602    0.14533725   -0.45786360    0.87706215    0.08743602   -0.87706215   -0.47235255
    0.74697467    0.02705562   -0.66430177    0.02705562    0.99710698    0.07103280    0.66430177   -0.07103280    0.74408165
    0.42710436    0.30994851   -0.84941968    0.30994851    0.83231138    0.45955379    0.84941968   -0.45955379    0.25941574
   -0.86263579   -0.14185266    0.48552788   -0.14185266    0.98919693    0.03697632   -0.48552788   -0.03697632   -0.87343885
    0.33303009   -0.61423661   -0.71540502   -0.61423661    0.43432738   -0.65884225    0.71540502    0.65884225   -0.23264253
    0.66755297    0.32270920    0.67099314    0.32270920    0.68674338   -0.65133885   -0.67099314    0.65133885    0.35429636
    0.93470098    0.00635289    0.35537827    0.00635289    0.99938193   -0.03457449   -0.35537827    0.03457449    0.93408291
    0.62892009    0.68696734    0.36405410    0.68696734   -0.27175877   -0.67396071   -0.36405410    0.67396071   -0.64283868
    0.80685546   -0.40678876    0.42837737   -0.40678876    0.14324737    0.90222120   -0.42837737   -0.90222120   -0.04989717
    0.81734817   -0.26987084    0.50903016   -0.26987084    0.60126176    0.75209975   -0.50903016   -0.75209975    0.41860993
    0.98921318   -0.00988220   -0.14614936   -0.00988220    0.99094656   -0.13389270    0.14614936    0.13389270    0.98015974
    0.91463885   -0.05161111    0.40096391   -0.05161111    0.96879486    0.24243104   -0.40096391   -0.24243104    0.88343371
    0.50513420    0.09007169    0.85832775    0.09007169    0.98360584   -0.15622625   -0.85832775    0.15622625    0.48874004
    0.91337415    0.23966439   -0.32910278    0.23966439    0.33692978    0.91051595    0.32910278   -0.91051595    0.25030394
   -0.05906112   -0.49581713    0.86641627   -0.49581713    0.76787494    0.40562723   -0.86641627   -0.40562723   -0.29118618
    0.27627038    0.68304388    0.67611074    0.68304388    0.35535464   -0.63810198   -0.67611074    0.63810198   -0.36837498
    0.59764577    0.08996938   -0.79669633    0.08996938    0.97988218    0.17814718    0.79669633   -0.17814718    0.57752796
   -0.11609880    0.59673548   -0.79399486    0.59673548    0.68094828    0.42451878    0.79399486   -0.42451878   -0.43515051
   -0.30268199   -0.23535874    0.92357451   -0.23535874    0.95747716    0.16686447   -0.92357451   -0.16686447   -0.34520483
    0.94228268   -0.17539756    0.28520001   -0.17539756    0.46698313    0.86669629   -0.28520001   -0.86669629    0.40926581
   -0.28600604    0.04377849   -0.95722724    0.04377849    0.99850968    0.03258613    0.95722724   -0.03258613   -0.28749636
    0.30696343   -0.34127590    0.88842795   -0.34127590    0.83194359    0.43749357   -0.88842795   -0.43749357    0.13890702
    0.17519962    0.79249255    0.58417519    0.79249255    0.23854977   -0.56129276   -0.58417519    0.56129276   -0.58625061
    0.90600987   -0.06089502   -0.41885310   -0.06089502    0.96054689   -0.27136962    0.41885310    0.27136962    0.86655676
    0.54214712   -0.26986749    0.79576883   -0.26986749    0.84093479    0.46904181   -0.79576883   -0.46904181    0.38308191
    0.26005069   -0.62058372    0.73976313   -0.62058372    0.47952631    0.62042757   -0.73976313   -0.62042757   -0.26042300
   -0.66459391   -0.05560289   -0.74513304   -0.05560289    0.99814268   -0.02488989    0.74513304    0.02488989   -0.66645123
    0.44674542    0.38405203    0.80803624    0.38405203    0.73340308   -0.56091350   -0.80803624    0.56091350    0.18014851
    0.84713667    0.43230079   -0.30899108    0.43230079   -0.22255596    0.87383343    0.30899108   -0.87383343   -0.37541929
    0.98194538   -0.01735286    0.18836708   -0.01735286    0.98332164    0.18104540   -0.18836708   -0.18104540    0.96526701
    0.00768526    0.78006159   -0.62565554    0.78006159    0.38679125    0.49182969    0.62565554   -0.49182969   -0.60552349
   -0.39301221    0.75762138   -0.52110580    0.75762138    0.58795038    0.28341524    0.52110580   -0.28341524   -0.80506183
   -0.15334060   -0.01839273    0.98800221   -0.01839273    0.99970668    0.01575602   -0.98800221   -0.01575602   -0.15363391
    0.33351035    0.22163748    0.91632291    0.22163748    0.92629567   -0.30471816   -0.91632291    0.30471816    0.25980603
   -0.82153134    0.06908406   -0.56596259    0.06908406    0.99737989    0.02146490    0.56596259   -0.02146490   -0.82415144
    0.12332337   -0.85909534   -0.49673589   -0.85909534    0.15813337   -0.48677411    0.49673589    0.48677411   -0.71854326
   -0.30819118   -0.60330525   -0.73555487   -0.60330525    0.72177062   -0.33921962    0.73555487    0.33921962   -0.58642057
    0.99819942   -0.01263561    0.05863674   -0.01263561    0.91132952    0.41148370   -0.05863674   -0.41148370    0.90952894
    0.80071446    0.33392568    0.49734293    0.33392568    0.44046940   -0.83335488   -0.49734293    0.83335488    0.24118386
    0.95808659    0.24082933    0.15514934    0.24082933   -0.38377591   -0.89146917   -0.15514934    0.89146917   -0.42568932
    0.95134168    0.04844665    0.30430565    0.04844665    0.95176410   -0.30298189   -0.30430565    0.30298189    0.90310578
    0.98738219    0.06688609   -0.14353627    0.06688609    0.64544172    0.76087531    0.14353627   -0.76087531    0.63282391
    0.95489922   -0.25156768    0.15773771   -0.25156768   -0.40321952    0.87984528   -0.15773771   -0.87984528   -0.44832031
    0.73191499    0.37887582   -0.56635109    0.37887582    0.46454712    0.80040557    0.56635109   -0.80040557    0.19646211
    0.91288857   -0.30557835   -0.27065908   -0.30557835   -0.07193882   -0.94944546    0.27065908    0.94944546   -0.15905025
    0.91888348    0.10094770   -0.38139574    0.10094770    0.87437285    0.47463848    0.38139574   -0.47463848    0.79325633
   -0.03345480    0.16115369   -0.98636214    0.16115369    0.97487020    0.15381020    0.98636214   -0.15381020   -0.05858460
    0.81356704    0.55038674   -0.18757163    0.55038674   -0.62484979    0.55374830    0.18757163   -0.55374830   -0.81128275
    0.34742770    0.54189934    0.76527060    0.54189934    0.55000404   -0.63548458   -0.76527060    0.63548458   -0.10256826
    0.65252300    0.61603813    0.44126042    0.61603813   -0.09216718   -0.78230571   -0.44126042    0.78230571   -0.43964419
    0.99624931   -0.02556403   -0.08266675   -0.02556403    0.82576014   -0.56344180    0.08266675    0.56344180    0.82200945
    0.74513548   -0.54117450    0.38974770   -0.54117450   -0.14911971    0.82758291   -0.38974770   -0.82758291   -0.40398422
    0.99984174    0.01403255   -0.01093563    0.01403255   -0.24421262    0.96962017    0.01093563   -0.96962017   -0.24437089
    0.99801173    0.01123094    0.06201976    0.01123094    0.93656084   -0.35032507   -0.06201976    0.35032507    0.93457257
    0.52951836    0.82717205    0.18814011    0.82717205   -0.45428333   -0.33077643   -0.18814011    0.33077643   -0.92476497
    0.80210378   -0.14747673   -0.57868829   -0.14747673    0.89009701   -0.43125158    0.57868829    0.43125158    0.69220079
    0.97954438   -0.17767843   -0.09446258   -0.17767843   -0.54332293   -0.82050629    0.09446258    0.82050629   -0.56377855
    0.09594452   -0.11311456    0.98893870   -0.11311456    0.98584721    0.12373507   -0.98893870   -0.12373507    0.08179173
    0.68071148   -0.52759735   -0.50820560   -0.52759735    0.12818990   -0.83976687    0.50820560    0.83976687   -0.19109862
    0.56821044   -0.49710241    0.65576374   -0.49710241    0.42770546    0.75495512   -0.65576374   -0.75495512   -0.00408409
    0.97083881   -0.09719929   -0.21914449   -0.09719929    0.67601797   -0.73044644    0.21914449    0.73044644    0.64685677
    0.16857241    0.38656495   -0.90672536    0.38656495    0.82027002    0.42157399    0.90672536   -0.42157399   -0.01115757
    0.95612546   -0.07373112    0.28352748   -0.07373112    0.87609494    0.47646760   -0.28352748   -0.47646760    0.83222040
    0.99801982   -0.03711848    0.05078051   -0.03711848    0.30421452    0.95188011   -0.05078051   -0.95188011    0.30223434
    0.89859599    0.12635351    0.42019049    0.12635351    0.84255842   -0.52357435   -0.42019049    0.52357435    0.74115441
    0.56897078   -0.79883579    0.19527835   -0.79883579   -0.48049967    0.36191359   -0.19527835   -0.36191359   -0.91152889
    0.77520050    0.12460196   -0.61930488    0.12460196    0.93093557    0.34326857    0.61930488   -0.34326857    0.70613608
    0.74953236   -0.35361797   -0.55960305   -0.35361797    0.50075119   -0.79006492    0.55960305    0.79006492    0.25028356
   -0.20151541   -0.32971413   -0.92232322   -0.32971413    0.90952142   -0.25309954    0.92232322    0.25309954   -0.29199399
    0.54687390    0.52894466   -0.64895800    0.52894466    0.38255057    0.75754380    0.64895800   -0.75754380   -0.07057553
    0.89230602    0.05696643   -0.44782227    0.05696643    0.96986671    0.23688267    0.44782227   -0.23688267    0.86217273
    0.92806230   -0.14619053    0.34253275   -0.14619053    0.70291416    0.69608909   -0.34253275   -0.69608909    0.63097646
   -0.48005081    0.51728025   -0.70850008    0.51728025    0.81920968    0.24762197    0.70850008   -0.24762197   -0.66084113
   -0.17550636    0.59801703    0.78203142    0.59801703    0.69576994   -0.39784396   -0.78203142    0.39784396   -0.47973642
    0.99348525   -0.03950759    0.10689344   -0.03950759    0.76041299    0.64823702   -0.10689344   -0.64823702    0.75389824
    0.95894235    0.00957591   -0.28343938    0.00957591    0.99776660    0.06610683    0.28343938   -0.06610683    0.95670895
    0.98961991    0.04318367   -0.13706786    0.04318367    0.82034549    0.57023544    0.13706786   -0.57023544    0.80996540
    0.94843306   -0.19639496   -0.24880465   -0.19639496    0.25202119   -0.94758342    0.24880465    0.94758342    0.20045425
   -0.35923112    0.16734297    0.91812272    0.16734297    0.97939742   -0.11303551   -0.91812272    0.11303551   -0.37983370
    0.97939261    0.15012689    0.13510007    0.15012689   -0.09368944   -0.98421756   -0.13510007    0.98421756   -0.11429683
    0.44904129   -0.82054840    0.35364141   -0.82054840   -0.22205106    0.52668174   -0.35364141   -0.52668174   -0.77300977
    0.86469520   -0.19592860   -0.46250859   -0.19592860    0.71628490   -0.66973721    0.46250859    0.66973721    0.58098010
   -0.54315600   -0.17107797    0.82201818   -0.17107797    0.98103389    0.09113090   -0.82201818   -0.09113090   -0.56212212
    0.34897645   -0.44846848   -0.82285567   -0.44846848    0.69106498   -0.56683792    0.82285567    0.56683792    0.04004143
    0.01544681   -0.31122376    0.95021112   -0.31122376    0.90162012    0.30036800   -0.95021112   -0.30036800   -0.08293307
   -0.51743753   -0.60580364   -0.60436773   -0.60580364    0.75814619   -0.24128056    0.60436773    0.24128056   -0.75929134
    0.23358443    0.20273831   -0.95096556    0.20273831    0.94637006    0.25155694    0.95096556   -0.25155694    0.17995449
    0.74895603   -0.23502715    0.61953782   -0.23502715    0.77996779    0.58001076   -0.61953782   -0.58001076    0.52892382
    0.82275396    0.38071829   -0.42205391    0.38071829    0.18223043    0.90655703    0.42205391   -0.90655703    0.00498439
    0.99271665   -0.08505390    0.08531989   -0.08505390    0.00675272    0.99635347   -0.08531989   -0.99635347   -0.00053063
    0.78979695    0.54387872   -0.28357842    0.54387872   -0.40723009    0.73372992    0.28357842   -0.73372992   -0.61743314
