# Rotation matrices: 94 entries, row-major flattening of 3x3 -> 1x9
# https://github.com/Neurophysics-CFIN/GFO
# Col:  1    2    3    4    5    6    7    8    9
#       R11  R12  R13  R21  R22  R23  R31  R32  R33
# where Rij = R(i,j), i = row index, j = column index

   -0.24323004    0.57260765    0.78291738    0.57260765    0.73626802   -0.36059657   -0.78291738    0.36059657   -0.50696202
    0.78278138   -0.11860782    0.61088910   -0.11860782    0.93523661    0.33356359   -0.61088910   -0.33356359    0.71801799
    0.94791550   -0.16540082    0.27221090   -0.16540082    0.47474907    0.86443964   -0.27221090   -0.86443964    0.42266457
    0.66841351   -0.24362307    0.70275969   -0.24362307    0.82100537    0.51633127   -0.70275969   -0.51633127    0.48941888
    0.93008553    0.20038398    0.30787525    0.20038398    0.42567342   -0.88241056   -0.30787525    0.88241056    0.35575895
    0.99882432   -0.02283354    0.04276228   -0.02283354    0.55653805    0.83050830   -0.04276228   -0.83050830    0.55536237
   -0.04327846    0.25870032   -0.96498763    0.25870032    0.93585044    0.23928665    0.96498763   -0.23928665   -0.10742802
    0.48565127    0.78110562    0.39244982    0.78110562   -0.18621073   -0.59598622   -0.39244982    0.59598622   -0.70055946
    0.99999634    0.00104772    0.00249368    0.00104772    0.69991697   -0.71422345   -0.00249368    0.71422345    0.69991331
    0.99652200    0.07152437   -0.04275715    0.07152437   -0.47088310    0.87929140    0.04275715   -0.87929140   -0.47436110
    0.93370323   -0.27123992   -0.23372458   -0.27123992   -0.10972369   -0.95623722    0.23372458    0.95623722   -0.17602046
    0.92015290    0.24305849   -0.30698733    0.24305849    0.26011808    0.93448443    0.30698733   -0.93448443    0.18027097
   -0.73209647    0.37204073    0.57063162    0.37204073    0.92008857   -0.12256719   -0.57063162    0.12256719   -0.81200790
    0.99927728    0.00461658    0.03773061    0.00461658    0.97051013   -0.24101612   -0.03773061    0.24101612    0.96978742
    0.40719963    0.09790420   -0.90807666    0.09790420    0.98383059    0.14997379    0.90807666   -0.14997379    0.39103022
    0.72443208   -0.03896610    0.68824400   -0.03896610    0.99449008    0.09731969   -0.68824400   -0.09731969    0.71892216
    0.86981547    0.00150768    0.49337489    0.00150768    0.99998254   -0.00571384   -0.49337489    0.00571384    0.86979801
    0.99956723    0.00017470   -0.02941643    0.00017470    0.99992948    0.01187454    0.02941643   -0.01187454    0.99949671
    0.49162488   -0.06320700   -0.86851013   -0.06320700    0.99214138   -0.10798310    0.86851013    0.10798310    0.48376627
    0.70498579   -0.05495590   -0.70708903   -0.05495590    0.98976269   -0.13171811    0.70708903    0.13171811    0.69474848
    0.99777411   -0.02237176    0.06281983   -0.02237176    0.77514812    0.63138332   -0.06281983   -0.63138332    0.77292223
    0.16334340    0.77882681    0.60559700    0.77882681    0.27500577   -0.56373808   -0.60559700    0.56373808   -0.56165083
    0.00129756   -0.51400178   -0.85778814   -0.51400178    0.73545891   -0.44147747    0.85778814    0.44147747   -0.26324353
    0.60267053   -0.77374773    0.19519907   -0.77374773   -0.50677360    0.38012493   -0.19519907   -0.38012493   -0.90410307
    0.99995393   -0.00564627    0.00776316   -0.00564627    0.30806930    0.95134716   -0.00776316   -0.95134716    0.30802323
    0.98074784   -0.11193581   -0.16001265   -0.11193581    0.34918340   -0.93034474    0.16001265    0.93034474    0.32993124
    0.75253816   -0.14627518   -0.64209803   -0.14627518    0.91353645   -0.37954543    0.64209803    0.37954543    0.66607461
    0.50957593   -0.69398350   -0.50864454   -0.69398350    0.01796602   -0.71976671    0.50864454    0.71976671   -0.47245805
    0.52789890    0.41401258    0.74156344    0.41401258    0.63692859   -0.65031959   -0.74156344    0.65031959    0.16482749
    0.39396450   -0.79424320    0.46256859   -0.79424320   -0.04089987    0.60622185   -0.46256859   -0.60622185   -0.64693536
   -0.74789650    0.57425119    0.33299609    0.57425119    0.81133641   -0.10940201   -0.33299609    0.10940201   -0.93656009
    0.96814603   -0.08153224   -0.23673984   -0.08153224    0.79131307   -0.60595059    0.23673984    0.60595059    0.75945910
    0.81423858   -0.43762720    0.38144196   -0.43762720   -0.03098678    0.89862242   -0.38144196   -0.89862242   -0.21674820
    0.54931620   -0.19759860   -0.81191533   -0.19759860    0.91336452   -0.35597759    0.81191533    0.35597759    0.46268072
    0.85399421   -0.16381927    0.49381892   -0.16381927    0.81619390    0.55406747   -0.49381892   -0.55406747    0.67018811
   -0.34461720   -0.48501747   -0.80373941   -0.48501747    0.82504913   -0.28991720    0.80373941    0.28991720   -0.51956807
   -0.58879193    0.24994804    0.76866771    0.24994804    0.96067829   -0.12092646   -0.76866771    0.12092646   -0.62811364
    0.06211783   -0.29351243   -0.95393492   -0.29351243    0.90814459   -0.29853618    0.95393492    0.29853618   -0.02973758
   -0.26702458    0.75421431    0.59988220    0.75421431    0.55104326   -0.35708837   -0.59988220    0.35708837   -0.71598132
   -0.20362585    0.68432379   -0.70016960    0.68432379    0.61092640    0.39808277    0.70016960   -0.39808277   -0.59269945
    0.96078813    0.12031625    0.24982026    0.12031625    0.63082603   -0.76653932   -0.24982026    0.76653932    0.59161416
    0.32632773   -0.62960470   -0.70505896   -0.62960470    0.41158023   -0.65893826    0.70505896    0.65893826   -0.26209204
    0.99587416   -0.01819262    0.08890272   -0.01819262    0.91978087    0.39201044   -0.08890272   -0.39201044    0.91565503
   -0.22482135   -0.08421308    0.97075410   -0.08421308    0.99420990    0.06674459   -0.97075410   -0.06674459   -0.23061145
   -0.23088702   -0.25939467   -0.93776628   -0.25939467    0.94533569   -0.19762299    0.93776628    0.19762299   -0.28555133
    0.97930817   -0.13772811   -0.14827840   -0.13772811    0.08325997   -0.98696441    0.14827840    0.98696441    0.06256813
   -0.09700274    0.23715573    0.96661659    0.23715573    0.94873045   -0.20896817   -0.96661659    0.20896817   -0.14827229
    0.54378726   -0.50307817   -0.67172001   -0.50307817    0.44524204   -0.74072389    0.67172001    0.74072389   -0.01097070
    0.21380210    0.41514022    0.88427782    0.41514022    0.78079132   -0.46692988   -0.88427782    0.46692988   -0.00540658
    0.90744921    0.37979414    0.17970071    0.37979414   -0.55853435   -0.73742511   -0.17970071    0.73742511   -0.65108515
   -0.16757863   -0.96802494   -0.18666848   -0.96802494    0.19742255   -0.15476452    0.18666848    0.15476452   -0.97015608
    0.99301206    0.08610819    0.08069967    0.08610819   -0.06105886   -0.99441299   -0.08069967    0.99441299   -0.06804681
    0.95890624    0.05228420    0.27886411    0.05228420    0.93347805   -0.35480289   -0.27886411    0.35480289    0.89238429
   -0.50914144   -0.05923779   -0.85864188   -0.05923779    0.99767476   -0.03370396    0.85864188    0.03370396   -0.51146668
    0.99287755    0.07457076    0.09291592    0.07457076    0.21925743   -0.97281313   -0.09291592    0.97281313    0.21213498
    0.85834826   -0.24422593   -0.45121166   -0.24422593    0.57892290   -0.77794728    0.45121166    0.77794728    0.43727115
    0.99968149    0.00654803    0.02437303    0.00654803    0.86538426   -0.50106607   -0.02437303    0.50106607    0.86506575
    0.70106497    0.44915983    0.55386222    0.44915983    0.32512241   -0.83219641   -0.55386222    0.83219641    0.02618738
   -0.01629789    0.50845794    0.86093258    0.50845794    0.74561644   -0.43072804   -0.86093258    0.43072804   -0.27068145
    0.50411203    0.44871593   -0.73791943    0.44871593    0.59396881    0.66772380    0.73791943   -0.66772380    0.09808083
    0.90057950    0.28444378    0.32870703    0.28444378    0.18620146   -0.94043647   -0.32870703    0.94043647    0.08678095
    0.16988393   -0.73070046    0.66122333   -0.73070046    0.35680903    0.58203450   -0.66122333   -0.58203450   -0.47330704
    0.70974601    0.65540871   -0.25826350    0.65540871   -0.47994716    0.58317249    0.25826350   -0.58317249   -0.77020115
    0.79701536   -0.40440671   -0.44857745   -0.40440671    0.19429969   -0.89370176    0.44857745    0.89370176   -0.00868495
    0.86417919   -0.03451460   -0.50199908   -0.03451460    0.99122920   -0.12756731    0.50199908    0.12756731    0.85540839
    0.59521954    0.59659262   -0.53832234    0.59659262    0.12070175    0.79341562    0.53832234   -0.79341562   -0.28407871
   -0.41223757   -0.81000532   -0.41707501   -0.81000532    0.53541201   -0.23921824    0.41707501    0.23921824   -0.87682556
    0.25711243    0.66824928    0.69809462    0.66824928    0.39889006   -0.62795670   -0.69809462    0.62795670   -0.34399751
    0.85700691    0.07400466    0.50996320    0.07400466    0.96169962   -0.26392641   -0.50996320    0.26392641    0.81870654
    0.96829873   -0.01698843   -0.24921670   -0.01698843    0.99089605   -0.13355303    0.24921670    0.13355303    0.95919478
    0.68488154   -0.37492338   -0.62479576   -0.37492338    0.55392160   -0.74337293    0.62479576    0.74337293    0.23880314
    0.48853401    0.72047206   -0.49219360    0.72047206   -0.01488661    0.69332417    0.49219360   -0.69332417   -0.52635260
    0.92133514    0.32457958    0.21398519    0.32457958   -0.33924983   -0.88292562   -0.21398519    0.88292562   -0.41791469
   -0.02661689   -0.03839394   -0.99890813   -0.03839394    0.99856412   -0.03735767    0.99890813    0.03735767   -0.02805276
   -0.09677930   -0.37375451    0.92246481   -0.37375451    0.87263396    0.31435257   -0.92246481   -0.31435257   -0.22414534
    0.67662888   -0.54579073   -0.49425282   -0.54579073    0.07880607   -0.83420746    0.49425282    0.83420746   -0.24456506
   -0.73643952    0.62220884   -0.26554283    0.62220884    0.77704733    0.09515050    0.26554283   -0.09515050   -0.95939220
    0.28350488   -0.45999043   -0.84144743   -0.45999043    0.70468578   -0.54020992    0.84144743    0.54020992   -0.01180934
   -0.35416378    0.37705070   -0.85580418    0.37705070    0.89501475    0.23828843    0.85580418   -0.23828843   -0.45914903
    0.63600239    0.56341987    0.52731301    0.56341987    0.12790102   -0.81621038   -0.52731301    0.81621038   -0.23609659
    0.64075365    0.63317777    0.43418967    0.63317777   -0.11598654   -0.76526664   -0.43418967    0.76526664   -0.47523289
   -0.03091928    0.49810800   -0.86656357    0.49810800    0.75932977    0.41869645    0.86656357   -0.41869645   -0.27158951
    0.69982907    0.06426904    0.71141322    0.06426904    0.98623948   -0.15231936   -0.71141322    0.15231936    0.68606855
    0.15301670   -0.57804543    0.80152940   -0.57804543    0.60549811    0.54702425   -0.80152940   -0.54702425   -0.24148519
    0.95441176   -0.11769586    0.27430982   -0.11769586    0.69614277    0.70818989   -0.27430982   -0.70818989    0.65055453
    0.45906260   -0.83382904   -0.30657898   -0.83382904   -0.28530743   -0.47257678    0.30657898    0.47257678   -0.82624483
    0.85448074    0.14670727    0.49833688    0.14670727    0.85209503   -0.50240526   -0.49833688    0.50240526    0.70657576
    0.65086128    0.28703349    0.70284520    0.28703349    0.76402438   -0.57782222   -0.70284520    0.57782222    0.41488566
    0.88695544   -0.40447849    0.22295110   -0.40447849   -0.44724215    0.79772903   -0.22295110   -0.79772903   -0.56028671
   -0.04432307   -0.89857626    0.43657321   -0.89857626    0.22682997    0.37564460   -0.43657321   -0.37564460   -0.81749310
    0.98558935    0.04610537   -0.16275112    0.04610537    0.85249069    0.52070521    0.16275112   -0.52070521    0.83808004
    0.04843839    0.92618892    0.37393556    0.92618892    0.09850722   -0.36396484   -0.37393556    0.36396484   -0.85305439
   -0.27603361    0.08622756   -0.95727230    0.08622756    0.99417320    0.06468737    0.95727230   -0.06468737   -0.28186041
    0.99243871    0.01618203   -0.12166984    0.01618203    0.96536861    0.26038739    0.12166984   -0.26038739    0.95780732
