# Rotation matrices: 63 entries, row-major flattening of 3x3 -> 1x9
# https://github.com/Neurophysics-CFIN/GFO
# Col:  1    2    3    4    5    6    7    8    9
#       R11  R12  R13  R21  R22  R23  R31  R32  R33
# where Rij = R(i,j), i = row index, j = column index

    0.96949801   -0.00926140    0.24492414   -0.00926140    0.99718794    0.07436695   -0.24492414   -0.07436695    0.96668595
    0.93573999   -0.02672410   -0.35167668   -0.02672410    0.98888613   -0.14625337    0.35167668    0.14625337    0.92462612
    0.99957225   -0.00877235    0.02789932   -0.00877235    0.82009747    0.57215660   -0.02789932   -0.57215660    0.81966972
    0.96889239    0.02988499    0.24567138    0.02988499    0.97128958   -0.23601576   -0.24567138    0.23601576    0.94018197
    0.95357772    0.03238341   -0.29940081    0.03238341    0.97740987    0.20885704    0.29940081   -0.20885704    0.93098759
    0.94396817   -0.06551118    0.32346928   -0.06551118    0.92340577    0.37819316   -0.32346928   -0.37819316    0.86737394
    0.96141911   -0.10881158   -0.25265260   -0.10881158    0.69311337   -0.71256852    0.25265260    0.71256852    0.65453248
    0.95727630    0.12340763   -0.26151987    0.12340763    0.64353643    0.75540150    0.26151987   -0.75540150    0.60081273
    0.60548039    0.14956705    0.78167973    0.14956705    0.94329737   -0.29634402   -0.78167973    0.29634402    0.54877775
    0.93211325   -0.08696717   -0.35157019   -0.08696717    0.88858961   -0.45038341    0.35157019    0.45038341    0.82070286
    0.92531468   -0.13348349    0.35492944   -0.13348349    0.76142779    0.63435785   -0.35492944   -0.63435785    0.68674246
    0.99976831    0.00724602    0.02026879    0.00724602    0.77338448   -0.63389584   -0.02026879    0.63389584    0.77315279
    0.80284997    0.13645788   -0.58035435    0.13645788    0.90555034    0.40169369    0.58035435   -0.40169369    0.70840031
    0.19046851   -0.17985439    0.96507727   -0.17985439    0.96004158    0.21441214   -0.96507727   -0.21441214    0.15051009
    0.65135882   -0.38727707   -0.65249380   -0.38727707    0.56980546   -0.72480218    0.65249380    0.72480218    0.22116428
    0.87010820    0.27287428   -0.41042825    0.27287428    0.42675079    0.86222004    0.41042825   -0.86222004    0.29685898
    0.80690080    0.18717089    0.56024830    0.18717089    0.81857542   -0.54304819   -0.56024830    0.54304819    0.62547622
    0.52340090   -0.09147996   -0.84716168   -0.09147996    0.98244104   -0.16260692    0.84716168    0.16260692    0.50584195
    0.74807931   -0.25435862    0.61292662   -0.25435862    0.74317986    0.61885813   -0.61292662   -0.61885813    0.49125917
    0.99986613   -0.00830659   -0.01409721   -0.00830659    0.48459598   -0.87469865    0.01409721    0.87469865    0.48446211
    0.61669106    0.38443734   -0.68694983    0.38443734    0.61443094    0.68897210    0.68694983   -0.68897210    0.23112199
    0.36065966    0.02627330    0.93232737    0.02627330    0.99892031   -0.03831342   -0.93232737    0.03831342    0.35957998
    0.52583741   -0.27247120   -0.80576328   -0.27247120    0.84342806   -0.46302111    0.80576328    0.46302111    0.36926548
    0.83229570   -0.36127472   -0.42043363   -0.36127472    0.22172880   -0.90571348    0.42043363    0.90571348    0.05402450
    0.95793915    0.16839570    0.23236924    0.16839570    0.32580738   -0.93031846   -0.23236924    0.93031846    0.28374654
    0.27156680    0.34131024   -0.89986599    0.34131024    0.84007775    0.42163574    0.89986599   -0.42163574    0.11164454
    0.46834702   -0.31158619    0.82677997   -0.31158619    0.81738849    0.48455145   -0.82677997   -0.48455145    0.28573551
    0.99399760   -0.07150198   -0.08280242   -0.07150198    0.14825194   -0.98636141    0.08280242    0.98636141    0.14224954
    0.75750925    0.42119977    0.49876898    0.42119977    0.26838758   -0.86634800   -0.49876898    0.86634800    0.02589683
    0.03228533    0.08132161    0.99616487    0.08132161    0.99316616   -0.08371241   -0.99616487    0.08371241    0.02545149
    0.25681730   -0.37900203   -0.88904574   -0.37900203    0.80671975   -0.45338803    0.88904574    0.45338803    0.06353705
    0.78734103   -0.33809225    0.51554605   -0.33809225    0.46248977    0.81963214   -0.51554605   -0.81963214    0.24983081
    0.96334784    0.18443011   -0.19479854    0.18443011    0.07196559    0.98020737    0.19479854   -0.98020737    0.03531343
    0.59379107    0.30494211    0.74459551    0.30494211    0.77107915   -0.55896981   -0.74459551    0.55896981    0.36487023
    0.30554825    0.10770982   -0.94606493    0.10770982    0.98329415    0.14673515    0.94606493   -0.14673515    0.28884241
    0.54413018   -0.14484047    0.82640401   -0.14484047    0.95398081    0.26256782   -0.82640401   -0.26256782    0.49811098
    0.97377506   -0.14544165    0.17495387   -0.14544165    0.19339089    0.97028176   -0.17495387   -0.97028176    0.16716595
    0.47201370    0.46004776    0.75203665    0.46004776    0.59914880   -0.65526848   -0.75203665    0.65526848    0.07116250
    0.23290398   -0.13884361   -0.96253737   -0.13884361    0.97486945   -0.17421830    0.96253737    0.17421830    0.20777343
    0.52001031   -0.46161708    0.71867861   -0.46161708    0.55605228    0.69116969   -0.71867861   -0.69116969    0.07606259
    0.99333997    0.06572755   -0.09463396    0.06572755    0.35133727    0.93393898    0.09463396   -0.93393898    0.34467724
    0.80056678    0.30229629    0.51740678    0.30229629    0.54178623   -0.78427331   -0.51740678    0.78427331    0.34235302
    0.59732304    0.07619247   -0.79837328    0.07619247    0.98558325    0.15106410    0.79837328   -0.15106410    0.58290629
    0.65071337    0.00149753    0.75932198    0.00149753    0.99999358   -0.00325552   -0.75932198    0.00325552    0.65070695
    0.92850892   -0.20339408   -0.31064776   -0.20339408    0.42133824   -0.88380141    0.31064776    0.88380141    0.34984716
    0.80689460    0.23128446   -0.54353344    0.23128446    0.72298805    0.65099599    0.54353344   -0.65099599    0.52988265
    0.30226512    0.25876974    0.91742794    0.25876974    0.90402977   -0.34024756   -0.91742794    0.34024756    0.20629489
    0.76510974   -0.16926325   -0.62125441   -0.16926325    0.87802795   -0.44767944    0.62125441    0.44767944    0.64313768
    0.94220251   -0.17034817    0.28850639   -0.17034817    0.49792808    0.85032296   -0.28850639   -0.85032296    0.44013058
    0.95045145    0.13524124    0.27991400    0.13524124    0.63086321   -0.76401664   -0.27991400    0.76401664    0.58131466
    0.56206783    0.24319122   -0.79053007    0.24319122    0.86495176    0.43899486    0.79053007   -0.43899486    0.42701959
    0.84803657   -0.02319877    0.52942968   -0.02319877    0.99645847    0.08082284   -0.52942968   -0.08082284    0.84449505
    0.81563493   -0.24233303   -0.52537068   -0.24233303    0.68147274   -0.69055746    0.52537068    0.69055746    0.49710767
    0.99848560   -0.02431045    0.04935080   -0.02431045    0.60974697    0.79222323   -0.04935080   -0.79222323    0.60823257
    0.94771629    0.08717179    0.30697707    0.08717179    0.85465989   -0.51181789   -0.30697707    0.51181789    0.80237618
    0.82472698    0.03372014   -0.56452490    0.03372014    0.99351270    0.10860691    0.56452490   -0.10860691    0.81823968
    0.78253836   -0.13270819    0.60829455   -0.13270819    0.91901347    0.37121798   -0.60829455   -0.37121798    0.70155182
    0.99827583   -0.01102722   -0.05765209   -0.01102722    0.92947349   -0.36872406    0.05765209    0.36872406    0.92774932
    0.95309443    0.08200578   -0.29135213    0.08200578    0.85662795    0.50937570    0.29135213   -0.50937570    0.80972238
    0.83734191    0.07267942    0.54182676    0.07267942    0.96752514   -0.24210081   -0.54182676    0.24210081    0.80486705
    0.76441994   -0.06222051   -0.64170925   -0.06222051    0.98356656   -0.16948580    0.64170925    0.16948580    0.74798650
    1.00000000   -0.00000276    0.00001850   -0.00000276    0.95646592    0.29184404   -0.00001850   -0.29184404    0.95646592
    0.99820404   -0.00142254   -0.05988885   -0.00142254    0.99887324   -0.04743664    0.05988885    0.04743664    0.99707727
