# Rotation matrices: 33 entries, row-major flattening of 3x3 -> 1x9
# https://github.com/Neurophysics-CFIN/GFO
# Col:  1    2    3    4    5    6    7    8    9
#       R11  R12  R13  R21  R22  R23  R31  R32  R33
# where Rij = R(i,j), i = row index, j = column index

    0.28758157    0.88157508   -0.37432903    0.88157508   -0.09089629    0.46320972    0.37432903   -0.46320972   -0.80331471
    0.93104705   -0.33058698   -0.15447860   -0.33058698   -0.58496124   -0.74062986    0.15447860    0.74062986   -0.65391419
    0.72495022   -0.39863392   -0.56172785   -0.39863392    0.42225366   -0.81412090    0.56172785    0.81412090    0.14720388
    0.00461312   -0.13945212   -0.99021807   -0.13945212    0.98046298   -0.13872798    0.99021807    0.13872798   -0.01492390
    0.66707044    0.23493561    0.70698111    0.23493561    0.83421496   -0.49888942   -0.70698111    0.49888942    0.50128541
    0.93817299    0.16039135    0.30676709    0.16039135    0.58391343   -0.79581387   -0.30676709    0.79581387    0.52208643
    0.98263207    0.00056376   -0.18556372    0.00056376    0.99998170    0.00602341    0.18556372   -0.00602341    0.98261377
    0.77216295    0.34593703   -0.53300277    0.34593703    0.47474553    0.80928626    0.53300277   -0.80928626    0.24690847
    0.41189126   -0.33032870   -0.84925175   -0.33032870    0.81446110   -0.47700741    0.84925175    0.47700741    0.22635236
    0.28511624    0.89968934    0.33055682    0.89968934   -0.13226927   -0.41600952   -0.33055682    0.41600952   -0.84715304
    0.97771475   -0.13258937   -0.16276956   -0.13258937    0.21114008   -0.96842136    0.16276956    0.96842136    0.18885483
    0.88964687   -0.07756868   -0.45001284   -0.07756868    0.94547594   -0.31632000    0.45001284    0.31632000    0.83512281
    0.27218144   -0.78066548   -0.56256437   -0.78066548    0.16265039   -0.60341218    0.56256437    0.60341218   -0.56516817
   -0.01904133    0.71432643    0.69955355    0.71432643    0.49927227   -0.49037225   -0.69955355    0.49037225   -0.51976906
    0.77133387    0.04196380   -0.63504575    0.04196380    0.99229899    0.11654079    0.63504575   -0.11654079    0.76363285
    0.30465419    0.15295870    0.94010077    0.15295870    0.96635291   -0.20679867   -0.94010077    0.20679867    0.27100709
    0.97952767   -0.19530982    0.04878139   -0.19530982   -0.86329157    0.46538344   -0.04878139   -0.46538344   -0.88376390
    0.47506665   -0.38235907    0.79253594   -0.38235907    0.72149139    0.57727958   -0.79253594   -0.57727958    0.19655804
    0.87924570   -0.27501724    0.38896339   -0.27501724    0.37364981    0.88586192   -0.38896339   -0.88586192    0.25289551
    0.92344091    0.28185422   -0.26041329    0.28185422   -0.03765344    0.95871811    0.26041329   -0.95871811   -0.11421253
    0.49394479   -0.12785429    0.86004176   -0.12785429    0.96769776    0.21728860   -0.86004176   -0.21728860    0.46164255
    0.39180524   -0.75876543    0.52034957   -0.75876543    0.05338714    0.64917242   -0.52034957   -0.64917242   -0.55480762
    0.80302942    0.52516919    0.28167549    0.52516919   -0.40022266   -0.75101208   -0.28167549    0.75101208   -0.59719325
   -0.31794880    0.17153965    0.93246057    0.17153965    0.97767299   -0.12136583   -0.93246057    0.12136583   -0.34027581
    0.99844451    0.03365174   -0.04445368    0.03365174    0.27197436    0.96171592    0.04445368   -0.96171592    0.27041887
    0.28473965    0.37873035   -0.88061720    0.37873035    0.79946228    0.46628680    0.88061720   -0.46628680    0.08420194
    0.96839920    0.00901179    0.24924242    0.00901179    0.99743006   -0.07107792   -0.24924242    0.07107792    0.96582925
    0.96593915   -0.23058933    0.11743130   -0.23058933   -0.56107222    0.79500096   -0.11743130   -0.79500096   -0.59513307
   -0.43378013   -0.42187868    0.79614897   -0.42187868    0.87586547    0.23426066   -0.79614897   -0.23426066   -0.55791466
    0.87431262   -0.47424888   -0.10327364   -0.47424888   -0.78945569   -0.38967642    0.10327364    0.38967642   -0.91514307
    0.85461757   -0.07583458    0.51369050   -0.07583458    0.96044306    0.26795193   -0.51369050   -0.26795193    0.81506063
   -0.66596867    0.28242380   -0.69045096    0.28242380    0.95212203    0.11704889    0.69045096   -0.11704889   -0.71384665
    0.49063263    0.57989789   -0.65038300    0.57989789    0.33980544    0.74043953    0.65038300   -0.74043953   -0.16956193
