# Rotation matrices: 69 entries, row-major flattening of 3x3 -> 1x9
# https://github.com/Neurophysics-CFIN/GFO
# Col:  1    2    3    4    5    6    7    8    9
#       R11  R12  R13  R21  R22  R23  R31  R32  R33
# where Rij = R(i,j), i = row index, j = column index

    0.97774345   -0.00385644    0.20976861   -0.00385644    0.99933179    0.03634707   -0.20976861   -0.03634707    0.97707524
    0.97564151   -0.03289296   -0.21689097   -0.03289296    0.95558235   -0.29288295    0.21689097    0.29288295    0.93122386
    0.99566677   -0.01550671    0.09169087   -0.01550671    0.94450827    0.32812142   -0.09169087   -0.32812142    0.94017505
    0.88881951    0.02222761    0.45771805    0.02222761    0.99555617   -0.09150867   -0.45771805    0.09150867    0.88437568
    0.88529718   -0.10020803   -0.45410048   -0.10020803    0.91245508   -0.39671663    0.45410048    0.39671663    0.79775226
    0.90877886   -0.05418440    0.41374514   -0.05418440    0.96781504    0.24576025   -0.41374514   -0.24576025    0.87659389
    0.99959360    0.01280849    0.02546715    0.01280849    0.59631466   -0.80264860   -0.02546715    0.80264860    0.59590826
    0.96988297    0.03986642   -0.24028669    0.03986642    0.94722816    0.31807150    0.24028669   -0.31807150    0.91711113
    0.74319799    0.07284526    0.66509422    0.07284526    0.97933648   -0.18866271   -0.66509422    0.18866271    0.72253447
    0.79515355   -0.04347927   -0.60484741   -0.04347927    0.99077140   -0.12838066    0.60484741    0.12838066    0.78592494
    0.99364839   -0.03442219    0.10713541   -0.03442219    0.81345102    0.58061394   -0.10713541   -0.58061394    0.80709941
    0.96068125    0.09923143    0.25931575    0.09923143    0.74956281   -0.65445299   -0.25931575    0.65445299    0.71024406
    0.68019578    0.17190957   -0.71258740    0.17190957    0.90759065    0.38304871    0.71258740   -0.38304871    0.58778643
    0.69594456   -0.17470601    0.69651919   -0.17470601    0.89961637    0.40021019   -0.69651919   -0.40021019    0.59556093
    0.83116302   -0.20073455   -0.51853029   -0.20073455    0.76134161   -0.61649379    0.51853029    0.61649379    0.59250464
    0.91356253    0.19009388   -0.35953836    0.19009388    0.58194426    0.79069918    0.35953836   -0.79069918    0.49550678
    0.46584714    0.41565338    0.78116497    0.41565338    0.67655751   -0.60786693   -0.78116497    0.60786693    0.14240465
    0.40187763    0.11568937   -0.90835584    0.11568937    0.97762326    0.17569500    0.90835584   -0.17569500    0.37950089
    0.58724480   -0.34072620    0.73419970   -0.34072620    0.71873318    0.60607613   -0.73419970   -0.60607613    0.30597799
    0.98962682   -0.08548984   -0.11545668   -0.08548984    0.29544152   -0.95152814    0.11545668    0.95152814    0.28506834
    0.56665308    0.43822333   -0.69775683    0.43822333    0.55684538    0.70560863    0.69775683   -0.70560863    0.12349847
    0.55975163    0.15094327    0.81479706    0.15094327    0.94824769   -0.27936080   -0.81479706    0.27936080    0.50799931
    0.68091235   -0.16174761   -0.71428012   -0.16174761    0.91800908   -0.36207326    0.71428012    0.36207326    0.59892143
    0.96576490   -0.11022105    0.23483925   -0.11022105    0.64513963    0.75607287   -0.23483925   -0.75607287    0.61090453
    0.87971345    0.21614540    0.42353914    0.21614540    0.61160383   -0.76106630   -0.42353914    0.76106630    0.49131728
    0.48033594    0.29351183   -0.82651569    0.29351183    0.83422138    0.46682492    0.82651569   -0.46682492    0.31455731
    0.12704267   -0.18635783    0.97423350   -0.18635783    0.96021656    0.20797814   -0.97423350   -0.20797814    0.08725924
    0.80043974   -0.30550019   -0.51571877   -0.30550019    0.53231988   -0.78949679    0.51571877    0.78949679    0.33275962
    0.96466350    0.15908679   -0.21003743    0.15908679    0.28378283    0.94559965    0.21003743   -0.94559965    0.24844633
    0.34685162    0.25200920    0.90342975    0.25200920    0.90276538   -0.34857716   -0.90342975    0.34857716    0.24961699
    0.33242239   -0.27619053   -0.90178387   -0.27619053    0.88573432   -0.37308645    0.90178387    0.37308645    0.21815671
    0.90117061   -0.23250835    0.36582974   -0.23250835    0.45299539    0.86065966   -0.36582974   -0.86065966    0.35416600
    0.89858899    0.28376086    0.33469030    0.28376086    0.20600113   -0.93650590   -0.33469030    0.93650590    0.10459012
    0.20872937    0.34835761   -0.91382659    0.34835761    0.84663525    0.40231298    0.91382659   -0.40231298    0.05536461
    0.21960773   -0.07474702   -0.97272058   -0.07474702    0.99284063   -0.09316848    0.97272058    0.09316848    0.21244836
    0.54608774   -0.45828183   -0.70126025   -0.45828183    0.53730653   -0.70801092    0.70126025    0.70801092    0.08339427
    0.86623243   -0.31659393   -0.38653545   -0.31659393    0.25070241   -0.91483145    0.38653545    0.91483145    0.11693484
    0.80875771    0.35147581   -0.47156731    0.35147581    0.35403806    0.86667284    0.47156731   -0.86667284    0.16279576
    0.26650845    0.02856390    0.96340923    0.02856390    0.99888765   -0.03751744   -0.96340923    0.03751744    0.26539611
    0.29287349   -0.40784707    0.86480396   -0.40784707    0.76476736    0.49879018   -0.86480396   -0.49879018    0.05764085
    0.96053085   -0.18427958    0.20837832   -0.18427958    0.13960741    0.97290843   -0.20837832   -0.97290843    0.10013826
    0.73600002    0.37071368    0.56645859    0.37071368    0.47943696   -0.79543169   -0.56645859    0.79543169    0.21543698
    0.05230764    0.12519043   -0.99075288    0.12519043    0.98346231    0.13087873    0.99075288   -0.13087873    0.03576995
    0.72784012   -0.39871321    0.55792163   -0.39871321    0.41588665    0.81735309   -0.55792163   -0.81735309    0.14372677
    0.95340177   -0.14320485   -0.26555118   -0.14320485    0.55990538   -0.81608721    0.26555118    0.81608721    0.51330715
    0.99762939   -0.03851927    0.05702512   -0.03851927    0.37411278    0.92658291   -0.05702512   -0.92658291    0.37174218
    0.67293248    0.27278186    0.68756958    0.27278186    0.77249363   -0.57344890   -0.68756958    0.57344890    0.44542611
    0.50321896   -0.08282029   -0.86018107   -0.08282029    0.98619271   -0.14340412    0.86018107    0.14340412    0.48941167
    0.80958970   -0.23384927    0.53840416   -0.23384927    0.71280188    0.66123219   -0.53840416   -0.66123219    0.52239157
    0.99703327    0.05369213    0.05515270    0.05369213    0.02827628   -0.99815711   -0.05515270    0.99815711    0.02530955
    0.73330543    0.28623336   -0.61671193    0.28623336    0.69279639    0.66189397    0.61671193   -0.66189397    0.42610182
    0.43415222   -0.20649471    0.87685334   -0.20649471    0.92464393    0.31998991   -0.87685334   -0.31998991    0.35879615
    0.59521710   -0.30758091   -0.74236823   -0.30758091    0.76627961   -0.56410065    0.74236823    0.56410065    0.36149671
    0.99498893    0.04433706   -0.08961729    0.04433706    0.60771369    0.79291759    0.08961729   -0.79291759    0.60270261
    0.82705841    0.15465850    0.54042125    0.15465850    0.86169172   -0.48328886   -0.54042125    0.48328886    0.68875014
    0.65960496    0.04235583   -0.75041807    0.04235583    0.99472961    0.09337556    0.75041807   -0.09337556    0.65433456
    0.90243509   -0.11844513    0.41422418   -0.11844513    0.85620601    0.50287376   -0.41422418   -0.50287376    0.75864110
    0.97522319    0.12298947    0.18388396    0.12298947    0.38949318   -0.91278073   -0.18388396    0.91278073    0.36471638
    0.85039266    0.06864837   -0.52165095    0.06864837    0.96850021    0.23936319    0.52165095   -0.23936319    0.81889288
    0.52779438   -0.03035725    0.84882951   -0.03035725    0.99804839    0.05456971   -0.84882951   -0.05456971    0.52584276
    0.97090284   -0.07944831   -0.22591068   -0.07944831    0.78307040   -0.61683767    0.22591068    0.61683767    0.75397324
    0.97874368    0.06326353   -0.19508595    0.06326353    0.81171363    0.58061924    0.19508595   -0.58061924    0.79045732
    0.94338650    0.06441259    0.32538121    0.06441259    0.92671392   -0.37020580   -0.32538121    0.37020580    0.87010042
    0.92749215   -0.00298551   -0.37383072   -0.00298551    0.99987707   -0.01539246    0.37383072    0.01539246    0.92736922
    0.74883253   -0.05352324    0.66059451   -0.05352324    0.98859432    0.14077124   -0.66059451   -0.14077124    0.73742684
    0.99949936    0.00856004    0.03045899    0.00856004    0.85363793   -0.52079651   -0.03045899    0.52079651    0.85313730
    0.87120741    0.15015646   -0.46738708    0.15015646    0.82493588    0.54491635    0.46738708   -0.54491635    0.69614329
    0.99765382    0.00791328    0.06800172    0.00791328    0.97330980   -0.22935870   -0.06800172    0.22935870    0.97096362
    0.99512940    0.00276707   -0.09853839    0.00276707    0.99842798    0.05598139    0.09853839   -0.05598139    0.99355738
