# Rotation matrices: 13 entries, row-major flattening of 3x3 -> 1x9
# https://github.com/Neurophysics-CFIN/GFO
# Col:  1    2    3    4    5    6    7    8    9
#       R11  R12  R13  R21  R22  R23  R31  R32  R33
# where Rij = R(i,j), i = row index, j = column index

    0.92368803   -0.23787495    0.30035966   -0.23787495    0.25851089    0.93626258   -0.30035966   -0.93626258    0.18219892
    0.98231791   -0.05006828   -0.18040150   -0.05006828    0.85822764   -0.51082138    0.18040150    0.51082138    0.84054555
    0.33067535    0.24880172    0.91035791    0.24880172    0.90751529   -0.33839873   -0.91035791    0.33839873    0.23819065
    0.68089115    0.35197269   -0.64226355    0.35197269    0.61177895    0.70840789    0.64226355   -0.70840789    0.29267009
    0.61881914   -0.24921858    0.74495166   -0.24921858    0.83705923    0.48705435   -0.74495166   -0.48705435    0.45587837
    0.15789323   -0.16819967   -0.97302549   -0.16819967    0.96640434   -0.19434895    0.97302549    0.19434895    0.12429758
    0.74750307   -0.29834654   -0.59348842   -0.29834654    0.64747825   -0.70125691    0.59348842    0.70125691    0.39498132
    0.65646833    0.05260272   -0.75251730    0.05260272    0.99194530    0.11522797    0.75251730   -0.11522797    0.64841363
    0.99791910    0.02572324   -0.05912519    0.02572324    0.68201988    0.73088111    0.05912519   -0.73088111    0.67993898
    0.98137953    0.01615054   -0.19139850    0.01615054    0.98599176    0.16601028    0.19139850   -0.16601028    0.96737128
    0.96099132    0.17153945    0.21695599    0.17153945    0.24566068   -0.95405715   -0.21695599    0.95405715    0.20665200
    0.87424331   -0.02073745    0.48504494   -0.02073745    0.99658037    0.07998457   -0.48504494   -0.07998457    0.87082368
    0.86054507    0.16686983    0.48126566    0.16686983    0.80032588   -0.57587580   -0.48126566    0.57587580    0.66087096
