# Rotation matrices: 48 entries, row-major flattening of 3x3 -> 1x9
# https://github.com/Neurophysics-CFIN/GFO
# Col:  1    2    3    4    5    6    7    8    9
#       R11  R12  R13  R21  R22  R23  R31  R32  R33
# where Rij = R(i,j), i = row index, j = column index

    0.93419178    0.02412373    0.35595472    0.02412373    0.99115681   -0.13048457   -0.35595472    0.13048457    0.92534859
    0.84335725   -0.05047199   -0.53497768   -0.05047199    0.98373738   -0.17237561    0.53497768    0.17237561    0.82709463
    0.96174652    0.08423270   -0.26066930    0.08423270    0.81452283    0.57398381    0.26066930   -0.57398381    0.77626935
    0.98940879    0.03456954    0.14097938    0.03456954    0.88716556   -0.46015455   -0.14097938    0.46015455    0.87657436
    0.94582493    0.01543784   -0.32430983    0.01543784    0.99560080    0.09241602    0.32430983   -0.09241602    0.94142573
    0.93103302   -0.09445154    0.35250025   -0.09445154    0.87064690    0.48275551   -0.35250025   -0.48275551    0.80167992
    0.94775614   -0.12142049   -0.29498366   -0.12142049    0.71780539   -0.68557456    0.29498366    0.68557456    0.66556154
    0.84008829    0.10464440   -0.53226048    0.10464440    0.93152190    0.34830519    0.53226048   -0.34830519    0.77161018
    0.60887007    0.19518192    0.76888312    0.19518192    0.90260019   -0.38368857   -0.76888312    0.38368857    0.51147026
    0.36480702    0.02722716   -0.93068497    0.02722716    0.99883292    0.03989325    0.93068497   -0.03989325    0.36363995
    0.99396479   -0.04107170    0.10172078   -0.04107170    0.72049297    0.69224490   -0.10172078   -0.69224490    0.71445776
    0.99847975    0.02196696    0.05055345    0.02196696    0.68258776   -0.73047341   -0.05055345    0.73047341    0.68106751
    0.22921868    0.24964709   -0.94081620    0.24964709    0.91914221    0.30471941    0.94081620   -0.30471941    0.14836089
    0.68660146    0.02531609    0.72659310    0.02531609    0.99795499   -0.05869363   -0.72659310    0.05869363    0.68455645
    0.77413470   -0.20418209   -0.59918707   -0.20418209    0.81541952   -0.54166473    0.59918707    0.54166473    0.58955422
    0.97931778   -0.11667470    0.16529880   -0.11667470    0.34180239    0.93250101   -0.16529880   -0.93250101    0.32112018
    0.84860755    0.33132012    0.41242237    0.33132012    0.27491090   -0.90258018   -0.41242237    0.90258018    0.12351844
    0.32920641   -0.23379316   -0.91485731   -0.23379316    0.91851556   -0.31885722    0.91485731    0.31885722    0.24772197
    0.60252337   -0.41513863    0.68163444   -0.41513863    0.56641456    0.71192307   -0.68163444   -0.71192307    0.16893793
    0.97533059   -0.12046613   -0.18498152   -0.12046613    0.41173767   -0.90330505    0.18498152    0.90330505    0.38706825
    0.76900703    0.35765630   -0.52982087    0.35765630    0.44622543    0.82034434    0.52982087   -0.82034434    0.21523246
    0.02794043   -0.06605145    0.99742495   -0.06605145    0.99551180    0.06777503   -0.99742495   -0.06777503    0.02345223
    0.52327204   -0.39012368   -0.75762120   -0.39012368    0.68074772   -0.61998875    0.75762120    0.61998875    0.20401976
    0.99621705   -0.05901370   -0.06378847   -0.05901370    0.07939086   -0.99509521    0.06378847    0.99509521    0.07560791
    0.96884095    0.15762108   -0.19105707    0.15762108    0.20265838    0.96648082    0.19105707   -0.96648082    0.17149933
    0.31341684    0.28764370    0.90500331    0.28764370    0.87949180   -0.37915073   -0.90500331    0.37915073    0.19290864
    0.29149200   -0.33785638    0.89492205   -0.33785638    0.83889112    0.42674906   -0.89492205   -0.42674906    0.13038311
    0.88408330   -0.21569059    0.41457723   -0.21569059    0.59865634    0.77141957   -0.41457723   -0.77141957    0.48273964
    0.97217456    0.12818167    0.19607675    0.12818167    0.40951381   -0.90325406   -0.19607675    0.90325406    0.38168836
    0.43892968    0.46325932   -0.76989060    0.46325932    0.61750035    0.63567611    0.76989060   -0.63567611    0.05643003
    0.51089266   -0.15734593    0.84512185   -0.15734593    0.94938179    0.27187586   -0.84512185   -0.27187586    0.46027445
    0.80407750   -0.31666360   -0.50317347   -0.31666360    0.48818622   -0.81326403    0.50317347    0.81326403    0.29226372
    0.83189442    0.22577857   -0.50692771    0.22577857    0.69676221    0.68084246    0.50692771   -0.68084246    0.52865664
    0.67495739    0.34722085    0.65105315    0.34722085    0.62908766   -0.69547566   -0.65105315    0.69547566    0.30404505
    0.66607391    0.05227606   -0.74405158    0.05227606    0.99181619    0.11648111    0.74405158   -0.11648111    0.65789011
    0.72400598   -0.22935107    0.65054855   -0.22935107    0.80940922    0.54060595   -0.65054855   -0.54060595    0.53341521
    0.83768788   -0.35683414    0.41345908   -0.35683414    0.21552005    0.90896672   -0.41345908   -0.90896672    0.05320793
    0.58426459    0.24601816   -0.77337569    0.24601816    0.85441477    0.45765758    0.77337569   -0.45765758    0.43867936
    0.34806937    0.03014711    0.93698392    0.03014711    0.99860591   -0.04332877   -0.93698392    0.04332877    0.34667528
    0.61477098   -0.12648971   -0.77849662   -0.12648971    0.95846718   -0.25561889    0.77849662    0.25561889    0.57323816
    0.98389456    0.08722513   -0.15602328    0.08722513    0.52759901    0.84500358    0.15602328   -0.84500358    0.51149358
    0.88810550    0.17993048    0.42295820    0.17993048    0.71066516   -0.68013238   -0.42295820    0.68013238    0.59877066
    0.99887416    0.00877031   -0.04662067    0.00877031    0.93167894    0.36317686    0.04662067   -0.36317686    0.93055311
    0.81414942   -0.07072292    0.57633237   -0.07072292    0.97308735    0.21931547   -0.57633237   -0.21931547    0.78723677
    0.96149895   -0.05775897   -0.26867018   -0.05775897    0.91335044   -0.40305691    0.26867018    0.40305691    0.87484940
    0.97865822   -0.01691735    0.20479721   -0.01691735    0.98658984    0.16234007   -0.20479721   -0.16234007    0.96524805
    0.84790440    0.11192292    0.51820014    0.11192292    0.91763904   -0.38132907   -0.51820014    0.38132907    0.76554344
    0.99901202   -0.00315323   -0.04432889   -0.00315323    0.98993621   -0.14147915    0.04432889    0.14147915    0.98894823
