# Rotation matrices: 40 entries, row-major flattening of 3x3 -> 1x9
# https://github.com/Neurophysics-CFIN/GFO
# Col:  1    2    3    4    5    6    7    8    9
#       R11  R12  R13  R21  R22  R23  R31  R32  R33
# where Rij = R(i,j), i = row index, j = column index

    0.82967368   -0.41155109    0.37718336   -0.41155109    0.00558938    0.91136955   -0.37718336   -0.91136955   -0.16473694
    0.05476141    0.41514623    0.90810506    0.41514623    0.81766890   -0.39883728   -0.90810506    0.39883728   -0.12756970
    0.79546643    0.57346607   -0.19588217    0.57346607   -0.60786973    0.54920948    0.19588217   -0.54920948   -0.81240330
   -0.16321305    0.61447271    0.77187097    0.61447271    0.67540193   -0.40774443   -0.77187097    0.40774443   -0.48781112
    0.50633494    0.15623284    0.84806617    0.15623284    0.95055615   -0.26839206   -0.84806617    0.26839206    0.45689109
    0.95702263    0.02152675    0.28921322    0.02152675    0.98921756   -0.14486277   -0.28921322    0.14486277    0.94624019
    0.81695990    0.11488416    0.56513552    0.11488416    0.92789356   -0.35470434   -0.56513552    0.35470434    0.74485346
    0.99379815   -0.01505047   -0.11017582   -0.01505047    0.96347594   -0.26737165    0.11017582    0.26737165    0.95727409
    0.99660394    0.05410333    0.06207584    0.05410333    0.13806780   -0.98894394   -0.06207584    0.98894394    0.13467174
    0.74770835    0.47600330   -0.46298281    0.47600330    0.10191582    0.87351819    0.46298281   -0.87351819   -0.15037583
    0.63986606    0.40291333   -0.65439458    0.40291333    0.54922563    0.73212845    0.65439458   -0.73212845    0.18909169
    0.89831134    0.37991429   -0.22068500    0.37991429   -0.41938017    0.82449100    0.22068500   -0.82449100   -0.52106883
   -0.91508221    0.07341913    0.39652765    0.07341913    0.99718531   -0.01520181   -0.39652765    0.01520181   -0.91789690
   -0.72615361   -0.06762063   -0.68419908   -0.06762063    0.99735102   -0.02680293    0.68419908    0.02680293   -0.72880260
    0.66467914    0.00231273   -0.74712536    0.00231273    0.99998405    0.00515298    0.74712536   -0.00515298    0.66466319
    0.99531917    0.08551356    0.04502415    0.08551356   -0.56223883   -0.82254175   -0.04502415    0.82254175   -0.56691965
    0.42112383   -0.11069276    0.90022321   -0.11069276    0.97883332    0.17214077   -0.90022321   -0.17214077    0.39995715
    0.89320216   -0.19888336    0.40328069   -0.19888336    0.62963118    0.75100599   -0.40328069   -0.75100599    0.52283333
   -0.09385199   -0.76713442   -0.63458379   -0.76713442    0.46199740   -0.44504290    0.63458379    0.44504290   -0.63185460
    0.12464495    0.09106336    0.98801372    0.09106336    0.99052666   -0.10278326   -0.98801372    0.10278326    0.11517161
   -0.20922661    0.83050593    0.51622100    0.83050593    0.42960228   -0.35454446   -0.51622100    0.35454446   -0.77962434
   -0.22047240   -0.53097174    0.81820592   -0.53097174    0.76899847    0.35596399   -0.81820592   -0.35596399   -0.45147393
    0.79897830    0.57514738    0.17561084    0.57514738   -0.64556616   -0.50244385   -0.17561084    0.50244385   -0.84658786
    0.78924066    0.24475449    0.56320016    0.24475449    0.71576700   -0.65404346   -0.56320016    0.65404346    0.50500766
    0.30771301    0.01211011   -0.95140215    0.01211011    0.99978816    0.01664278    0.95140215   -0.01664278    0.30750117
    0.92086950   -0.04902482    0.38677634   -0.04902482    0.96962697    0.23962493   -0.38677634   -0.23962493    0.89049646
    0.93631059    0.21235291   -0.27969397    0.21235291    0.29197395    0.93255426    0.27969397   -0.93255426    0.22828455
    0.74852889   -0.38088485    0.54279944   -0.38088485    0.42310164    0.82213851   -0.54279944   -0.82213851    0.17163053
    0.98207054   -0.11623932    0.14841115   -0.11623932    0.24640331    0.96217141   -0.14841115   -0.96217141    0.22847385
    0.41096956   -0.73325438    0.54170291   -0.73325438    0.08720849    0.67433871   -0.54170291   -0.67433871   -0.50182195
    0.20515388    0.56612806   -0.79838018    0.56612806    0.59677607    0.56864519    0.79838018   -0.56864519   -0.19807005
    0.97581248   -0.07118905   -0.20669329   -0.07118905    0.79047536   -0.60834269    0.20669329    0.60834269    0.76628784
   -0.23700204   -0.81572890    0.52765178   -0.81572890    0.46207555    0.34795481   -0.52765178   -0.34795481   -0.77492648
    0.97772275   -0.06237637    0.20041807   -0.06237637    0.82534590    0.56117139   -0.20041807   -0.56117139    0.80306866
    0.99985289    0.00138395   -0.01709605    0.00138395    0.98697997    0.16083724    0.01709605   -0.16083724    0.98683287
    0.13180783   -0.59209022   -0.79501942   -0.59209022    0.59620596   -0.54218782    0.79501942    0.54218782   -0.27198621
    0.05795259   -0.29013682    0.95522883   -0.29013682    0.91064210    0.29419651   -0.95522883   -0.29419651   -0.03140531
    0.33237792   -0.56764054    0.75319926   -0.56764054    0.51736799    0.64040189   -0.75319926   -0.64040189   -0.15025409
    0.55705959    0.70063535    0.44586402    0.70063535   -0.10825267   -0.70525986   -0.44586402    0.70525986   -0.55119308
    0.98433792   -0.08880874   -0.15228875   -0.08880874    0.49642746   -0.86352347    0.15228875    0.86352347    0.48076538
