# Rotation matrices: 72 entries, row-major flattening of 3x3 -> 1x9
# https://github.com/Neurophysics-CFIN/GFO
# Col:  1    2    3    4    5    6    7    8    9
#       R11  R12  R13  R21  R22  R23  R31  R32  R33
# where Rij = R(i,j), i = row index, j = column index

    0.97504665   -0.14674876    0.16657979   -0.14674876    0.13698156    0.97964323   -0.16657979   -0.97964323    0.11202821
    0.99657922   -0.06256949    0.05399005   -0.06256949   -0.14445725    0.98753084   -0.05399005   -0.98753084   -0.14787804
   -0.99369296   -0.10979292   -0.02279950   -0.10979292    0.99395369   -0.00125557    0.02279950    0.00125557   -0.99973927
    0.97438433   -0.18752332    0.12413778   -0.18752332   -0.37279219    0.90876894   -0.12413778   -0.90876894   -0.39840787
    0.95047988    0.00789515    0.31068581    0.00789515    0.99874125   -0.04953359   -0.31068581    0.04953359    0.94922113
    0.52174764    0.20601690   -0.82785049    0.20601690    0.91125404    0.35661338    0.82785049   -0.35661338    0.43300168
    0.74669812   -0.18769641    0.63813163   -0.18769641    0.86091718    0.47285481   -0.63813163   -0.47285481    0.60761530
    0.47078565   -0.01333003    0.88214692   -0.01333003    0.99966424    0.02221982   -0.88214692   -0.02221982    0.47044989
    0.87619078   -0.46044283   -0.14241526   -0.46044283   -0.71237336   -0.52963818    0.14241526    0.52963818   -0.83618257
    0.06188751   -0.16540113   -0.98428268   -0.16540113    0.97083768   -0.17354152    0.98428268    0.17354152    0.03272520
   -0.00892526    0.84944588   -0.52760026    0.84944588    0.28482482    0.44420324    0.52760026   -0.44420324   -0.72410044
   -0.25559668    0.77511012    0.57781887    0.77511012    0.52150583   -0.35670152   -0.57781887    0.35670152   -0.73409085
   -0.50639029    0.41944046   -0.75341793    0.41944046    0.88321068    0.20978226    0.75341793   -0.20978226   -0.62317961
    0.53675585   -0.18005700    0.82430130   -0.18005700    0.93001418    0.32039524   -0.82430130   -0.32039524    0.46677003
   -0.32227477    0.13977037    0.93627091    0.13977037    0.98522565   -0.09896803   -0.93627091    0.09896803   -0.33704913
    0.09026628    0.14821103   -0.98482764    0.14821103    0.97585391    0.16044510    0.98482764   -0.16044510    0.06612019
    0.99985387    0.00251025    0.01690997    0.00251025    0.95687990   -0.29047299   -0.01690997    0.29047299    0.95673376
    0.36082651    0.34217206   -0.86759583    0.34217206    0.81682326    0.46445457    0.86759583   -0.46445457    0.17764976
    0.95897653   -0.11645967    0.25845920   -0.11645967    0.66938791    0.73372813   -0.25845920   -0.73372813    0.62836444
    0.94924225    0.18765096    0.25244061    0.18765096    0.30625595   -0.93327081   -0.25244061    0.93327081    0.25549820
    0.81327660    0.28061783    0.50973994    0.28061783    0.57827266   -0.76606421   -0.50973994    0.76606421    0.39154925
    0.84546707   -0.51153980    0.15333779   -0.51153980   -0.69331518    0.50758358   -0.15333779   -0.50758358   -0.84784812
    0.88957941   -0.10367263   -0.44486004   -0.10367263    0.90266296   -0.41767401    0.44486004    0.41767401    0.79224237
    0.24278762    0.92507540   -0.29204395    0.92507540   -0.13015123    0.35678587    0.29204395   -0.35678587   -0.88736361
    0.44703802   -0.60360693    0.66016338   -0.60360693    0.34110963    0.72062674   -0.66016338   -0.72062674   -0.21185235
    0.92374481   -0.14524255   -0.35440109   -0.14524255    0.72335788   -0.67502443    0.35440109    0.67502443    0.64710268
   -0.00433918    0.70884073   -0.70535522    0.70884073    0.49971564    0.49782436    0.70535522   -0.49782436   -0.50462353
    0.99832969    0.00965528   -0.05696146    0.00965528    0.94418735    0.32926741    0.05696146   -0.32926741    0.94251704
    0.99511321    0.03465379   -0.09245984    0.03465379    0.75425905    0.65566180    0.09245984   -0.65566180    0.74937226
    0.90482536    0.40134459   -0.14217451    0.40134459   -0.69244114    0.59953965    0.14217451   -0.59953965   -0.78761578
    0.18338573   -0.63361455   -0.75159981   -0.63361455    0.50837573   -0.58316955    0.75159981    0.58316955   -0.30823854
    0.28928579   -0.23642013    0.92758787   -0.23642013    0.92135450    0.30856347   -0.92758787   -0.30856347    0.21064028
    0.82788848   -0.39901593    0.39419152   -0.39901593    0.07493867    0.91387663   -0.39419152   -0.91387663   -0.09717285
    0.95728786   -0.02957910   -0.28761960   -0.02957910    0.97951581   -0.19918294    0.28761960    0.19918294    0.93680367
    0.98172721    0.09310371    0.16596199    0.09310371    0.52561700   -0.84561130   -0.16596199    0.84561130    0.50734421
   -0.22879005   -0.28245667    0.93159720   -0.28245667    0.93507290    0.21414223   -0.93159720   -0.21414223   -0.29371715
    0.99627315   -0.03567820   -0.07852947   -0.03567820    0.65844239   -0.75178500    0.07852947    0.75178500    0.65471554
    0.76407689   -0.24961354   -0.59487779   -0.24961354    0.73590159   -0.62939807    0.59487779    0.62939807    0.49997848
    0.95892161    0.20109294    0.20007744    0.20109294    0.01558052   -0.97944825   -0.20007744    0.97944825   -0.02549787
    0.01822933   -0.57457237    0.81825075   -0.57457237    0.66373674    0.47887382   -0.81825075   -0.47887382   -0.31803393
    0.66542930    0.35184598   -0.65833749    0.35184598    0.62998673    0.69233021    0.65833749   -0.69233021    0.29541604
    0.99740848    0.06313570    0.03449938    0.06313570   -0.53813840   -0.84048852   -0.03449938    0.84048852   -0.54072992
    0.49620127   -0.53195555   -0.68615420   -0.53195555    0.43831397   -0.72450269    0.68615420    0.72450269   -0.06548477
    0.73799808    0.22929115   -0.63465298    0.22929115    0.79933570    0.55541697    0.63465298   -0.55541697    0.53733378
   -0.23405506   -0.67389096    0.70077757   -0.67389096    0.63200262    0.38267958   -0.70077757   -0.38267958   -0.60205244
    0.24213774    0.33136991    0.91190093    0.33136991    0.85511086   -0.39872222   -0.91190093    0.39872222    0.09724859
   -0.58514610    0.28636901    0.75868098    0.28636901    0.94826520   -0.13706164   -0.75868098    0.13706164   -0.63688089
    0.99071640    0.08062370   -0.10945704    0.08062370    0.29982137    0.95058243    0.10945704   -0.95058243    0.29053777
    0.46467426    0.50609184    0.72660091    0.50609184    0.52154562   -0.68692155   -0.72660091    0.68692155   -0.01378012
   -0.63761823   -0.29322507   -0.71236371   -0.29322507    0.94749635   -0.12755287    0.71236371    0.12755287   -0.69012188
    0.79334387   -0.05328774   -0.60643707   -0.05328774    0.98625938   -0.15637407    0.60643707    0.15637407    0.77960325
    0.96775988    0.01268589   -0.25155494    0.01268589    0.99500834    0.09898222    0.25155494   -0.09898222    0.96276821
    0.19694847    0.01980241    0.98021384    0.01980241    0.99951169   -0.02417105   -0.98021384    0.02417105    0.19646016
    0.91341995   -0.33470324   -0.23159822   -0.33470324   -0.29390382   -0.89531798    0.23159822    0.89531798   -0.38048387
    0.26079262   -0.42151973   -0.86850925   -0.42151973    0.75963594   -0.49525180    0.86850925    0.49525180    0.02042857
    0.55040286   -0.06761614   -0.83215668   -0.06761614    0.98983103   -0.12515031    0.83215668    0.12515031    0.54023389
    0.76256627    0.53609221    0.36207432    0.53609221   -0.21042139   -0.81751329   -0.36207432    0.81751329   -0.44785512
    0.75951739    0.47563913    0.44373500    0.47563913    0.05925596   -0.87764238   -0.44373500    0.87764238   -0.18122666
    0.88064571   -0.24614775   -0.40481405   -0.24614775    0.49236248   -0.83485956    0.40481405    0.83485956    0.37300819
    0.41163350    0.18385626    0.89261119    0.18385626    0.94254751   -0.27892844   -0.89261119    0.27892844    0.35418101
    0.60143320    0.70062075   -0.38393837    0.70062075   -0.23158635    0.67490616    0.38393837   -0.67490616   -0.63015315
    0.89979825   -0.11770978    0.42012799   -0.11770978    0.86172305    0.49353600   -0.42012799   -0.49353600    0.76152130
    0.81378252   -0.34048629    0.47098524   -0.34048629    0.37744345    0.86116522   -0.47098524   -0.86116522    0.19122596
    0.76334430    0.39435056    0.51165723    0.39435056    0.34287507   -0.85259857   -0.51165723    0.85259857    0.10621937
   -0.69246130    0.46196507   -0.55415307    0.46196507    0.87390452    0.15125862    0.55415307   -0.15125862   -0.81855678
   -0.60738195   -0.61409083   -0.50396391   -0.61409083    0.76539021   -0.19253645    0.50396391    0.19253645   -0.84199174
    0.81736823   -0.25565736    0.51628335   -0.25565736    0.64211767    0.72272001   -0.51628335   -0.72272001    0.45948590
    0.85808715    0.02625174   -0.51283261    0.02625174    0.99514382    0.09486632    0.51283261   -0.09486632    0.85323097
    0.24361775    0.61622166   -0.74894677    0.61622166    0.49796663    0.61016400    0.74894677   -0.61016400   -0.25841562
    0.10050461   -0.96682036   -0.23485573   -0.96682036   -0.03918443   -0.25243409    0.23485573    0.25243409   -0.93867983
    0.58439781    0.72117890    0.37199489    0.72117890   -0.25143470   -0.64550878   -0.37199489    0.64550878   -0.66703689
    0.32483259    0.89154003    0.31565830    0.89154003   -0.17725413   -0.41681812   -0.31565830    0.41681812   -0.85242154
