# Rotation matrices: 81 entries, row-major flattening of 3x3 -> 1x9
# https://github.com/Neurophysics-CFIN/GFO
# Col:  1    2    3    4    5    6    7    8    9
#       R11  R12  R13  R21  R22  R23  R31  R32  R33
# where Rij = R(i,j), i = row index, j = column index

    0.41884934   -0.12033891    0.90004654   -0.12033891    0.97508141    0.18637271   -0.90004654   -0.18637271    0.39393076
    0.75595789    0.09827088   -0.64720206    0.09827088    0.96042828    0.26061533    0.64720206   -0.26061533    0.71638617
    0.83419843   -0.18765690    0.51855362   -0.18765690    0.78760687    0.58690741   -0.51855362   -0.58690741    0.62180530
    0.99931377   -0.00128878    0.03701788   -0.00128878    0.99757959    0.06952191   -0.03701788   -0.06952191    0.99689336
    0.76212210   -0.37072356    0.53078616   -0.37072356    0.42224159    0.82720982   -0.53078616   -0.82720982    0.18436368
    0.24715137   -0.37130494   -0.89501332   -0.37130494    0.81687241   -0.44142056    0.89501332    0.44142056    0.06402377
    0.88051078   -0.23130513    0.41376165   -0.23130513    0.55224359    0.80095253   -0.41376165   -0.80095253    0.43275437
    0.95985975    0.00906156    0.28033400    0.00906156    0.99795437   -0.06328471   -0.28033400    0.06328471    0.95781412
    0.99625797    0.03323417    0.07978441    0.03323417    0.70483678   -0.70859057   -0.07978441    0.70859057    0.70109475
    0.99996845    0.00088859    0.00789347    0.00088859    0.97497218   -0.22232510   -0.00789347    0.22232510    0.97494064
    0.80341403    0.19208070   -0.56358752    0.19208070    0.81232131    0.55067149    0.56358752   -0.55067149    0.61573534
    0.54107092    0.08104931   -0.83706228    0.08104931    0.98568626    0.14782965    0.83706228   -0.14782965    0.52675718
    0.70841966   -0.13454591   -0.69284846   -0.13454591    0.93791556   -0.31970581    0.69284846    0.31970581    0.64633522
    0.96442908    0.05012183    0.25954644    0.05012183    0.92937496   -0.36571845   -0.25954644    0.36571845    0.89380404
    0.97052383   -0.00749872   -0.24088849   -0.00749872    0.99809233   -0.06128190    0.24088849    0.06128190    0.96861616
    0.80549332   -0.30076623   -0.51060766   -0.30076623    0.53492434   -0.78955407    0.51060766    0.78955407    0.34041766
    0.99331761   -0.07852238   -0.08458350   -0.07852238    0.07731204   -0.99391000    0.08458350    0.99391000    0.07062964
    0.21105596    0.40708088   -0.88867347    0.40708088    0.78995362    0.45853947    0.88867347   -0.45853947    0.00100957
    0.97808828    0.10368514   -0.18053449    0.10368514    0.50936714    0.85428011    0.18053449   -0.85428011    0.48745542
    0.94849562   -0.03682205    0.31464295   -0.03682205    0.97367479    0.22494785   -0.31464295   -0.22494785    0.92217042
    0.72079814   -0.01253195   -0.69303174   -0.01253195    0.99943750   -0.03110667    0.69303174    0.03110667    0.72023565
    0.46723296   -0.44088640    0.76636319   -0.44088640    0.63514856    0.63419672   -0.76636319   -0.63419672    0.10238152
    0.92073709    0.23215785   -0.31360158    0.23215785    0.32001913    0.91852626    0.31360158   -0.91852626    0.24075621
    0.80449101    0.38575435    0.45165008    0.38575435    0.23887684   -0.89114052   -0.45165008    0.89114052    0.04336785
    0.83999849    0.25057539   -0.48126345    0.25057539    0.60757854    0.75369774    0.48126345   -0.75369774    0.44757704
    0.72307254    0.38462045   -0.57378848    0.38462045    0.46580636    0.79692631    0.57378848   -0.79692631    0.18887890
    0.72572005    0.35855799    0.58716827    0.35855799    0.53126784   -0.76758755   -0.58716827    0.76758755    0.25698789
    0.60506657    0.21512993   -0.76655956    0.21512993    0.88281345    0.41756380    0.76655956   -0.41756380    0.48788001
    0.99972568    0.00595661    0.02265156    0.00595661    0.87065971   -0.49184976   -0.02265156    0.49184976    0.87038539
    0.87004067    0.06073355    0.48922457    0.06073355    0.97161755   -0.22862801   -0.48922457    0.22862801    0.84165822
    0.99790750   -0.01185824    0.06356109   -0.01185824    0.93279921    0.36020135   -0.06356109   -0.36020135    0.93070671
    0.84176118   -0.01859898    0.53952961   -0.01859898    0.99781392    0.06341492   -0.53952961   -0.06341492    0.83957510
    0.99193304   -0.06447186    0.10914314   -0.06447186    0.48473520    0.87228159   -0.10914314   -0.87228159    0.47666824
    0.95154771    0.14282321    0.27232056    0.14282321    0.57899887   -0.80272152   -0.27232056    0.80272152    0.53054658
    0.47364941    0.48855578    0.73278202    0.48855578    0.54652516   -0.68016432   -0.73278202    0.68016432    0.02017457
    0.82932092   -0.10681986    0.54846725   -0.10681986    0.93314657    0.34325938   -0.54846725   -0.34325938    0.76246749
    0.80194059    0.15294489    0.57749386    0.15294489    0.88189333   -0.44595069   -0.57749386    0.44595069    0.68383392
    0.48689283    0.05322781    0.87183839    0.05322781    0.99447835   -0.09044124   -0.87183839    0.09044124    0.48137118
    0.73822295   -0.23957153   -0.63058097   -0.23957153    0.78075038   -0.57709126    0.63058097    0.57709126    0.51897333
    0.94810230   -0.18166212   -0.26096151   -0.18166212    0.36411199   -0.91346665    0.26096151    0.91346665    0.31221429
    0.96815281    0.17298878    0.18098347    0.17298878    0.06035294   -0.98307294   -0.18098347    0.98307294    0.02850575
    0.94525199    0.12166790   -0.30281280    0.12166790    0.72961431    0.67294864    0.30281280   -0.67294864    0.67486631
    0.95945492   -0.11102467    0.25907485   -0.11102467    0.69598096    0.70942514   -0.25907485   -0.70942514    0.65543588
    0.91952760    0.22529382    0.32204298    0.22529382    0.36925818   -0.90160473   -0.32204298    0.90160473    0.28878578
    0.32346281    0.23430659    0.91677273    0.23430659    0.91885209   -0.31750788   -0.91677273    0.31750788    0.24231490
    0.99253597   -0.05797364   -0.10729117   -0.05797364    0.54971443   -0.83333853    0.10729117    0.83333853    0.54225041
    0.23088103   -0.15533204   -0.96050294   -0.15533204    0.96862899   -0.19398414    0.96050294    0.19398414    0.19951002
    0.67167772   -0.31243931    0.67173709   -0.31243931    0.70267530    0.63924103   -0.67173709   -0.63924103    0.37435302
    0.99836902    0.03281949    0.04671390    0.03281949    0.33958934   -0.94000104   -0.04671390    0.94000104    0.33795835
    0.65834690   -0.06566201    0.74984522   -0.06566201    0.98738048    0.14411210   -0.74984522   -0.14411210    0.64572738
    0.50381220   -0.08039770   -0.86006365   -0.08039770    0.98697310   -0.13935679    0.86006365    0.13935679    0.49078530
    0.99998175    0.00228917   -0.00559077    0.00228917    0.71283968    0.70132329    0.00559077   -0.70132329    0.71282143
    0.93233285    0.11618114    0.34242868    0.11618114    0.80052274   -0.58793306   -0.34242868    0.58793306    0.73285559
    0.88355746    0.02544459   -0.46763103    0.02544459    0.99443994    0.10218498    0.46763103   -0.10218498    0.87799741
    0.22703454    0.03593986    0.97322333    0.03593986    0.99832894   -0.04525107   -0.97322333    0.04525107    0.22536348
    0.38262930   -0.29304199    0.87619702   -0.29304199    0.86090430    0.41589683   -0.87619702   -0.41589683    0.24353360
    0.54564108   -0.37294362   -0.75045911   -0.37294362    0.69388311   -0.61598644    0.75045911    0.61598644    0.23952419
    0.65778798   -0.44553922   -0.60729710   -0.44553922    0.41993504   -0.79066387    0.60729710    0.79066387    0.07772303
    0.87860640   -0.31820637   -0.35608355   -0.31820637    0.16589264   -0.93339399    0.35608355    0.93339399    0.04449905
    0.98806820    0.04096709   -0.14846862    0.04096709    0.85934208    0.50975768    0.14846862   -0.50975768    0.84741028
    0.34302679    0.25104375   -0.90515726    0.25104375    0.90407073    0.34588027    0.90515726   -0.34588027    0.24709751
    0.70532048    0.06222214    0.70615255    0.06222214    0.98686168   -0.14910546   -0.70615255    0.14910546    0.69218215
    0.96746114   -0.04615736   -0.24877387   -0.04615736    0.93452439   -0.35289328    0.24877387    0.35289328    0.90198553
    0.10406789   -0.16687050    0.98047137   -0.16687050    0.96891978    0.18261624   -0.98047137   -0.18261624    0.07298768
    0.49400953   -0.23865545   -0.83606110   -0.23865545    0.88743578   -0.39433654    0.83606110    0.39433654    0.38144531
    0.56815829    0.35029093   -0.74464248    0.35029093    0.71585945    0.60402111    0.74464248   -0.60402111    0.28401774
    0.87556422   -0.12907876   -0.46553837   -0.12907876    0.86610503   -0.48290864    0.46553837    0.48290864    0.74166925
    0.63711540   -0.19963667    0.74446569   -0.19963667    0.89017224    0.40955900   -0.74446569   -0.40955900    0.52728764
    0.97814844    0.02442587   -0.20646794    0.02442587    0.97269655    0.23079169    0.20646794   -0.23079169    0.95084499
    0.28782865    0.04915278   -0.95641971    0.04915278    0.99660756    0.06601037    0.95641971   -0.06601037    0.28443622
    0.90998676   -0.17475789   -0.37601033   -0.17475789    0.66071301   -0.73001233    0.37601033    0.73001233    0.57069978
    0.95740712   -0.07622008    0.27849972   -0.07622008    0.86360394    0.49837610   -0.27849972   -0.49837610    0.82101107
    0.90510186    0.09124321   -0.41528943    0.09124321    0.91227096    0.39929485    0.41528943   -0.39929485    0.81737281
    0.80221092    0.24181254    0.54587941    0.24181254    0.70436535   -0.66738007   -0.54587941    0.66738007    0.50657626
    0.04704469    0.13940153   -0.98911779    0.13940153    0.97960787    0.14469150    0.98911779   -0.14469150    0.02665256
    0.54537712    0.33166092    0.76978233    0.33166092    0.75804350   -0.56157911   -0.76978233    0.56157911    0.30342061
    0.99943917    0.02077069   -0.02626656    0.02077069    0.23075023    0.97279130    0.02626656   -0.97279130    0.23018940
    0.87043566   -0.05362763   -0.48935247   -0.05362763    0.97780313   -0.20254658    0.48935247    0.20254658    0.84823879
    0.59807168    0.19400766    0.77760613    0.19400766    0.90635402   -0.37534440   -0.77760613    0.37534440    0.50442570
    0.97620794   -0.07179748   -0.20460492   -0.07179748    0.78333618   -0.61743789    0.20460492    0.61743789    0.75954413
    0.94900920   -0.19279689    0.24942114   -0.19279689    0.27103245    0.94306456   -0.24942114   -0.94306456    0.22004165
