# Rotation matrices: 24 entries, row-major flattening of 3x3 -> 1x9
# https://github.com/Neurophysics-CFIN/GFO
# Col:  1    2    3    4    5    6    7    8    9
#       R11  R12  R13  R21  R22  R23  R31  R32  R33
# where Rij = R(i,j), i = row index, j = column index

    0.96264496    0.18423003   -0.19842875    0.18423003    0.09140214    0.97862401    0.19842875   -0.97862401    0.05404710
    0.53332966   -0.78029496   -0.32664850   -0.78029496   -0.30469022   -0.54617181    0.32664850    0.54617181   -0.77136056
    0.73142244    0.16107317   -0.66262859    0.16107317    0.90340010    0.39739615    0.66262859   -0.39739615    0.63482254
    0.53943038   -0.11365917   -0.83432395   -0.11365917    0.97195124   -0.20589410    0.83432395    0.20589410    0.51138162
    0.42394095   -0.82085616    0.38271300   -0.82085616   -0.16968014    0.54534743   -0.38271300   -0.54534743   -0.74573919
    0.48655242    0.60725408    0.62809969    0.60725408    0.28180104   -0.74285305   -0.62809969    0.74285305   -0.23164653
    0.68484966    0.57805292   -0.44366178    0.57805292   -0.06027229    0.81377028    0.44366178   -0.81377028   -0.37542263
    0.95827265    0.11951324   -0.25967307    0.11951324    0.65769655    0.74374178    0.25967307   -0.74374178    0.61596920
    0.91791015   -0.00806491    0.39670633   -0.00806491    0.99920766    0.03897440   -0.39670633   -0.03897440    0.91711781
   -0.40875315   -0.51778546   -0.75154446   -0.51778546    0.80968860   -0.27622923    0.75154446    0.27622923   -0.59906455
    0.85665397   -0.00792031   -0.51583064   -0.00792031    0.99956238   -0.02850123    0.51583064    0.02850123    0.85621635
    0.74788532    0.62326004   -0.22850486    0.62326004   -0.54077930    0.56489351    0.22850486   -0.56489351   -0.79289398
    0.43344223    0.37392809    0.81994245    0.37392809    0.75320749   -0.54116196   -0.81994245    0.54116196    0.18664971
    0.97623912   -0.11405707    0.18425026   -0.11405707    0.45250272    0.88443896   -0.18425026   -0.88443896    0.42874185
    0.28744707    0.04290135    0.95683523    0.04290135    0.99741700   -0.05760908   -0.95683523    0.05760908    0.28486407
    0.99626839   -0.04378822   -0.07437671   -0.04378822    0.48617198   -0.87276538    0.07437671    0.87276538    0.48244036
    0.72805346    0.13133621    0.67282164    0.13133621    0.93657135   -0.32493830   -0.67282164    0.32493830    0.66462481
    0.89487485   -0.29663051   -0.33348066   -0.29663051    0.16300088   -0.94097877    0.33348066    0.94097877    0.05787572
    0.89009433   -0.45345218    0.04596951   -0.45345218   -0.87086697    0.18966243   -0.04596951   -0.18966243   -0.98077264
    0.12900518   -0.32336256   -0.93744030   -0.32336256    0.87994952   -0.34803088    0.93744030    0.34803088    0.00895470
    0.37121882   -0.64268845   -0.67018515   -0.64268845    0.34309667   -0.68500819    0.67018515    0.68500819   -0.28568451
    0.76583660    0.62995733    0.12902735    0.62995733   -0.69474070   -0.34711542   -0.12902735    0.34711542   -0.92890410
    0.34840674   -0.66288073    0.66272308   -0.66288073    0.32563627    0.67420335   -0.66272308   -0.67420335   -0.32595700
    0.27428572    0.16952703   -0.94658752    0.16952703    0.96039844    0.22112308    0.94658752   -0.22112308    0.23468417
