# Rotation matrices: 7 entries, row-major flattening of 3x3 -> 1x9
# https://github.com/Neurophysics-CFIN/GFO
# Col:  1    2    3    4    5    6    7    8    9
#       R11  R12  R13  R21  R22  R23  R31  R32  R33
# where Rij = R(i,j), i = row index, j = column index

    0.80059014   -0.57657357    0.16315131   -0.57657357   -0.66710452    0.47173560   -0.16315131   -0.47173560   -0.86651438
   -0.15654992   -0.48278876   -0.86163051   -0.48278876    0.79846526   -0.35967797    0.86163051    0.35967797   -0.35808465
   -0.49395583   -0.02673839    0.86907577   -0.02673839    0.99952144    0.01555447   -0.86907577   -0.01555447   -0.49443439
    0.89131478   -0.32699927    0.31405326   -0.32699927    0.01616323    0.94488636   -0.31405326   -0.94488636   -0.09252200
    0.64529275    0.59341851    0.48109433    0.59341851    0.00722210   -0.80486168   -0.48109433    0.80486168   -0.34748515
    0.69253222    0.23912716    0.68060071    0.23912716    0.81402344   -0.52932413   -0.68060071    0.52932413    0.50655566
    0.99172978   -0.02636863    0.12560550   -0.02636863    0.91592675    0.40047833   -0.12560550   -0.40047833    0.90765653
