# Rotation matrices: 28 entries, row-major flattening of 3x3 -> 1x9
# https://github.com/Neurophysics-CFIN/GFO
# Col:  1    2    3    4    5    6    7    8    9
#       R11  R12  R13  R21  R22  R23  R31  R32  R33
# where Rij = R(i,j), i = row index, j = column index

    0.99820716    0.00815877    0.05929511    0.00815877    0.96287159   -0.26983651   -0.05929511    0.26983651    0.96107874
    0.81322719    0.37227692   -0.44729346    0.37227692    0.25797497    0.89154855    0.44729346   -0.89154855    0.07120215
    0.85639479   -0.25605448   -0.44835708   -0.25605448    0.54344347   -0.79944062    0.44835708    0.79944062    0.39983825
    0.86196254   -0.08706784   -0.49943946   -0.08706784    0.94508152   -0.31502399    0.49943946    0.31502399    0.80704406
    0.98333402   -0.04112252    0.17709641   -0.04112252    0.89853213    0.43697706   -0.17709641   -0.43697706    0.88186615
    0.26707725    0.39450761    0.87922323    0.39450761    0.78764985   -0.47325623   -0.87922323    0.47325623    0.05472710
    0.41024259   -0.28087492    0.86764641   -0.28087492    0.86623192    0.41322094   -0.86764641   -0.41322094    0.27647451
    0.73048735    0.33635696    0.59435025    0.33635696    0.58022005   -0.74176053   -0.59435025    0.74176053    0.31070740
    0.58876644    0.15268936    0.79375062    0.15268936    0.94330706   -0.29471639   -0.79375062    0.29471639    0.53207350
    0.92672110    0.09503744   -0.36353251    0.09503744    0.87674329    0.47147544    0.36353251   -0.47147544    0.80346439
    0.99907072    0.02614062   -0.03426904    0.02614062    0.26466645    0.96398565    0.03426904   -0.96398565    0.26373717
    0.88534459    0.11563981    0.45032476    0.11563981    0.88336733   -0.45419114   -0.45032476    0.45419114    0.76871193
    0.67543972   -0.08341662    0.73268196   -0.08341662    0.97856074    0.18830971   -0.73268196   -0.18830971    0.65400046
    0.46470875   -0.47193942   -0.74921223   -0.47193942    0.58391471   -0.66054280    0.74921223    0.66054280    0.04862346
    0.73425752    0.04331171   -0.67748800    0.04331171    0.99294089    0.11041954    0.67748800   -0.11041954    0.72719841
    0.99885205    0.02043772   -0.04332290    0.02043772    0.63613227    0.77130930    0.04332290   -0.77130930    0.63498433
    0.84301964   -0.20253516    0.49829449   -0.20253516    0.73869030    0.64289669   -0.49829449   -0.64289669    0.58170994
    0.98450032   -0.05939734   -0.16501840   -0.05939734    0.77237952   -0.63237792    0.16501840    0.63237792    0.75687984
    0.99714262   -0.04789025   -0.05842196   -0.04789025    0.19735092   -0.97916247    0.05842196    0.97916247    0.19449354
    0.77143932    0.27232015   -0.57508531    0.27232015    0.67554234    0.68518923    0.57508531   -0.68518923    0.44698166
    0.45420059    0.21007415   -0.86577750    0.21007415    0.91914402    0.33323134    0.86577750   -0.33323134    0.37334461
    0.84894103   -0.31334366    0.42557594   -0.31334366    0.35002702    0.88277791   -0.42557594   -0.88277791    0.19896804
    0.97118336    0.11051439    0.21116212    0.11051439    0.57616738   -0.80982573   -0.21116212    0.80982573    0.54735075
    0.91171842   -0.01007014    0.41069223   -0.01007014    0.99885131    0.04684704   -0.41069223   -0.04684704    0.91056974
    0.58944499   -0.22580518   -0.77560726   -0.22580518    0.87580719   -0.42658385    0.77560726    0.42658385    0.46525218
    0.25193728   -0.07831008   -0.96456992   -0.07831008    0.99180220   -0.10097489    0.96456992    0.10097489    0.24373948
    0.19792839    0.01573411    0.98009020    0.01573411    0.99969135   -0.01922627   -0.98009020    0.01922627    0.19761973
    0.98072133    0.00873182   -0.19521638    0.00873182    0.99604513    0.08841865    0.19521638   -0.08841865    0.97676645
