# Rotation matrices: 95 entries, row-major flattening of 3x3 -> 1x9
# https://github.com/Neurophysics-CFIN/GFO
# Col:  1    2    3    4    5    6    7    8    9
#       R11  R12  R13  R21  R22  R23  R31  R32  R33
# where Rij = R(i,j), i = row index, j = column index

    0.97124950   -0.01665081    0.23748086   -0.01665081    0.99035671    0.13753671   -0.23748086   -0.13753671    0.96160621
    0.85630400    0.01797966   -0.51615908    0.01797966    0.99775033    0.06458331    0.51615908   -0.06458331    0.85405433
    0.99847497   -0.00946662    0.05438857   -0.00946662    0.94123593    0.33761711   -0.05438857   -0.33761711    0.93971090
    0.99903698    0.01347948    0.04175413    0.01347948    0.81132568   -0.58443900   -0.04175413    0.58443900    0.81036267
    0.95927801    0.01480120   -0.28207558    0.01480120    0.99462022    0.10252583    0.28207558   -0.10252583    0.95389822
    0.79230514   -0.13465564    0.59508018   -0.13465564    0.91269817    0.38581072   -0.59508018   -0.38581072    0.70500331
    0.95118292   -0.06562962   -0.30156892   -0.06562962    0.91176764   -0.40542882    0.30156892    0.40542882    0.86295055
    0.97715527    0.03850940   -0.20900861    0.03850940    0.93508462    0.35232623    0.20900861   -0.35232623    0.91223990
    0.68251582   -0.07458040    0.72705565   -0.07458040    0.98248027    0.17079308   -0.72705565   -0.17079308    0.66499609
    0.99958642    0.00136831   -0.02872467    0.00136831    0.99547293    0.09503566    0.02872467   -0.09503566    0.99505935
    0.89734681   -0.14239147    0.41772404   -0.14239147    0.80248708    0.57943003   -0.41772404   -0.57943003    0.69983389
    0.94553872    0.09504823    0.31132357    0.09504823    0.83411763   -0.54333563   -0.31132357    0.54333563    0.77965635
    0.66159825    0.26850837   -0.70013642    0.26850837    0.78694925    0.55553049    0.70013642   -0.55553049    0.44854750
    0.82452424   -0.01458433    0.56563864   -0.01458433    0.99878785    0.04701198   -0.56563864   -0.04701198    0.82331209
    0.79104922   -0.29253749   -0.53727363   -0.29253749    0.59043855   -0.75219953    0.53727363    0.75219953    0.38148777
    0.98758591   -0.05695933    0.14638891   -0.05695933    0.73865472    0.67167316   -0.14638891   -0.67167316    0.72624063
    0.87016554    0.07412081    0.48715299    0.07412081    0.95768539   -0.27810933   -0.48715299    0.27810933    0.82785093
    0.76008066   -0.05630590   -0.64738477   -0.05630590    0.98678575   -0.15193266    0.64738477    0.15193266    0.74686640
    0.92802845   -0.16657622    0.33318997   -0.16657622    0.61446380    0.77115926   -0.33318997   -0.77115926    0.54249225
    0.93992483   -0.15892361   -0.30213341   -0.15892361    0.57958148   -0.79926754    0.30213341    0.79926754    0.51950631
    0.75758552    0.32005028   -0.56888664    0.32005028    0.57745024    0.75107858    0.56888664   -0.75107858    0.33503575
    0.55257543    0.01379202    0.83334877    0.01379202    0.99957486   -0.02568827   -0.83334877    0.02568827    0.55215028
    0.48524373   -0.29963177   -0.82143735   -0.29963177    0.82558892   -0.47814615    0.82143735    0.47814615    0.31083265
    0.99616197   -0.05629408    0.06702471   -0.05629408    0.17431045    0.98308028   -0.06702471   -0.98308028    0.17047241
    0.97761065    0.08625304    0.19193182    0.08625304    0.66771754   -0.73940091   -0.19193182    0.73940091    0.64532819
    0.88306732    0.08119807   -0.46216769    0.08119807    0.94361605    0.32092932    0.46216769   -0.32092932    0.82668337
    0.57356962   -0.34914876    0.74102162   -0.34914876    0.71412718    0.60672688   -0.74102162   -0.60672688    0.28769680
    0.99285629   -0.06794014   -0.09808432   -0.06794014    0.35385679   -0.93282877    0.09808432    0.93282877    0.34671308
    0.87427770    0.28778444   -0.39092022    0.28778444    0.34124748    0.89483534    0.39092022   -0.89483534    0.21552518
    0.45020966    0.14552370    0.88098474    0.14552370    0.96148141   -0.23318736   -0.88098474    0.23318736    0.41169107
    0.21998748   -0.29669733   -0.92928801   -0.29669733    0.88714372   -0.35347801    0.92928801    0.35347801    0.10713121
    0.75426328   -0.24042844    0.61096733   -0.24042844    0.76476518    0.59776951   -0.61096733   -0.59776951    0.51902846
    0.70465079    0.27955727    0.65216179    0.27955727    0.73539029   -0.61729155   -0.65216179    0.61729155    0.44004108
    0.22302437    0.39273703   -0.89219827    0.39273703    0.80148364    0.45097849    0.89219827   -0.45097849    0.02450801
    0.72810002    0.06621977    0.68226484    0.06621977    0.98387253   -0.16616191   -0.68226484    0.16616191    0.71197255
    0.64319218   -0.15790942   -0.74924524   -0.15790942    0.93011536   -0.33158714    0.74924524    0.33158714    0.57330754
    0.98145375    0.07739700   -0.17538027    0.07739700    0.67700769    0.73189500    0.17538027   -0.73189500    0.65846144
    0.84355756    0.34692284    0.40994534    0.34692284    0.23067256   -0.90908454   -0.40994534    0.90908454    0.07423012
    0.02824418    0.06050894    0.99776798    0.06050894    0.99623225   -0.06212865   -0.99776798    0.06212865    0.02447643
    0.32033221   -0.46473275    0.82547607   -0.46473275    0.68223222    0.56443128   -0.82547607   -0.56443128    0.00256443
    0.92479109   -0.26051555   -0.27729604   -0.26051555    0.09760227   -0.96052353    0.27729604    0.96052353    0.02239336
    0.97146909    0.14985427    0.18382465    0.14985427    0.21291317   -0.96551110   -0.18382465    0.96551110    0.18438226
    0.22029673    0.23118757    0.94764005    0.23118757    0.93145124   -0.28098202   -0.94764005    0.28098202    0.15174797
    0.75180395   -0.40307262   -0.52184604   -0.40307262    0.34540645   -0.84748265    0.52184604    0.84748265    0.09721040
    0.85998877   -0.30917809    0.40599042   -0.30917809    0.31726126    0.89652340   -0.40599042   -0.89652340    0.17725003
    0.50852124    0.40647905   -0.75906583    0.40647905    0.66382023    0.62778777    0.75906583   -0.62778777    0.17234148
    0.43292500    0.27040123   -0.85991809    0.27040123    0.87106322    0.41003907    0.85991809   -0.41003907    0.30398822
    0.18722719   -0.08190672   -0.97889594   -0.08190672    0.99174590   -0.09864768    0.97889594    0.09864768    0.17897308
    0.80196499   -0.29662515    0.51852259   -0.29662515    0.55570239    0.77666490   -0.51852259   -0.77666490    0.35766738
    0.99824227   -0.03987452   -0.04384512   -0.03987452    0.09543751   -0.99463647    0.04384512    0.99463647    0.09367978
    0.65518930    0.45622541   -0.60215061    0.45622541    0.39635974    0.79671660    0.60215061   -0.79671660    0.05154903
    0.28185048    0.01126904    0.95939216    0.01126904    0.99982317   -0.01505457   -0.95939216    0.01505457    0.28167365
    0.57916782   -0.40372442   -0.70821693   -0.40372442    0.61268786   -0.67942636    0.70821693    0.67942636    0.19185569
    0.96736281    0.16844793   -0.18929998    0.16844793    0.13060200    0.97702017    0.18929998   -0.97702017    0.09796481
    0.48509542    0.43544873    0.75833161    0.43544873    0.63174614   -0.64131211   -0.75833161    0.64131211    0.11684156
    0.21088478    0.18012199   -0.96077244    0.18012199    0.95888568    0.21930416    0.96077244   -0.21930416    0.16977046
    0.61880842   -0.44457367    0.64763446   -0.44457367    0.48150548    0.75531896   -0.64763446   -0.75531896    0.10031390
    0.98753215    0.08273789    0.13392051    0.08273789    0.45094333   -0.88870949   -0.13392051    0.88870949    0.43847547
    0.93098318    0.17947232   -0.31789937    0.17947232    0.53329764    0.82667002    0.31789937   -0.82667002    0.46428081
    0.65340130    0.18016012    0.73526123    0.18016012    0.90635375   -0.38218478   -0.73526123    0.38218478    0.55975505
    0.87956046   -0.16821501   -0.44505853   -0.16821501    0.76505812   -0.62160259    0.44505853    0.62160259    0.64461859
    0.99904462   -0.02057755    0.03855401   -0.02057755    0.55678820    0.83039958   -0.03855401   -0.83039958    0.55583282
    0.89893421    0.23258575    0.37124271    0.23258575    0.46474339   -0.85435207   -0.37124271    0.85435207    0.36367760
    0.57078249    0.14791628   -0.80766833    0.14791628    0.94902532    0.27833742    0.80766833   -0.27833742    0.51980781
    0.35316674   -0.29956069    0.88630505   -0.29956069    0.86126780    0.41046459   -0.88630505   -0.41046459    0.21443453
    0.91161708   -0.23733596   -0.33559789   -0.23733596    0.36267824   -0.90118596    0.33559789    0.90118596    0.27429532
    0.99182671    0.07145368   -0.10570787    0.07145368    0.37532786    0.92413385    0.10570787   -0.92413385    0.36715456
    0.47154331    0.30404541    0.82777007    0.30404541    0.82506870   -0.47625416   -0.82777007    0.47625416    0.29661201
    0.38275649    0.05169925   -0.92240157    0.05169925    0.99566976    0.07725876    0.92240157   -0.07725876    0.37842625
    0.59184882   -0.20611049    0.77925184   -0.20611049    0.89591716    0.39351100   -0.77925184   -0.39351100    0.48776598
    0.99739035   -0.03177336   -0.06483013   -0.03177336    0.61314892   -0.78932810    0.06483013    0.78932810    0.61053927
    0.77214552    0.15925245   -0.61516660    0.15925245    0.88869500    0.42995332    0.61516660   -0.42995332    0.66084052
    0.13944739   -0.17473246    0.97469123   -0.17473246    0.96452113    0.19790794   -0.97469123   -0.19790794    0.10396853
    0.83340281   -0.12538593   -0.53825471   -0.12538593    0.90563087   -0.40510628    0.53825471    0.40510628    0.73903368
    0.96499374   -0.06298211    0.25459840   -0.06298211    0.88668466    0.45806502   -0.25459840   -0.45806502    0.85167840
    0.73093126    0.36122725    0.57901155    0.36122725    0.51504912   -0.77732830   -0.57901155    0.77732830    0.24598037
    0.42253905   -0.14540916   -0.89460434   -0.14540916    0.96338484   -0.22526833    0.89460434    0.22526833    0.38592389
    0.43031190   -0.12525015    0.89394858   -0.12525015    0.97246283    0.19654121   -0.89394858   -0.19654121    0.40277473
    0.70853176   -0.24707301   -0.66101261   -0.24707301    0.79056011   -0.56032993    0.66101261    0.56032993    0.49909188
    0.93701872    0.10365761   -0.33354312    0.10365761    0.82939532    0.54896129    0.33354312   -0.54896129    0.76641404
    0.87783118    0.19646894    0.43682077    0.19646894    0.68404342   -0.70248456   -0.43682077    0.70248456    0.56187460
    0.57666609   -0.02372500   -0.81663538   -0.02372500    0.99867037   -0.04576689    0.81663538    0.04576689    0.57533646
    0.96720109   -0.14085188    0.21138306   -0.14085188    0.39512462    0.90776499   -0.21138306   -0.90776499    0.36232571
    0.97486217   -0.07394258   -0.21018146   -0.07394258    0.78249892   -0.61824585    0.21018146    0.61824585    0.75736109
    0.85807932    0.19675305   -0.47432912    0.19675305    0.72722959    0.65759057    0.47432912   -0.65759057    0.58530892
    0.97199234    0.04162723    0.23129650    0.04162723    0.93813029   -0.34377134   -0.23129650    0.34377134    0.91012263
    0.90654852   -0.03890010   -0.42030533   -0.03890010    0.98380745   -0.17495622    0.42030533    0.17495622    0.89035597
    0.99844610    0.01626226   -0.05330035    0.01626226    0.82980837    0.55781145    0.05330035   -0.55781145    0.82825447
    0.82461203    0.15662024    0.54358542    0.15662024    0.86013922   -0.48541799   -0.54358542    0.48541799    0.68475125
    0.71739814    0.06274001   -0.69383254    0.06274001    0.98607119    0.15403671    0.69383254   -0.15403671    0.70346933
    0.90000465   -0.06155468    0.43151205   -0.06155468    0.96210845    0.26562821   -0.43151205   -0.26562821    0.86211311
    0.99886375   -0.00913836   -0.04677283   -0.00913836    0.92650413   -0.37617361    0.04677283    0.37617361    0.92536788
    0.99472571    0.00701454    0.10233063    0.00701454    0.99067102   -0.13609452   -0.10233063    0.13609452    0.98539673
    0.93126922    0.01551528    0.36400126    0.01551528    0.99649758   -0.08216959   -0.36400126    0.08216959    0.92776680
    0.98481478   -0.01299489   -0.17312131   -0.01299489    0.98887950   -0.14815014    0.17312131    0.14815014    0.97369428
