# Rotation matrices: 46 entries, row-major flattening of 3x3 -> 1x9
# https://github.com/Neurophysics-CFIN/GFO
# Col:  1    2    3    4    5    6    7    8    9
#       R11  R12  R13  R21  R22  R23  R31  R32  R33
# where Rij = R(i,j), i = row index, j = column index

    0.66646702   -0.74136384    0.07874882   -0.74136384   -0.64787402    0.17503975   -0.07874882   -0.17503975   -0.98140700
    0.92992767   -0.24847596    0.27109818   -0.24847596    0.11890608    0.96131215   -0.27109818   -0.96131215    0.04883375
   -0.40523435    0.21451001   -0.88869037    0.21451001    0.96725490    0.13565921    0.88869037   -0.13565921   -0.43797946
    0.72752162    0.28366804   -0.62469571    0.28366804    0.70468278    0.65034962    0.62469571   -0.65034962    0.43220440
    0.78676745   -0.20595663   -0.58187529   -0.20595663    0.80107102   -0.56202054    0.58187529    0.56202054    0.58783846
    0.90373844    0.32455543   -0.27914263    0.32455543   -0.09427090    0.94115715    0.27914263   -0.94115715   -0.19053246
    0.98674059   -0.03648560    0.15815120   -0.03648560    0.89960345    0.43518093   -0.15815120   -0.43518093    0.88634404
    0.99019790   -0.05612131    0.12790041   -0.05612131    0.67868087    0.73228592   -0.12790041   -0.73228592    0.66887877
    0.72717949   -0.08388799   -0.68130227   -0.08388799    0.97420577   -0.20948967    0.68130227    0.20948967    0.70138526
    0.97697051    0.07031792   -0.20145475    0.07031792    0.78529227    0.61511905    0.20145475   -0.61511905    0.76226277
   -0.77019433   -0.60923755   -0.18875989   -0.60923755    0.79032223   -0.06496440    0.18875989    0.06496440   -0.97987210
    0.48416917    0.13182890   -0.86498633    0.13182890    0.96630899    0.22106123    0.86498633   -0.22106123    0.45047816
    0.41662480    0.89286727    0.17091462    0.89286727   -0.36655101   -0.26158820   -0.17091462    0.26158820   -0.94992621
   -0.00021979    0.61722894   -0.78678357    0.61722894    0.61911216    0.48551888    0.78678357   -0.48551888   -0.38110763
    0.80217171   -0.31113689    0.50962181   -0.31113689    0.51065562    0.80151399   -0.50962181   -0.80151399    0.31282733
    0.15557401    0.22434366    0.96201177    0.22434366    0.94039729   -0.25558338   -0.96201177    0.25558338    0.09597129
    0.79730764    0.29789062    0.52493972    0.29789062    0.56219948   -0.77148747   -0.52493972    0.77148747    0.35950712
    0.48588316   -0.40261013    0.77577229   -0.40261013    0.68471191    0.60751517   -0.77577229   -0.60751517    0.17059506
   -0.89517882    0.15333592    0.41850087    0.15333592    0.98759383   -0.03386024   -0.41850087    0.03386024   -0.90758499
    0.80085941    0.57926961   -0.15189117    0.57926961   -0.68500695    0.44182824    0.15189117   -0.44182824   -0.88414755
    0.29891550   -0.12683493    0.94581310   -0.12683493    0.97705398    0.17110939   -0.94581310   -0.17110939    0.27596948
    0.89922016    0.03877433    0.43577477    0.03877433    0.98508185   -0.16766127   -0.43577477    0.16766127    0.88430201
    0.92385659   -0.07204957   -0.37589608   -0.07204957    0.93182417   -0.35568606    0.37589608    0.35568606    0.85568076
    0.38525430    0.33406995   -0.86021881    0.33406995    0.81845708    0.46746688    0.86021881   -0.46746688    0.20371138
    0.76940379   -0.53296929    0.35208174   -0.53296929   -0.23183403    0.81375470   -0.35208174   -0.81375470   -0.46243025
    0.97425452    0.16999121    0.14809156    0.16999121   -0.12241124   -0.97781311   -0.14809156    0.97781311   -0.14815671
    0.04781969    0.85728880    0.51261017    0.85728880    0.22814609   -0.46152494   -0.51261017    0.46152494   -0.72403421
    0.09262173   -0.32944428    0.93962103   -0.32944428    0.88038777    0.34115075   -0.93962103   -0.34115075   -0.02699049
    0.44528939   -0.13833429   -0.88463607   -0.13833429    0.96550205   -0.22061144    0.88463607    0.22061144    0.41079144
    0.47531841    0.46077616    0.74950500    0.46077616    0.59534569   -0.65821641   -0.74950500    0.65821641    0.07066410
    0.98902098   -0.08093827    0.12363860   -0.08093827    0.40331640    0.91147401   -0.12363860   -0.91147401    0.39233738
    0.98779664    0.13700584   -0.07407555    0.13700584   -0.53815085    0.83163878    0.07407555   -0.83163878   -0.55035420
    0.17990237   -0.60877694    0.77267443   -0.60877694    0.54809116    0.57357363   -0.77267443   -0.57357363   -0.27200647
    0.69396864   -0.01837472    0.71977072   -0.01837472    0.99889675    0.04321644   -0.71977072   -0.04321644    0.69286539
    0.89282541   -0.42014558    0.16229752   -0.42014558   -0.64705368    0.63623834   -0.16229752   -0.63623834   -0.75422827
   -0.37229534   -0.78264306   -0.49886474   -0.78264306    0.55364554   -0.28451093    0.49886474    0.28451093   -0.81864981
    0.76877769    0.14047268    0.62389766    0.14047268    0.91465974   -0.37903165   -0.62389766    0.37903165    0.68343743
    0.63761056   -0.52505137    0.56371431   -0.52505137    0.23927434    0.81674283   -0.56371431   -0.81674283   -0.12311510
    0.85686490   -0.18286732    0.48201876   -0.18286732    0.76637138    0.61582015   -0.48201876   -0.61582015    0.62323628
    0.72626516    0.06286750   -0.68453386    0.06286750    0.98556149    0.15721393    0.68453386   -0.15721393    0.71182665
    0.94347218    0.16322170   -0.28847691    0.16322170    0.52870422    0.83296490    0.28847691   -0.83296490    0.47217640
    0.68996418    0.50153392    0.52193214    0.50153392    0.18868641   -0.84431106   -0.52193214    0.84431106   -0.12134941
   -0.16442047    0.02519896    0.98606842    0.02519896    0.99945468   -0.02133928   -0.98606842    0.02133928   -0.16496579
    0.98803494   -0.12160885    0.09485912   -0.12160885   -0.23599111    0.96411591   -0.09485912   -0.96411591   -0.24795618
   -0.17942379   -0.61784063   -0.76555866   -0.61784063    0.67634446   -0.40103757    0.76555866    0.40103757   -0.50307933
    0.60534385    0.70919201   -0.36139384    0.70919201   -0.27440891    0.64942008    0.36139384   -0.64942008   -0.66906506
