# Rotation matrices: 89 entries, row-major flattening of 3x3 -> 1x9
# https://github.com/Neurophysics-CFIN/GFO
# Col:  1    2    3    4    5    6    7    8    9
#       R11  R12  R13  R21  R22  R23  R31  R32  R33
# where Rij = R(i,j), i = row index, j = column index

    0.98135066   -0.12715794    0.14415872   -0.12715794    0.13299112    0.98292636   -0.14415872   -0.98292636    0.11434178
    0.74365201    0.07006299    0.66488560    0.07006299    0.98085094   -0.18172123   -0.66488560    0.18172123    0.72450296
    0.90958979   -0.00237552   -0.41550062   -0.00237552    0.99993758   -0.01091726    0.41550062    0.01091726    0.90952738
   -0.22820165    0.64196386   -0.73198798    0.64196386    0.66445445    0.38259990    0.73198798   -0.38259990   -0.56374720
    0.87184348    0.34148512    0.35110804    0.34148512    0.09008072   -0.93556046   -0.35110804    0.93556046   -0.03807580
   -0.65346440   -0.74433002    0.13768477   -0.74433002    0.66492947    0.06198071   -0.13768477   -0.06198071   -0.98853492
    0.95109929   -0.25427317   -0.17537188   -0.25427317   -0.32216575   -0.91189604    0.17537188    0.91189604   -0.37106646
   -0.27788690    0.36018549   -0.89053090    0.36018549    0.89847803    0.25100524    0.89053090   -0.25100524   -0.37940886
    0.70961546   -0.16007530   -0.68616456   -0.16007530    0.91175804   -0.37825015    0.68616456    0.37825015    0.62137350
    0.88353649   -0.23433550   -0.40552454   -0.23433550    0.52849504   -0.81595335    0.40552454    0.81595335    0.41203153
    0.28187175   -0.24744780    0.92699402   -0.24744780    0.91473610    0.31941736   -0.92699402   -0.31941736    0.19660785
    0.92017859   -0.37118700   -0.12446515   -0.37118700   -0.72610068   -0.57879014    0.12446515    0.57879014   -0.80592208
    0.70012088   -0.36603855   -0.61306324   -0.36603855    0.55320591   -0.74831745    0.61306324    0.74831745    0.25332679
    0.56641521    0.31199022    0.76278169    0.31199022    0.77550435   -0.54886711   -0.76278169    0.54886711    0.34191956
    0.71645030    0.41461024    0.56106802    0.41461024    0.39375127   -0.82040130   -0.56106802    0.82040130    0.11020156
   -0.22665257   -0.20249858    0.95269247   -0.20249858    0.96657108    0.15727262   -0.95269247   -0.15727262   -0.26008149
    0.90951398    0.23039072   -0.34598328    0.23039072    0.41339129    0.88092437    0.34598328   -0.88092437    0.32290528
    0.92415978    0.08896848   -0.37150144    0.08896848    0.89563071    0.43580986    0.37150144   -0.43580986    0.81979049
    0.99887744    0.01540439    0.04479460    0.01540439    0.78861165   -0.61469861   -0.04479460    0.61469861    0.78748909
    0.94752581   -0.13813253    0.28829542   -0.13813253    0.63638133    0.75890593   -0.28829542   -0.75890593    0.58390714
    0.99712181   -0.06867550   -0.03212126   -0.06867550   -0.63864136   -0.76643387    0.03212126    0.76643387   -0.64151956
    0.88277727   -0.11851484   -0.45459710   -0.11851484    0.88017882   -0.45960797    0.45459710    0.45960797    0.76295608
   -0.35120316   -0.38296794   -0.85439563   -0.38296794    0.89145641   -0.24215909    0.85439563    0.24215909   -0.45974675
    0.26048701    0.78776005   -0.55819408    0.78776005    0.16084518    0.59461159    0.55819408   -0.59461159   -0.57866781
    0.47990576   -0.23791809   -0.84444387   -0.23791809    0.89116393   -0.38629243    0.84444387    0.38629243    0.37106969
   -0.82711281   -0.13517655   -0.54553799   -0.13517655    0.98999914   -0.04036091    0.54553799    0.04036091   -0.83711367
    0.91437667    0.03914531    0.40296767    0.03914531    0.98210353   -0.18422896   -0.40296767    0.18422896    0.89648020
    0.30731897   -0.03040235    0.95112078   -0.03040235    0.99866562    0.04174549   -0.95112078   -0.04174549    0.30598459
    0.98478313    0.05587360   -0.16456103    0.05587360    0.79484224    0.60423833    0.16456103   -0.60423833    0.77962536
    0.94561143    0.10988001    0.30617873    0.10988001    0.77801191   -0.61856596   -0.30617873    0.61856596    0.72362334
    0.54901011    0.02957079    0.83529244    0.02957079    0.99806108   -0.05476899   -0.83529244    0.05476899    0.54707120
    0.60509641    0.54553358    0.57987192    0.54553358    0.24638090   -0.80105528   -0.57987192    0.80105528   -0.14852269
    0.50109999    0.39344048   -0.77078102    0.39344048    0.68972659    0.60785017    0.77078102   -0.60785017    0.19082658
    0.97136113    0.04988339    0.23231272    0.04988339    0.91311276   -0.40464396   -0.23231272    0.40464396    0.88447389
    0.16766774    0.10686721   -0.98003415    0.10686721    0.98627880    0.12583138    0.98003415   -0.12583138    0.15394654
    0.49758297    0.67362369    0.54648175    0.67362369    0.09682822   -0.73270418   -0.54648175    0.73270418   -0.40558881
    0.59308143   -0.49865992   -0.63213345   -0.49865992    0.38891529   -0.77465036    0.63213345    0.77465036   -0.01800328
    0.83621914   -0.06749274   -0.54422631   -0.06749274    0.97218680   -0.22427116    0.54422631    0.22427116    0.80840594
    0.70108727   -0.56385853   -0.43650911   -0.56385853   -0.06364301   -0.82341552    0.43650911    0.82341552   -0.36255575
    0.99342942    0.06556153    0.09380662    0.06556153    0.34582464   -0.93600588   -0.09380662    0.93600588    0.33925405
    0.98187137   -0.10217468   -0.15965256   -0.10217468    0.42413369   -0.89981718    0.15965256    0.89981718    0.40600506
    0.19908813   -0.30783032   -0.93037864   -0.30783032    0.88168548   -0.35759085    0.93037864    0.35759085    0.08077361
    0.73200294   -0.16420526    0.66121731   -0.16420526    0.89938931    0.40513639   -0.66121731   -0.40513639    0.63139225
    0.99050902    0.08670085   -0.10665292    0.08670085    0.20798098    0.97428275    0.10665292   -0.97428275    0.19849000
    0.80538198   -0.43027502    0.40770489   -0.43027502    0.04871816    0.90138224   -0.40770489   -0.90138224   -0.14589987
    0.92193811   -0.38620511   -0.02959287   -0.38620511   -0.91071960   -0.14640842    0.02959287    0.14640842   -0.98878149
    0.99469362    0.05397780   -0.08758425    0.05397780    0.45092457    0.89092841    0.08758425   -0.89092841    0.44561819
    0.79948196   -0.22833737    0.55559936   -0.22833737    0.73998372    0.63268170   -0.55559936   -0.63268170    0.53946568
    0.99054238    0.00929340    0.13689200    0.00929340    0.99086796   -0.13451513   -0.13689200    0.13451513    0.98141034
    0.95807691   -0.04046319   -0.28363951   -0.04046319    0.96094588   -0.27376221    0.28363951    0.27376221    0.91902279
    0.44979290    0.20608607   -0.86903100    0.20608607    0.92280822    0.32550504    0.86903100   -0.32550504    0.37260112
    0.37319732    0.79511622    0.47803134    0.79511622   -0.00862651   -0.60639573   -0.47803134    0.60639573   -0.63542919
    0.83991982    0.41955466   -0.34425076    0.41955466   -0.09961213    0.90224792    0.34425076   -0.90224792   -0.25969232
   -0.01346019   -0.10587886   -0.99428793   -0.10587886    0.98893856   -0.10387589    0.99428793    0.10387589   -0.02452163
    0.98184289   -0.07918128   -0.17237997   -0.07918128    0.65469850   -0.75173147    0.17237997    0.75173147    0.63654139
    0.69891619   -0.26786063   -0.66314919   -0.26786063    0.76169653   -0.58997379    0.66314919    0.58997379    0.46061272
    0.87919927   -0.18080162   -0.44081675   -0.18080162    0.72939544   -0.65976743    0.44081675    0.65976743    0.60859471
    0.04701209    0.43789368   -0.89779674    0.43789368    0.79878981    0.41253358    0.89779674   -0.41253358   -0.15419810
    0.81721331   -0.41337832   -0.40159777   -0.41337832    0.06513086   -0.90822703    0.40159777    0.90822703   -0.11765583
    0.24978446   -0.51261047   -0.82148538   -0.51261047    0.64974133   -0.56130803    0.82148538    0.56130803   -0.10047420
    0.98653193    0.11953141   -0.11165573    0.11953141   -0.06086122    0.99096325    0.11165573   -0.99096325   -0.07432930
   -0.61333905   -0.32438208   -0.72013296   -0.32438208    0.93477891   -0.14479177    0.72013296    0.14479177   -0.67856014
    0.56202886   -0.27670101    0.77946143   -0.27670101    0.82518609    0.49244742   -0.77946143   -0.49244742    0.38721495
    0.24765388    0.32086100   -0.91417491    0.32086100    0.86315901    0.38987784    0.91417491   -0.38987784    0.11081289
    0.98753901   -0.15477412    0.02849003   -0.15477412   -0.92240120    0.35386580   -0.02849003   -0.35386580   -0.93486219
   -0.72801954   -0.05624831    0.68324497   -0.05624831    0.99816908    0.02224013   -0.68324497   -0.02224013   -0.72985046
    0.44265257   -0.86833174   -0.22373800   -0.86833174   -0.35283662   -0.34857756    0.22373800    0.34857756   -0.91018404
    0.97112335   -0.17986803    0.15673840   -0.17986803   -0.12036930    0.97629848   -0.15673840   -0.97629848   -0.14924594
    0.95212823    0.13240010   -0.27553956    0.13240010    0.63381786    0.76206636    0.27553956   -0.76206636    0.58594609
   -0.40620594    0.08996453    0.90934213    0.08996453    0.99424436   -0.05817678   -0.90934213    0.05817678   -0.41196159
    0.75490667    0.55711215   -0.34603753    0.55711215   -0.26635004    0.78656450    0.34603753   -0.78656450   -0.51144337
    0.85844296    0.11531448    0.49977821    0.11531448    0.90606310   -0.40712681   -0.49977821    0.40712681    0.76450605
    0.56069289   -0.08450889   -0.82370002   -0.08450889    0.98374314   -0.15845401    0.82370002    0.15845401    0.54443604
    0.07103745    0.68591818    0.72420297    0.68591818    0.49353852   -0.53472982   -0.72420297    0.53472982   -0.43542403
    0.40548422   -0.63625096   -0.65632862   -0.63625096    0.31908404   -0.70240308    0.65632862    0.70240308   -0.27543175
    0.99514103    0.04473104    0.08771235    0.04473104    0.58821153   -0.80746909   -0.08771235    0.80746909    0.58335257
    0.96354200    0.02845194   -0.26604004    0.02845194    0.97779601    0.20761851    0.26604004   -0.20761851    0.94133801
    0.22936719   -0.55847293    0.79718171   -0.55847293    0.59527804    0.57771276   -0.79718171   -0.57771276   -0.17535476
   -0.57377107    0.61699247    0.53861587    0.61699247    0.75810986   -0.21116282   -0.53861587    0.21116282   -0.81566121
    0.48352329    0.65742825   -0.57792156    0.65742825    0.16315316    0.73564199    0.57792156   -0.73564199   -0.35332355
    0.91447100   -0.12104234    0.38612373   -0.12104234    0.82869846    0.54645001   -0.38612373   -0.54645001    0.74316946
   -0.09249875    0.17578709   -0.98007290    0.17578709    0.97171521    0.15769735    0.98007290   -0.15769735   -0.12078354
   -0.51847480    0.36122124    0.77505038    0.36122124    0.91407116   -0.18437228   -0.77505038    0.18437228   -0.60440365
    0.36785727    0.52709888   -0.76605992    0.52709888    0.56048972    0.63876290    0.76605992   -0.63876290   -0.07165301
    0.75017255    0.15616342   -0.64253726    0.15616342    0.90238457    0.40164048    0.64253726   -0.40164048    0.65255712
    0.94591736    0.31754097    0.06639342    0.31754097   -0.86441086   -0.38982252   -0.06639342    0.38982252   -0.91849350
   -0.29621364   -0.82402189   -0.48295487   -0.82402189    0.47615729   -0.30702144    0.48295487    0.30702144   -0.82005636
    0.97594190   -0.06252213   -0.20887412   -0.06252213    0.83751765   -0.54282148    0.20887412    0.54282148    0.81345955
    0.95302603   -0.01330347    0.30259612   -0.01330347    0.99623233    0.08569806   -0.30259612   -0.08569806    0.94925836
