# Rotation matrices: 19 entries, row-major flattening of 3x3 -> 1x9
# https://github.com/Neurophysics-CFIN/GFO
# Col:  1    2    3    4    5    6    7    8    9
#       R11  R12  R13  R21  R22  R23  R31  R32  R33
# where Rij = R(i,j), i = row index, j = column index

    0.60008238    0.05727594   -0.79788508    0.05727594    0.99179698    0.11427259    0.79788508   -0.11427259    0.59187936
    0.70784933   -0.52628528    0.47114024   -0.52628528    0.05194056    0.84872020   -0.47114024   -0.84872020   -0.24021011
    0.99036105   -0.04604559    0.13063227   -0.04604559    0.78003859    0.62403494   -0.13063227   -0.62403494    0.77039964
    0.02617406    0.23317890    0.97208154    0.23317890    0.94416620   -0.23276121   -0.97208154    0.23276121   -0.02965973
    0.79683503   -0.10519700    0.59496851   -0.10519700    0.94552994    0.30806936   -0.59496851   -0.30806936    0.74236497
    0.96798166    0.15087762   -0.20061764    0.15087762    0.28903057    0.94535563    0.20061764   -0.94535563    0.25701223
    0.98524177    0.13873937   -0.10024994    0.13873937   -0.30426263    0.94243071    0.10024994   -0.94243071   -0.31902086
    0.48071628    0.05706962    0.87501709    0.05706962    0.99372801   -0.09616494   -0.87501709    0.09616494    0.47444429
    0.79813837   -0.16944972   -0.57815390   -0.16944972    0.85775797   -0.48532263    0.57815390    0.48532263    0.65589635
    0.99354005   -0.10715386    0.03736602   -0.10715386   -0.77740534    0.61980561   -0.03736602   -0.61980561   -0.78386529
   -0.98131482   -0.01152748   -0.19206339   -0.01152748    0.99993293   -0.00111744    0.19206339    0.00111744   -0.98138189
    0.36957515    0.84354628    0.38967151    0.84354628   -0.12871554   -0.52140386   -0.38967151    0.52140386   -0.75914039
    0.81966396   -0.45067516   -0.35361405   -0.45067516   -0.12627568   -0.88371169    0.35361405    0.88371169   -0.30661173
    0.63068582    0.35779743   -0.68863372    0.35779743    0.65336018    0.66715925    0.68863372   -0.66715925    0.28404600
    0.30261645   -0.25277021   -0.91898341   -0.25277021    0.90838215   -0.33309021    0.91898341    0.33309021    0.21099861
    0.43491888    0.63701784   -0.63643840    0.63701784    0.28188765    0.71745914    0.63643840   -0.71745914   -0.28319347
    0.01675646    0.86873479   -0.49499403    0.86873479    0.23243825    0.43734692    0.49499403   -0.43734692   -0.75080529
    0.94183035   -0.00761433   -0.33600241   -0.00761433    0.99900329   -0.04398227    0.33600241    0.04398227    0.94083364
    0.48891089   -0.33495928    0.80546162   -0.33495928    0.78047328    0.52788611   -0.80546162   -0.52788611    0.26938417
