# Rotation matrices: 21 entries, row-major flattening of 3x3 -> 1x9
# https://github.com/Neurophysics-CFIN/GFO
# Col:  1    2    3    4    5    6    7    8    9
#       R11  R12  R13  R21  R22  R23  R31  R32  R33
# where Rij = R(i,j), i = row index, j = column index

    0.90520057   -0.09368474    0.41452996   -0.09368474    0.90741683    0.40965579   -0.41452996   -0.40965579    0.81261741
    0.92666472   -0.03890881   -0.37386977   -0.03890881    0.97935652   -0.19836056    0.37386977    0.19836056    0.90602124
    0.99477309    0.04096278   -0.09353365    0.04096278    0.67897860    0.73301440    0.09353365   -0.73301440    0.67375170
    0.44819515    0.35119709    0.82205943    0.35119709    0.77648005   -0.52320105   -0.82205943    0.52320105    0.22467520
    0.52571802   -0.08686791   -0.84621187   -0.08686791    0.98408956   -0.15498935    0.84621187    0.15498935    0.50980758
    0.55311487   -0.24092881    0.79750689   -0.24092881    0.87010825    0.42995924   -0.79750689   -0.42995924    0.42322312
    0.99966396   -0.00943981   -0.02414262   -0.00943981    0.73482669   -0.67818922    0.02414262    0.67818922    0.73449065
    0.37555921    0.23753452   -0.89584186    0.23753452    0.90964292    0.34077429    0.89584186   -0.34077429    0.28520213
    0.64408503    0.03267826    0.76425558    0.03267826    0.99699965   -0.07016998   -0.76425558    0.07016998    0.64108469
    0.43151230   -0.43841630   -0.78840870   -0.43841630    0.66189444   -0.60801883    0.78840870    0.60801883    0.09340673
    0.93622263   -0.21188701   -0.28034099   -0.21188701    0.29604953   -0.93137456    0.28034099    0.93137456    0.23227217
    0.99623376    0.05520712   -0.06686156    0.05520712    0.19075096    0.98008481    0.06686156   -0.98008481    0.18698472
    0.74936099    0.34388199   -0.56586508    0.34388199    0.52818669    0.77637877    0.56586508   -0.77637877    0.27754767
    0.08367240   -0.04826979    0.99532354   -0.04826979    0.99745727    0.05243110   -0.99532354   -0.05243110    0.08112967
    0.86425194   -0.26197517    0.42946198   -0.26197517    0.49442379    0.82880283   -0.42946198   -0.82880283    0.35867573
    0.91259649    0.23469241    0.33479413    0.23469241    0.36981328   -0.89897587   -0.33479413    0.89897587    0.28240978
    0.80519026    0.11983343   -0.58078274    0.11983343    0.92628679    0.35725724    0.58078274   -0.35725724    0.73147705
    0.97024078    0.02046970    0.24127540    0.02046970    0.98592004   -0.16595985   -0.24127540    0.16595985    0.95616082
    0.81307597   -0.20776930   -0.54381926   -0.20776930    0.76906081   -0.60446454    0.54381926    0.60446454    0.58213678
    0.99565613    0.01257179   -0.09225411    0.01257179    0.96361543    0.26699674    0.09225411   -0.26699674    0.95927156
    0.84843285    0.16562264    0.50272343    0.16562264    0.81901845   -0.54934318   -0.50272343    0.54934318    0.66745129
