# Rotation matrices: 52 entries, row-major flattening of 3x3 -> 1x9
# https://github.com/Neurophysics-CFIN/GFO
# Col:  1    2    3    4    5    6    7    8    9
#       R11  R12  R13  R21  R22  R23  R31  R32  R33
# where Rij = R(i,j), i = row index, j = column index

    0.94289439    0.03884411    0.33081914    0.03884411    0.97357764   -0.22502825   -0.33081914    0.22502825    0.91647203
    0.99883182    0.00095975    0.04831222    0.00095975    0.99921149   -0.03969240   -0.04831222    0.03969240    0.99804331
    0.99977890    0.00827871   -0.01932885    0.00827871    0.69001134    0.72375121    0.01932885   -0.72375121    0.68979024
    0.99418216   -0.04001888   -0.10000164   -0.04001888    0.72472436   -0.68787578    0.10000164    0.68787578    0.71890652
    0.79539092    0.15520743   -0.58588731    0.15520743    0.88226649    0.44442828    0.58588731   -0.44442828    0.67765740
    0.79480983    0.00134340    0.60685709    0.00134340    0.99999120   -0.00397315   -0.60685709    0.00397315    0.79480104
    0.91484450   -0.09629184   -0.39215738   -0.09629184    0.89111543   -0.44344241    0.39215738    0.44344241    0.80595994
    0.90307077    0.17538809   -0.39204872    0.17538809    0.68264494    0.70939051    0.39204872   -0.70939051    0.58571571
    0.59193396    0.08826631    0.80113872    0.08826631    0.98090765   -0.17328949   -0.80113872    0.17328949    0.57284160
    0.79440661   -0.06044124   -0.60437157   -0.06044124    0.98223122   -0.17767580    0.60437157    0.17767580    0.77663783
    0.97301975   -0.06480268    0.22143439   -0.06480268    0.84435332    0.53185343   -0.22143439   -0.53185343    0.81737307
    0.85727879    0.21906391    0.46592283    0.21906391    0.66375708   -0.71514862   -0.46592283    0.71514862    0.52103587
    0.51210140    0.23725572   -0.82550704    0.23725572    0.88462710    0.40142823    0.82550704   -0.40142823    0.39672850
    0.58345648   -0.11189918    0.80439860   -0.11189918    0.96993969    0.21609157   -0.80439860   -0.21609157    0.55339617
    0.94961857   -0.17224533   -0.26183224   -0.17224533    0.41112327   -0.89515876    0.26183224    0.89515876    0.36074184
    0.96510383    0.06532389   -0.25358901    0.06532389    0.87771695    0.47470595    0.25358901   -0.47470595    0.84282078
    0.62395485    0.29236395    0.72470937    0.29236395    0.77269570   -0.56344004   -0.72470937    0.56344004    0.39665054
    0.35475468    0.04206895   -0.93401248    0.04206895    0.99725717    0.06089610    0.93401248   -0.06089610    0.35201185
    0.47522634   -0.47365257    0.74149387   -0.47365257    0.57248852    0.66926088   -0.74149387   -0.66926088    0.04771487
    0.99980627    0.01237193    0.01530871    0.01237193    0.20990539   -0.97764342   -0.01530871    0.97764342    0.20971166
    0.68648313    0.33471814   -0.64552667    0.33471814    0.64264687    0.68917978    0.64552667   -0.68917978    0.32913000
    0.28693858   -0.02612240    0.95759275   -0.02612240    0.99904303    0.03508060   -0.95759275   -0.03508060    0.28598161
    0.37135095   -0.32454954   -0.86992302   -0.32454954    0.83244641   -0.44911087    0.86992302    0.44911087    0.20379736
    0.89160789   -0.30953278   -0.33049180   -0.30953278    0.11607459   -0.94377759    0.33049180    0.94377759    0.00768247
    0.89158129    0.27096024    0.36285445    0.27096024    0.32281567   -0.90684651   -0.36285445    0.90684651    0.21439696
    0.09689252    0.19318866   -0.97636570    0.19318866    0.95867396    0.20885973    0.97636570   -0.20885973    0.05556647
    0.07792355   -0.14300605   -0.98664948   -0.14300605    0.97782100   -0.15302076    0.98664948    0.15302076    0.05574455
    0.78524624   -0.33829715    0.51859751   -0.33829715    0.46708752    0.81693592   -0.51859751   -0.81693592    0.25233376
    0.99594068    0.06023924   -0.06688351    0.06023924    0.10606643    0.99253269    0.06688351   -0.99253269    0.10200711
    0.31544411    0.43174748   -0.84503795    0.43174748    0.72769808    0.53296306    0.84503795   -0.53296306    0.04314219
    0.32495127   -0.29175477    0.89960315   -0.29175477    0.87390414    0.38880677   -0.89960315   -0.38880677    0.19885542
    0.71257624   -0.36849338   -0.59703244   -0.36849338    0.52757083   -0.76542906    0.59703244    0.76542906    0.24014707
    0.98260864    0.09923409   -0.15694858    0.09923409    0.43377606    0.89553946    0.15694858   -0.89553946    0.41638470
    0.62124622    0.44570022    0.64451877    0.44570022    0.47552024   -0.75844038   -0.64451877    0.75844038    0.09676647
    0.52847323   -0.12280538   -0.84002077   -0.12280538    0.96801632   -0.21877669    0.84002077    0.21877669    0.49648955
    0.90474344   -0.17532604    0.38820110   -0.17532604    0.67730078    0.71450993   -0.38820110   -0.71450993    0.58204422
    0.98779446    0.07580847    0.13607050    0.07580847    0.52915449   -0.84513230   -0.13607050    0.84513230    0.51694895
    0.84732562    0.32287434   -0.42165323    0.32287434    0.31718838    0.89170830    0.42165323   -0.89170830    0.16451400
    0.34749736    0.22689381    0.90981580    0.22689381    0.92110254   -0.31636894   -0.90981580    0.31636894    0.26859990
    0.69260092   -0.23087108   -0.68337582   -0.23087108    0.82660503   -0.51324718    0.68337582    0.51324718    0.51920594
    0.97196801   -0.13091173    0.19529545   -0.13091173    0.38863140    0.91204592   -0.19529545   -0.91204592    0.36059940
    0.81073719    0.13421060    0.56981815    0.13421060    0.90482819   -0.40407111   -0.56981815    0.40407111    0.71556538
    0.67189593    0.05792659   -0.73837685    0.05792659    0.98977309    0.13036002    0.73837685   -0.13036002    0.66166902
    0.65703580   -0.27315327    0.70263166   -0.27315327    0.78244753    0.55960982   -0.70263166   -0.55960982    0.43948333
    0.89070410   -0.18555530   -0.41498849   -0.18555530    0.68497659   -0.70453978    0.41498849    0.70453978    0.57568069
    0.99997658    0.00099826   -0.00677141    0.00099826    0.95745775    0.28857178    0.00677141   -0.28857178    0.95743432
    0.96440605    0.08077998    0.25178475    0.08077998    0.81667094   -0.57142206   -0.25178475    0.57142206    0.78107699
    0.95977342   -0.01673091   -0.28027675   -0.01673091    0.99304133   -0.11657183    0.28027675    0.11657183    0.95281475
    0.82198505   -0.12673613    0.55522836   -0.12673613    0.90977137    0.39528978   -0.55522836   -0.39528978    0.73175641
    0.99947085   -0.00653681   -0.03186371   -0.00653681    0.91924843   -0.39362366    0.03186371    0.39362366    0.91871928
    0.90398080    0.03878796   -0.42581007    0.03878796    0.98433120    0.17201041    0.42581007   -0.17201041    0.88831200
    0.93827389   -0.03292927    0.34432219   -0.03292927    0.98243310    0.18368688   -0.34432219   -0.18368688    0.92070699
