# Rotation matrices: 94 entries, row-major flattening of 3x3 -> 1x9
# https://github.com/Neurophysics-CFIN/GFO
# Col:  1    2    3    4    5    6    7    8    9
#       R11  R12  R13  R21  R22  R23  R31  R32  R33
# where Rij = R(i,j), i = row index, j = column index

    0.98951141   -0.02619896    0.14205909   -0.02619896    0.93455884    0.35484277   -0.14205909   -0.35484277    0.92407025
    0.99145809   -0.00424843   -0.13035643   -0.00424843    0.99788698   -0.06483457    0.13035643    0.06483457    0.98934508
    0.99055860    0.00149847    0.13708175    0.00149847    0.99976217   -0.02175664   -0.13708175    0.02175664    0.99032078
    0.70521525    0.17334342    0.68747619    0.17334342    0.89806820   -0.40425928   -0.68747619    0.40425928    0.60328345
    0.94549516    0.03132026   -0.32412643    0.03132026    0.98200235    0.18625365    0.32412643   -0.18625365    0.92749751
    0.88730353   -0.08251840    0.45374350   -0.08251840    0.93957854    0.33223920   -0.45374350   -0.33223920    0.82688206
    0.99809384   -0.01706449   -0.05930848   -0.01706449    0.84723406   -0.53094563    0.05930848    0.53094563    0.84532789
    0.99755767    0.03182977   -0.06217364    0.03182977    0.58517721    0.81028050    0.06217364   -0.81028050    0.58273488
    0.95038732   -0.02522463    0.31004461   -0.02522463    0.98717502    0.15763630   -0.31004461   -0.15763630    0.93756234
    0.96720176   -0.04449413   -0.25008206   -0.04449413    0.93963922   -0.33926158    0.25008206    0.33926158    0.90684097
    0.99891619    0.00423013   -0.04635243    0.00423013    0.98348969    0.18091474    0.04635243   -0.18091474    0.98240588
    0.80076782    0.33329818    0.49767782    0.33329818    0.44242099   -0.83257191   -0.49767782    0.83257191    0.24318881
    0.65564401    0.02562856   -0.75463509    0.02562856    0.99809260    0.05616343    0.75463509   -0.05616343    0.65373661
    0.61298742    0.01222173    0.78999813    0.01222173    0.99961404   -0.02494787   -0.78999813    0.02494787    0.61260146
    0.84365073   -0.23125854   -0.48453373   -0.23125854    0.65794205   -0.71668106    0.48453373    0.71668106    0.50159278
    0.79404821    0.17093576   -0.58332529    0.17093576    0.85812682    0.48414805    0.58332529   -0.48414805    0.65217503
    0.88165953    0.09617475    0.46198149    0.09617475    0.92183923   -0.37545020   -0.46198149    0.37545020    0.80349876
    0.50579047   -0.10458320   -0.85629338   -0.10458320    0.97786840   -0.18120634    0.85629338    0.18120634    0.48365887
    0.96085783   -0.07933512    0.26543957   -0.07933512    0.83919997    0.53800498   -0.26543957   -0.53800498    0.80005780
    0.97659645    0.10080551    0.18999375    0.10080551    0.56580308   -0.81835514   -0.18999375    0.81835514    0.54239953
    0.96566909    0.09318694   -0.24248588    0.09318694    0.74705575    0.65819747    0.24248588   -0.65819747    0.71272484
    0.76546204    0.06819263    0.63985751    0.06819263    0.98017278   -0.18604053   -0.63985751    0.18604053    0.74563483
    0.65733134   -0.20718489   -0.72456189   -0.20718489    0.87473153   -0.43808581    0.72456189    0.43808581    0.53206287
    0.89526309   -0.20165340    0.39729071   -0.20165340    0.61175012    0.76491680   -0.39729071   -0.76491680    0.50701321
    0.73826536    0.42970429   -0.51992162    0.42970429    0.29453063    0.85358417    0.51992162   -0.85358417    0.03279599
    0.43813132    0.04805898   -0.89762536    0.04805898    0.99588931    0.07677765    0.89762536   -0.07677765    0.43402063
    0.54545304   -0.11066319    0.83080361   -0.11066319    0.97305814    0.20226596   -0.83080361   -0.20226596    0.51851118
    0.96251012   -0.11699075   -0.24471907   -0.11699075    0.63491913   -0.76366934    0.24471907    0.76366934    0.59742925
    0.77164634    0.31888336   -0.55034110    0.31888336    0.55469687    0.76852117    0.55034110   -0.76852117    0.32634321
    0.51688837    0.13494375    0.84534999    0.13494375    0.96230723   -0.23612493   -0.84534999    0.23612493    0.47919560
    0.71318997   -0.08884159   -0.69531809   -0.08884159    0.97248064   -0.21538007    0.69531809    0.21538007    0.68567061
    0.98406414   -0.09430677    0.15074482   -0.09430677    0.44190230    0.89209225   -0.15074482   -0.89209225    0.42596644
    0.99898508   -0.02882805   -0.03460869   -0.02882805    0.18116394   -0.98303030    0.03460869    0.98303030    0.18014902
    0.64654954    0.28212435   -0.70878737    0.28212435    0.77480819    0.56575447    0.70878737   -0.56575447    0.42135773
    0.24099000    0.19292544    0.95115908    0.19292544    0.95096214   -0.24176596   -0.95115908    0.24176596    0.19195214
    0.55092703   -0.45952747   -0.69664475   -0.45952747    0.52977465   -0.71286277    0.69664475    0.71286277    0.08070168
    0.99576387    0.05380104   -0.07456380    0.05380104    0.31669877    0.94699912    0.07456380   -0.94699912    0.31246264
    0.69180503    0.28968577    0.66142872    0.28968577    0.72771183   -0.62170543   -0.66142872    0.62170543    0.41951687
    0.42936807    0.20732065   -0.87901150    0.20732065    0.92467675    0.31936038    0.87901150   -0.31936038    0.35404482
    0.71677683   -0.26950511    0.64311583   -0.26950511    0.74354852    0.61196618   -0.64311583   -0.61196618    0.46032535
    0.99900715   -0.02368453   -0.03773266   -0.02368453    0.43500228   -0.90011780    0.03773266    0.90011780    0.43400943
    0.98896529    0.10175019   -0.10767801    0.10175019    0.06176949    0.99289044    0.10767801   -0.99289044    0.05073478
    0.14619923    0.27139091   -0.95130056    0.27139091    0.91373512    0.30238240    0.95130056   -0.30238240    0.05993435
    0.34707956   -0.39652354   -0.84988520   -0.39652354    0.75918824   -0.51614174    0.84988520    0.51614174    0.10626780
    0.92079817   -0.25473586   -0.29536483   -0.25473586    0.18069629   -0.94997816    0.29536483    0.94997816    0.10149445
    0.57595735    0.41949567    0.70163845    0.41949567    0.58500256   -0.69411483   -0.70163845    0.69411483    0.16095991
    0.55573152    0.44252592   -0.70379918    0.44252592    0.55920980    0.70103867    0.70379918   -0.70103867    0.11494132
    0.07854747   -0.25380496   -0.96406086   -0.25380496    0.93009194   -0.26554100    0.96406086    0.26554100    0.00863941
    0.33162369   -0.35261519    0.87503615   -0.35261519    0.81397086    0.46164269   -0.87503615   -0.46164269    0.14559455
    0.91216021    0.27092812    0.30750888    0.27092812    0.16436452   -0.94846310   -0.30750888    0.94846310    0.07652473
    0.31935305    0.40400283    0.85720205    0.40400283    0.76020125   -0.50879836   -0.85720205    0.50879836    0.07955430
    0.25079123   -0.11853369   -0.96075675   -0.11853369    0.98124657   -0.15200308    0.96075675    0.15200308    0.23203780
    0.75191797   -0.42270319    0.50590650   -0.42270319    0.27976250    0.86200636   -0.50590650   -0.86200636    0.03168047
    0.98333511   -0.12087827    0.13579584   -0.12087827    0.12321330    0.98499083   -0.13579584   -0.98499083    0.10654841
    0.48187699    0.27882858    0.83069199    0.27882858    0.84994803   -0.44703799   -0.83069199    0.44703799    0.33182503
    0.07345487   -0.00492281    0.99728639   -0.00492281    0.99997384    0.00529866   -0.99728639   -0.00529866    0.07342871
    0.54889170   -0.40889248    0.72905750   -0.40889248    0.62937269    0.66083051   -0.72905750   -0.66083051    0.17826439
    0.94050604   -0.18542607   -0.28472015   -0.18542607    0.42207869   -0.88739324    0.28472015    0.88739324    0.36258472
    0.90623794    0.25416134   -0.33783843    0.25416134    0.31104340    0.91578055    0.33783843   -0.91578055    0.21728134
    0.29991226   -0.16368875    0.93981840   -0.16368875    0.96172764    0.21974060   -0.93981840   -0.21974060    0.26163991
    0.43100025   -0.25880636   -0.86444089   -0.25880636    0.88228338   -0.39318611    0.86444089    0.39318611    0.31328363
    0.91327613   -0.24183552    0.32778391   -0.24183552    0.32562489    0.91404815   -0.32778391   -0.91404815    0.23890102
    0.96420861    0.15329864    0.21633602    0.15329864    0.34340419   -0.92659219   -0.21633602    0.92659219    0.30761281
    0.41127998    0.35796824   -0.83827651    0.35796824    0.78233921    0.50970981    0.83827651   -0.50970981    0.19361920
    0.53371786   -0.25175826    0.80731842   -0.25175826    0.86406895    0.43589290   -0.80731842   -0.43589290    0.39778681
    0.78965587   -0.33849126   -0.51172969   -0.33849126    0.45529105   -0.82348876    0.51172969    0.82348876    0.24494691
    0.86386291    0.20121351   -0.46179432    0.20121351    0.70260217    0.68254180    0.46179432   -0.68254180    0.56646508
    0.84950320    0.17543679    0.49756029    0.17543679    0.79549022   -0.58001487   -0.49756029    0.58001487    0.64499342
    0.18272723    0.07544303   -0.98026482    0.07544303    0.99303580    0.09048895    0.98026482   -0.09048895    0.17576303
    0.76922746   -0.33342090    0.54508681   -0.33342090    0.51827244    0.78754313   -0.54508681   -0.78754313    0.28749990
    0.99995467   -0.00376479   -0.00874547   -0.00376479    0.68731941   -0.72634555    0.00874547    0.72634555    0.68727408
    0.63993280    0.14830790   -0.75398328    0.14830790    0.93891353    0.31055779    0.75398328   -0.31055779    0.57884633
    0.35256893    0.01684029    0.93563431    0.01684029    0.99956197   -0.02433673   -0.93563431    0.02433673    0.35213090
    0.82923117   -0.16662133   -0.53349133   -0.16662133    0.83742543   -0.52053432    0.53349133    0.52053432    0.66665660
    0.99999785   -0.00065848    0.00196746   -0.00065848    0.79853855    0.60194332   -0.00196746   -0.60194332    0.79853639
    0.87440426    0.22434866    0.43021492    0.22434866    0.59925138   -0.76848257   -0.43021492    0.76848257    0.47365564
    0.86710659   -0.08323369   -0.49111945   -0.08323369    0.94786915   -0.30759751    0.49111945    0.30759751    0.81497574
    0.86034930   -0.16413459    0.48255457   -0.16413459    0.80708895    0.56715718   -0.48255457   -0.56715718    0.66743825
    0.64587384   -0.32412744   -0.69122238   -0.32412744    0.70333003   -0.63266759    0.69122238    0.63266759    0.34920387
    0.94257636    0.16645125   -0.28955793    0.16645125    0.51751550    0.83932812    0.28955793   -0.83932812    0.46009185
    0.77150028   -0.04714028    0.63448019   -0.04714028    0.99027480    0.13089545   -0.63448019   -0.13089545    0.76177508
    0.82152051   -0.00321174   -0.57016992   -0.00321174    0.99994220   -0.01026020    0.57016992    0.01026020    0.82146272
    0.97933869   -0.08263135    0.18457461   -0.08263135    0.66953012    0.73817442   -0.18457461   -0.73817442    0.64886881
    0.96070582    0.09697138    0.26007861    0.09697138    0.76069107   -0.64182992   -0.26007861    0.64182992    0.72139689
    0.82784518    0.07703769   -0.55564157    0.07703769    0.96552634    0.24864447    0.55564157   -0.24864447    0.79337152
    0.88001310    0.00845701    0.47487412    0.00845701    0.99940393   -0.03347043   -0.47487412    0.03347043    0.87941702
    0.94695290   -0.09912919   -0.30570184   -0.09912919    0.81475715   -0.57126542    0.30570184    0.57126542    0.76171005
    0.98999796    0.02990813   -0.13787506    0.02990813    0.91056857    0.41227465    0.13787506   -0.41227465    0.90056653
    0.95376936    0.03247835    0.29877945    0.03247835    0.97718303   -0.20990113   -0.29877945    0.20990113    0.93095239
    0.93093163   -0.01626096   -0.36483131   -0.01626096    0.99617164   -0.08589327    0.36483131    0.08589327    0.92710327
    0.73063746   -0.15049751    0.66597252   -0.15049751    0.91591443    0.37209038   -0.66597252   -0.37209038    0.64655189
    0.97925806    0.04761315    0.19694323    0.04761315    0.89070394   -0.45208349   -0.19694323    0.45208349    0.86996200
    0.92325767    0.09282657   -0.37279820    0.09282657    0.88771814    0.45093207    0.37279820   -0.45093207    0.81097581
    0.99988621    0.00215089    0.01493152    0.00215089    0.95934505   -0.28222767   -0.01493152    0.28222767    0.95923125
