# Rotation matrices: 78 entries, row-major flattening of 3x3 -> 1x9
# https://github.com/Neurophysics-CFIN/GFO
# Col:  1    2    3    4    5    6    7    8    9
#       R11  R12  R13  R21  R22  R23  R31  R32  R33
# where Rij = R(i,j), i = row index, j = column index

    0.95957778    0.04504358    0.27781570    0.04504358    0.94980671   -0.30957759   -0.27781570    0.30957759    0.90938449
    0.95312206   -0.02921530   -0.30117238   -0.02921530    0.98179243   -0.18769683    0.30117238    0.18769683    0.93491449
    0.99514268    0.00262991   -0.09840798    0.00262991    0.99857609    0.05328119    0.09840798   -0.05328119    0.99371877
    0.99381262    0.04395765    0.10200098    0.04395765    0.68770702   -0.72465632   -0.10200098    0.72465632    0.68151964
    0.78746340    0.05794913   -0.61363124    0.05794913    0.98419989    0.16730952    0.61363124   -0.16730952    0.77166329
    0.62572189   -0.23238426    0.74462720   -0.23238426    0.85571573    0.46232904   -0.74462720   -0.46232904    0.48143762
    0.99516438    0.02654978    0.09456723    0.02654978    0.85422941   -0.51921790   -0.09456723    0.51921790    0.84939379
    0.99314049   -0.01767973    0.11558284   -0.01767973    0.95443216    0.29790380   -0.11558284   -0.29790380    0.94757265
    0.89334336    0.02027269    0.44891721    0.02027269    0.99614668   -0.08532765   -0.44891721    0.08532765    0.88949004
    0.88513359   -0.11887819   -0.44989610   -0.11887819    0.87696991   -0.46560901    0.44989610    0.46560901    0.76210350
    0.99697968   -0.03677305    0.06840518   -0.03677305    0.55228075    0.83284675   -0.06840518   -0.83284675    0.54926043
    0.98639795   -0.07981740   -0.14369507   -0.07981740    0.53162824   -0.84320851    0.14369507    0.84320851    0.51802619
    0.89614041    0.09281760   -0.43395536    0.09281760    0.91705045    0.38781874    0.43395536   -0.38781874    0.81319086
    0.73795109   -0.00005319    0.67485420   -0.00005319    0.99999999    0.00013698   -0.67485420   -0.00013698    0.73795108
    0.49219380   -0.16373294   -0.85494842   -0.16373294    0.94720727   -0.27566268    0.85494842    0.27566268    0.43940107
    0.98702489    0.09229205   -0.13139270    0.09229205    0.34352591    0.93459731    0.13139270   -0.93459731    0.33055080
    0.48991504    0.29765762    0.81937976    0.29765762    0.82630333   -0.47814511   -0.81937976    0.47814511    0.31621837
    0.36520650    0.00922011   -0.93088087    0.00922011    0.99986608    0.01352066    0.93088087   -0.01352066    0.36507259
    0.93997263   -0.08195394    0.33126274   -0.08195394    0.88811023    0.45226515   -0.33126274   -0.45226515    0.82808286
    0.90348423    0.18283806    0.38766800    0.18283806    0.65363424   -0.73439262   -0.38766800    0.73439262    0.55711847
    0.70305775    0.30615834   -0.64185424    0.30615834    0.68433953    0.66177525    0.64185424   -0.66177525    0.38739728
    0.54901609    0.09697800    0.83016661    0.09697800    0.97914619   -0.17851611   -0.83016661    0.17851611    0.52816228
    0.63914580   -0.26826829   -0.72078067   -0.26826829    0.80056246   -0.53584687    0.72078067    0.53584687    0.43970826
    0.98059921   -0.11713742    0.15717513   -0.11713742    0.29275184    0.94898640   -0.15717513   -0.94898640    0.27335105
    0.80875898    0.33167947    0.48569294    0.33167947    0.42475063   -0.84236312   -0.48569294    0.84236312    0.23350962
    0.56722810    0.10799637   -0.81644906    0.10799637    0.97304997    0.20374136    0.81644906   -0.20374136    0.54027807
    0.40157101   -0.19813328    0.89413865   -0.19813328    0.93440024    0.29603951   -0.89413865   -0.29603951    0.33597125
    0.90168195   -0.23364624   -0.36383938   -0.23364624    0.44475540   -0.86463985    0.36383938    0.86463985    0.34643736
    0.97338201    0.10225015   -0.20511550    0.10225015    0.60721706    0.78792915    0.20511550   -0.78792915    0.58059907
    0.29313032    0.18057360    0.93886516    0.18057360    0.95387152   -0.23983808   -0.93886516    0.23983808    0.24700184
    0.01478503    0.04191750    0.99901167    0.04191750    0.99821656   -0.04250450   -0.99901167    0.04250450    0.01300159
    0.52810329   -0.48448691    0.69740903   -0.48448691    0.50258698    0.71601589   -0.69740903   -0.71601589    0.03069027
    0.95243626    0.18905751    0.23900300    0.18905751    0.24852967   -0.94999488   -0.23900300    0.94999488    0.20096592
    0.70594344    0.42686788   -0.56517933    0.42686788    0.38033626    0.82044387    0.56517933   -0.82044387    0.08627970
    0.13309333   -0.23276537    0.96338281   -0.23276537    0.93750225    0.25866932   -0.96338281   -0.25866932    0.07059557
    0.66221039   -0.36804627   -0.65270157   -0.36804627    0.59898691   -0.71116568    0.65270157    0.71116568    0.26119730
    0.99825978    0.04086372   -0.04251544    0.04086372    0.04043943    0.99834604    0.04251544   -0.99834604    0.03869922
    0.47577681    0.41575282   -0.77510387    0.41575282    0.67027325    0.61472218    0.77510387   -0.61472218    0.14605006
    0.31126662   -0.01713014    0.95016822   -0.01713014    0.99957394    0.02363254   -0.95016822   -0.02363254    0.31084056
    0.39649505   -0.37956125    0.83589768   -0.37956125    0.76128325    0.52571958   -0.83589768   -0.52571958    0.15777830
    0.78629262   -0.38321168   -0.48465733   -0.38321168    0.31283987   -0.86906848    0.48465733    0.86906848    0.09913249
    0.73549895    0.28838122    0.61308855    0.28838122    0.68558261   -0.66844054   -0.61308855    0.66844054    0.42108156
    0.47798923    0.25980707   -0.83906292    0.25980707    0.87069287    0.41760533    0.83906292   -0.41760533    0.34868210
    0.22297571   -0.16320820   -0.96106447   -0.16320820    0.96571933   -0.20186447    0.96106447    0.20186447    0.18869504
    0.94946473   -0.21560506   -0.22810345   -0.21560506    0.08013665   -0.97318681    0.22810345    0.97318681    0.02960138
    0.87523052    0.25553751   -0.41069712    0.25553751    0.47663948    0.84113934    0.41069712   -0.84113934    0.35187000
    0.19721292    0.37459996    0.90597016    0.37459996    0.82520256   -0.42274769   -0.90597016    0.42274769    0.02241547
    0.35918721   -0.36193725   -0.86022438   -0.36193725    0.79557435   -0.48586303    0.86022438    0.48586303    0.15476156
    0.83256066   -0.33119484    0.44401883   -0.33119484    0.34489694    0.87826879   -0.44401883   -0.87826879    0.17745761
    0.98123050    0.09953128    0.16516728    0.09953128    0.47220353   -0.87585236   -0.16516728    0.87585236    0.45343403
    0.72634284    0.18116166   -0.66302831    0.18116166    0.88007057    0.43892624    0.66302831   -0.43892624    0.60641340
    0.58039257   -0.07560545    0.81081951   -0.07560545    0.98637730    0.14609459   -0.81081951   -0.14609459    0.56676988
    0.85253865   -0.21160791   -0.47791206   -0.21160791    0.69634139   -0.68580665    0.47791206    0.68580665    0.54888004
    0.90386279    0.28221001   -0.32154249    0.28221001    0.17157480    0.94388537    0.32154249   -0.94388537    0.07543759
    0.54345418    0.43566935    0.71753033    0.43566935    0.58425251   -0.68471982   -0.71753033    0.68471982    0.12770669
    0.22237820    0.18665487   -0.95692628    0.18665487    0.95519668    0.22969386    0.95692628   -0.22969386    0.17757488
    0.82231590   -0.19290924    0.53533409   -0.19290924    0.79056102    0.58120504   -0.53533409   -0.58120504    0.61287692
    0.99683207   -0.04809298   -0.06334730   -0.04809298    0.26988974   -0.96168945    0.06334730    0.96168945    0.26672181
    0.86801099    0.18513820   -0.46073937    0.18513820    0.74031055    0.64626940    0.46073937   -0.64626940    0.60832154
    0.80059024    0.09699451    0.59130984    0.09699451    0.95282109   -0.28761786   -0.59130984    0.28761786    0.75341133
    0.72713048   -0.14478954   -0.67105682   -0.14478954    0.92317203   -0.35607497    0.67105682    0.35607497    0.65030251
    0.90578487   -0.20794779    0.36920386   -0.20794779    0.54102616    0.81489166   -0.36920386   -0.81489166    0.44681103
    0.70253385    0.19525708    0.68433973    0.19525708    0.87183306   -0.44920127   -0.68433973    0.44920127    0.57436691
    0.64211984   -0.02685331   -0.76613380   -0.02685331    0.99798508   -0.05748636    0.76613380    0.05748636    0.64010492
    0.70376860   -0.32945051    0.62942205   -0.32945051    0.63360522    0.70000485   -0.62942205   -0.70000485    0.33737382
    0.97259817   -0.08434581   -0.21665315   -0.08434581    0.74037446   -0.66688188    0.21665315    0.66688188    0.71297263
    0.97135336    0.07447197   -0.22566917    0.07447197    0.80639704    0.58666663    0.22566917   -0.58666663    0.77775040
    0.90760107    0.12112571    0.40198117    0.12112571    0.84121636   -0.52695692   -0.40198117    0.52695692    0.74881743
    0.83267596   -0.04398168   -0.55201120   -0.04398168    0.98843927   -0.14509798    0.55201120    0.14509798    0.82111522
    0.91286057   -0.04018489    0.40628901   -0.04018489    0.98146849    0.18736271   -0.40628901   -0.18736271    0.89432905
    0.98344172    0.00047342    0.18122406    0.00047342    0.99998646   -0.00518136   -0.18122406    0.00518136    0.98342818
    0.98684237    0.02810413   -0.15922406    0.02810413    0.93997082    0.34009559    0.15922406   -0.34009559    0.92681319
    0.78595861   -0.10956596    0.60849352   -0.10956596    0.94391412    0.31148263   -0.60849352   -0.31148263    0.72987273
    0.98105634   -0.04479270   -0.18847301   -0.04479270    0.89408668   -0.44564854    0.18847301    0.44564854    0.87514302
    0.95461040   -0.11192765    0.27602751   -0.11192765    0.72399408    0.68066495   -0.27602751   -0.68066495    0.67860448
    0.99997597   -0.00083565   -0.00688127   -0.00083565    0.97093454   -0.23934373    0.00688127    0.23934373    0.97091051
    0.92734270    0.01965681   -0.37369656    0.01965681    0.99468202    0.10110041    0.37369656   -0.10110041    0.92202472
    0.99910772   -0.01315822    0.04013264   -0.01315822    0.80595963    0.59182425   -0.04013264   -0.59182425    0.80506735
