# Rotation matrices: 27 entries, row-major flattening of 3x3 -> 1x9
# https://github.com/Neurophysics-CFIN/GFO
# Col:  1    2    3    4    5    6    7    8    9
#       R11  R12  R13  R21  R22  R23  R31  R32  R33
# where Rij = R(i,j), i = row index, j = column index

    0.66428396    0.01119412   -0.74739649    0.01119412    0.99962674    0.02492121    0.74739649   -0.02492121    0.66391070
    0.25683917    0.15514057    0.95392088    0.15514057    0.96761321   -0.19913836   -0.95392088    0.19913836    0.22445237
   -0.22864588   -0.39586161   -0.88939004   -0.39586161    0.87245599   -0.28655562    0.88939004    0.28655562   -0.35618989
    0.99458359   -0.06323597    0.08249052   -0.06323597    0.26172678    0.96306817   -0.08249052   -0.96306817    0.25631037
    0.88642802    0.29282537    0.35846710    0.29282537    0.24500127   -0.92424438   -0.35846710    0.92424438    0.13142929
   -0.12561578   -0.66997261    0.73168120   -0.66997261    0.60122867    0.43550061   -0.73168120   -0.43550061   -0.52438711
    0.91890374   -0.05266586   -0.39095041   -0.05266586    0.96579752   -0.25389261    0.39095041    0.25389261    0.88470126
    0.86643778    0.27158930   -0.41895683    0.27158930    0.44774243    0.85191899    0.41895683   -0.85191899    0.31418021
    0.99243637   -0.02313696    0.12056008   -0.02313696    0.92922464    0.36879026   -0.12056008   -0.36879026    0.92166101
   -0.63046297    0.22975706   -0.74143654    0.22975706    0.96762373    0.10447970    0.74143654   -0.10447970   -0.66283924
    0.73622079    0.19470481   -0.64812729    0.19470481    0.85628146    0.47840579    0.64812729   -0.47840579    0.59250225
    0.86392223    0.13639706    0.48480328    0.13639706    0.86328291   -0.48594080   -0.48480328    0.48594080    0.72720514
    0.96200819    0.00840862    0.27289107    0.00840862    0.99813894   -0.06039824   -0.27289107    0.06039824    0.96014713
    0.24633520    0.53539034    0.80788375    0.53539034    0.61966803   -0.57390654   -0.80788375    0.57390654   -0.13399677
    0.71509376   -0.61514990    0.33201133   -0.61514990   -0.32818920    0.71685595   -0.33201133   -0.71685595   -0.61309545
    0.97636472    0.08046981   -0.20059049    0.08046981    0.72602864    0.68293998    0.20059049   -0.68293998    0.70239336
   -0.26669891   -0.76772646   -0.58263864   -0.76772646    0.53469297   -0.35312819    0.58263864    0.35312819   -0.73200594
    0.25436934    0.07734915   -0.96400900    0.07734915    0.99197607    0.10000296    0.96400900   -0.10000296    0.24634540
    0.97708669   -0.13407877   -0.16530118   -0.13407877    0.21542904   -0.96727101    0.16530118    0.96727101    0.19251573
    0.62838367    0.33198883    0.70350365    0.33198883    0.70341297   -0.62848517   -0.70350365    0.62848517    0.33179664
    0.94828932    0.03338228   -0.31564694    0.03338228    0.97844978    0.20376864    0.31564694   -0.20376864    0.92673910
    0.44367391   -0.63712965   -0.63025334   -0.63712965    0.27033047   -0.72179446    0.63025334    0.72179446   -0.28599561
    0.98239215    0.08684960    0.16541710    0.08684960    0.57161998   -0.81590915   -0.16541710    0.81590915    0.55401213
    0.78754169   -0.54479944   -0.28804803   -0.54479944   -0.39701018   -0.73863150    0.28804803    0.73863150   -0.60946850
    0.68578635   -0.40453255   -0.60502108   -0.40453255    0.47918691   -0.77893089    0.60502108    0.77893089    0.16497325
    0.99985234    0.00397664    0.01671767    0.00397664    0.89290345   -0.45023062   -0.01671767    0.45023062    0.89275579
    0.21591939   -0.31013744   -0.92584750   -0.31013744    0.87732737   -0.36621231    0.92584750    0.36621231    0.09324676
