# Rotation matrices: 60 entries, row-major flattening of 3x3 -> 1x9
# https://github.com/Neurophysics-CFIN/GFO
# Col:  1    2    3    4    5    6    7    8    9
#       R11  R12  R13  R21  R22  R23  R31  R32  R33
# where Rij = R(i,j), i = row index, j = column index

    0.92427505    0.00286830    0.38171640    0.00286830    0.99989136   -0.01445858   -0.38171640    0.01445858    0.92416640
    0.88690158    0.03697377   -0.46047641    0.03697377    0.98791265    0.15053748    0.46047641   -0.15053748    0.87481423
    0.98945368   -0.01654758    0.14390136   -0.01654758    0.97403621    0.22578669   -0.14390136   -0.22578669    0.96348989
    0.80961159    0.08329011    0.58102653    0.08329011    0.96356269   -0.25418440   -0.58102653    0.25418440    0.77317428
    0.87069330    0.12640646   -0.47530473    0.12640646    0.87642873    0.46464405    0.47530473   -0.46464405    0.74712202
    0.70772886   -0.17557161    0.68432044   -0.17557161    0.89453152    0.41108145   -0.68432044   -0.41108145    0.60226039
    0.94414836   -0.17928505   -0.27647918   -0.17928505    0.42449081   -0.88750460    0.27647918    0.88750460    0.36863918
    0.98002554    0.07305168   -0.18496862    0.07305168    0.73283144    0.67647730    0.18496862   -0.67647730    0.71285698
    0.75746136   -0.03909618    0.65170836   -0.03909618    0.99369786    0.10505258   -0.65170836   -0.10505258    0.75115922
    0.95255436   -0.03159875   -0.30272381   -0.03159875    0.97895527   -0.20161375    0.30272381    0.20161375    0.93150963
    0.98375573    0.03762547   -0.17552489    0.03762547    0.91285077    0.40655602    0.17552489   -0.40655602    0.89660650
    0.98452409    0.06016608    0.16459755    0.06016608    0.76609083   -0.63991006   -0.16459755    0.63991006    0.75061492
    0.69338467    0.07360099   -0.71679885    0.07360099    0.98233257    0.17206284    0.71679885   -0.17206284    0.67571724
    0.58195829    0.06373721    0.81071704    0.06373721    0.99028223   -0.12360690   -0.81071704    0.12360690    0.57224052
    0.67389270   -0.18454215   -0.71541095   -0.18454215    0.89556871   -0.40484674    0.71541095    0.40484674    0.56946141
    0.98128211    0.13044434   -0.14166758    0.13044434    0.09093804    0.98727633    0.14166758   -0.98727633    0.07222015
    0.71396432    0.32037069    0.62258941    0.32037069    0.64117282   -0.69732348   -0.62258941    0.69732348    0.35513713
    0.08377799    0.12679239   -0.98838502    0.12679239    0.98245370    0.13677874    0.98838502   -0.13677874    0.06623168
    0.89409819   -0.15557003    0.41998381   -0.15557003    0.77146724    0.61695726   -0.41998381   -0.61695726    0.66556543
    0.99998321    0.00276622    0.00509172    0.00276622    0.54422387   -0.83893547   -0.00509172    0.83893547    0.54420708
    0.65179455    0.21710719   -0.72665558    0.21710719    0.86463298    0.45307204    0.72665558   -0.45307204    0.51642753
    0.29415309    0.13607174    0.94602243    0.13607174    0.97376837   -0.18237229   -0.94602243    0.18237229    0.26792146
    0.26734208   -0.11910378   -0.95621258   -0.11910378    0.98063802   -0.15544572    0.95621258    0.15544572    0.24798009
    0.80448915   -0.37339996    0.46191955   -0.37339996    0.28685528    0.88220549   -0.46191955   -0.88220549    0.09134443
    0.85466257    0.32003479    0.40881490    0.32003479    0.29527949   -0.90021540   -0.40881490    0.90021540    0.14994206
    0.37170465    0.35028698    0.85972943    0.35028698    0.80470814   -0.47931601   -0.85972943    0.47931601    0.17641279
    0.53292763   -0.32278243   -0.78217622   -0.32278243    0.77693286   -0.54054309    0.78217622    0.54054309    0.30986049
    0.96414395   -0.17950907   -0.19545573   -0.17950907    0.10130916   -0.97852591    0.19545573    0.97852591    0.06545311
    0.64333681    0.35624736   -0.67764708    0.35624736    0.64416798    0.67685702    0.67764708   -0.67685702    0.28750479
    0.14861245   -0.11011162    0.98274604   -0.11011162    0.98575905    0.12710047   -0.98274604   -0.12710047    0.13437150
    0.48699995   -0.47799587    0.73099316   -0.47799587    0.55461983    0.68111438   -0.73099316   -0.68111438    0.04161978
    0.73939550   -0.36773433   -0.56397320   -0.36773433    0.48109671   -0.79581243    0.56397320    0.79581243    0.22049221
    0.98816559   -0.09267483    0.12222990   -0.09267483    0.27426697    0.95717762   -0.12222990   -0.95717762    0.26243256
    0.54719085    0.48235628    0.68404283    0.48235628    0.48616856   -0.72867864   -0.68404283    0.72867864    0.03335941
    0.20955118   -0.35124412   -0.91253267   -0.35124412    0.84392103   -0.40549335    0.91253267    0.40549335    0.05347221
    0.69101528   -0.31507186    0.65055945   -0.31507186    0.67872107    0.66337578   -0.65055945   -0.66337578    0.36973635
    0.99405163    0.06637898    0.08634341    0.06637898    0.25926421   -0.96352265   -0.08634341    0.96352265    0.25331584
    0.32185067    0.34313477   -0.88242318    0.34313477    0.82637826    0.44649469    0.88242318   -0.44649469    0.14822893
    0.47178447   -0.10111970    0.87589624   -0.10111970    0.98064200    0.16767846   -0.87589624   -0.16767846    0.45242648
    0.83867214   -0.22444305   -0.49624023   -0.22444305    0.68774964   -0.69038087    0.49624023    0.69038087    0.52642178
    0.89959194   -0.22072739    0.37684712   -0.22072739    0.51477420    0.82842437   -0.37684712   -0.82842437    0.41436615
    0.92480704    0.18363277    0.33318304    0.18363277    0.55154051   -0.81368425   -0.33318304    0.81368425    0.47634756
    0.40945747    0.13446983   -0.90236492    0.13446983    0.96938047    0.20547352    0.90236492   -0.20547352    0.37883794
    0.42327300   -0.29267417    0.85742743   -0.29267417    0.85147536    0.43512245   -0.85742743   -0.43512245    0.27474836
    0.97168242   -0.08639493   -0.21992999   -0.08639493    0.73641525   -0.67099068    0.21992999    0.67099068    0.70809766
    0.84308913    0.31952325   -0.43255706    0.31952325    0.34934331    0.88083151    0.43255706   -0.88083151    0.19243244
    0.61913068    0.21845640    0.75429040    0.21845640    0.87469928   -0.43264069   -0.75429040    0.43264069    0.49382997
    0.79566800   -0.04858324   -0.60378150   -0.04858324    0.98844855   -0.14355883    0.60378150    0.14355883    0.78411655
    0.99320565   -0.05170521    0.10425499   -0.05170521    0.60652162    0.79338395   -0.10425499   -0.79338395    0.59972728
    0.95574836    0.05577284    0.28885025    0.05577284    0.92970635   -0.36405424   -0.28885025    0.36405424    0.88545471
    0.86595462    0.21429166   -0.45188681    0.21429166    0.65742262    0.72240888    0.45188681   -0.72240888    0.52337724
    0.90016008   -0.07791556    0.42853355   -0.07791556    0.93919431    0.33442968   -0.42853355   -0.33442968    0.83935439
    0.88767358   -0.11335713   -0.44630233   -0.11335713    0.88560270   -0.45039762    0.44630233    0.45039762    0.77327629
    0.97961036    0.10674451   -0.17020327    0.10674451    0.44116764    0.89105372    0.17020327   -0.89105372    0.42077800
    0.85592174    0.16653876    0.48955369    0.16653876    0.80749936   -0.56587068   -0.48955369    0.56587068    0.66342110
    0.53599068   -0.06025183   -0.84207108   -0.06025183    0.99217627   -0.10934333    0.84207108    0.10934333    0.52816695
    0.99069891   -0.03849047    0.13051496   -0.03849047    0.84071583    0.54010683   -0.13051496   -0.54010683    0.83141473
    0.99768751   -0.01523441   -0.06623862   -0.01523441    0.89963774   -0.43637124    0.06623862    0.43637124    0.89732524
    0.98782863    0.00730048   -0.15537468    0.00730048    0.99562112    0.09319494    0.15537468   -0.09319494    0.98344975
    0.99733446    0.00513941    0.07278439    0.00513941    0.99009076   -0.14033487   -0.07278439    0.14033487    0.98742522
