# Rotation matrices: 91 entries, row-major flattening of 3x3 -> 1x9
# https://github.com/Neurophysics-CFIN/GFO
# Col:  1    2    3    4    5    6    7    8    9
#       R11  R12  R13  R21  R22  R23  R31  R32  R33
# where Rij = R(i,j), i = row index, j = column index

    0.99330533   -0.10766519    0.04186569   -0.10766519   -0.73149483    0.67329304   -0.04186569   -0.67329304   -0.73818951
    0.97014345    0.01437139   -0.24210566    0.01437139    0.99308236    0.11653709    0.24210566   -0.11653709    0.96322581
    0.76330199    0.48106606   -0.43121400    0.48106606    0.02227925    0.87640121    0.43121400   -0.87640121   -0.21441876
    0.61587419    0.60303551    0.50699818    0.60303551    0.05330021   -0.79593169   -0.50699818    0.79593169   -0.33082560
    0.81911108    0.25480821    0.51393562    0.25480821    0.64106579   -0.72395265   -0.51393562    0.72395265    0.46017686
    0.66560239    0.15227796   -0.73060583    0.15227796    0.93065567    0.33270324    0.73060583   -0.33270324    0.59625806
    0.65643476   -0.17600692   -0.73356320   -0.17600692    0.90983245   -0.37580112    0.73356320    0.37580112    0.56626721
    0.99768186    0.04420913   -0.05173451    0.04420913    0.15688993    0.98662612    0.05173451   -0.98662612    0.15457179
    0.64019209    0.36816925    0.67424438    0.36816925    0.62327511   -0.68991271   -0.67424438    0.68991271    0.26346720
    0.37175529   -0.59887637   -0.70932721   -0.59887637    0.42911909   -0.67616854    0.70932721    0.67616854   -0.19912562
    0.85321997   -0.45366468    0.25730145   -0.45366468   -0.40217744    0.79526201   -0.25730145   -0.79526201   -0.54895746
   -0.03035724    0.84724786    0.53032961    0.84724786    0.30332033   -0.43608237   -0.53032961    0.43608237   -0.72703691
    0.08971994    0.48277164    0.87113827    0.48277164    0.74395962   -0.46201259   -0.87113827    0.46201259   -0.16632044
   -0.05293855   -0.22924078    0.97192910   -0.22924078    0.95009078    0.21160379   -0.97192910   -0.21160379   -0.10284777
    0.52479940    0.03234623   -0.85061114    0.03234623    0.99779824    0.05789988    0.85061114   -0.05789988    0.52259764
    0.69700645    0.22732247    0.68007831    0.22732247    0.82945015   -0.51023225   -0.68007831    0.51023225    0.52645660
    0.91283871    0.32553373    0.24648180    0.32553373   -0.21581739   -0.92057082   -0.24648180    0.92057082   -0.30297868
   -0.39822210   -0.73359792    0.55068435   -0.73359792    0.61510700    0.28892470   -0.55068435   -0.28892470   -0.78311510
    0.97593291    0.19893253    0.08933537    0.19893253   -0.64432625   -0.73842368   -0.08933537    0.73842368   -0.66839334
   -0.24666919    0.40280596    0.88142026    0.40280596    0.86985109   -0.28479193   -0.88142026    0.28479193   -0.37681811
    0.20679338    0.28285067    0.93660664    0.28285067    0.89913788   -0.33398589   -0.93660664    0.33398589    0.10593125
    0.99995398   -0.00140811    0.00948926   -0.00140811    0.95691052    0.29037953   -0.00948926   -0.29037953    0.95686451
    0.34006432   -0.50627422    0.79249143   -0.50627422    0.61160823    0.60796528   -0.79249143   -0.60796528   -0.04832745
    0.88751062   -0.17256063    0.42725604   -0.17256063    0.73528903    0.65541809   -0.42725604   -0.65541809    0.62279965
    0.16764712    0.18267374   -0.96877487    0.18267374    0.95990920    0.21261382    0.96877487   -0.21261382    0.12755632
    0.16924241   -0.82643864    0.53698807   -0.82643864    0.17785786    0.53419637   -0.53698807   -0.53419637   -0.65289973
    0.96117466    0.03311929    0.27394595    0.03311929    0.97174815   -0.23368492   -0.27394595    0.23368492    0.93292281
    0.84614090    0.48324341   -0.22476962    0.48324341   -0.51777955    0.70596045    0.22476962   -0.70596045   -0.67163864
    0.36075202    0.81386467   -0.45550223    0.81386467   -0.03617958    0.57992701    0.45550223   -0.57992701   -0.67542756
    0.88195705   -0.32786204    0.33861222   -0.32786204    0.08936941    0.94048902   -0.33861222   -0.94048902   -0.02867354
    0.46937058   -0.60844779    0.63990823   -0.60844779    0.30232154    0.73375266   -0.63990823   -0.73375266   -0.22830787
    0.96131111   -0.22319352    0.16144846   -0.22319352   -0.28758784    0.93138493   -0.16144846   -0.93138493   -0.32627674
    0.84908652    0.44288459   -0.28793282    0.44288459   -0.29972995    0.84499420    0.28793282   -0.84499420   -0.45064343
    0.24981835   -0.14352126    0.95759722   -0.14352126    0.97254218    0.18320304   -0.95759722   -0.18320304    0.22236053
   -0.67224190   -0.52822999   -0.51871371   -0.52822999    0.83314201   -0.16385197    0.51871371    0.16385197   -0.83909988
   -0.32497729   -0.91871767    0.22438270   -0.91871767    0.36297613    0.15558331   -0.22438270   -0.15558331   -0.96200116
   -0.93542590   -0.21470912   -0.28085295   -0.21470912    0.97618095   -0.03115681    0.28085295    0.03115681   -0.95924495
   -0.61668115   -0.29072852    0.73156086   -0.29072852    0.94771816    0.13155693   -0.73156086   -0.13155693   -0.66896299
    0.99311157   -0.07955004   -0.08603022   -0.07955004    0.08132769   -0.99350772    0.08603022    0.99350772    0.07443927
    0.88123791   -0.01398027   -0.47246618   -0.01398027    0.99835429   -0.05561712    0.47246618    0.05561712    0.87959220
    0.98412149   -0.07067084    0.16282055   -0.07067084    0.68546379    0.72466890   -0.16282055   -0.72466890    0.66958528
    0.95328622   -0.29318677    0.07271103   -0.29318677   -0.84010990    0.45635171   -0.07271103   -0.45635171   -0.88682367
    0.02276421   -0.57106535   -0.82058891   -0.57106535    0.66628767   -0.47952592    0.82058891    0.47952592   -0.31094812
    0.70657252   -0.10491819    0.69981958   -0.10491819    0.96248536    0.25022811   -0.69981958   -0.25022811    0.66905788
   -0.03467784    0.00964370   -0.99935201    0.00964370    0.99991012    0.00931444    0.99935201   -0.00931444   -0.03476772
    0.06261982    0.67364920    0.73639358    0.67364920    0.51588133   -0.52920999   -0.73639358    0.52920999   -0.42149885
    0.94949990   -0.15671799    0.27182607   -0.15671799    0.51365385    0.84356339   -0.27182607   -0.84356339    0.46315374
    0.30320569    0.50191033   -0.81003231    0.50191033    0.63846723    0.58347718    0.81003231   -0.58347718   -0.05832708
    0.65933241   -0.68961113    0.29952841   -0.68961113   -0.39597520    0.60633336   -0.29952841   -0.60633336   -0.73664279
    0.99027215    0.08268003    0.11191550    0.08268003    0.29727661   -0.95120483   -0.11191550    0.95120483    0.28754876
    0.50600348   -0.15891641    0.84776533   -0.15891641    0.94887732    0.27272220   -0.84776533   -0.27272220    0.45488080
    0.28108243   -0.00217203   -0.95968117   -0.00217203    0.99999344   -0.00289944    0.95968117    0.00289944    0.28107586
    0.22619762   -0.34464191    0.91107442   -0.34464191    0.84650080    0.40578116   -0.91107442   -0.40578116    0.07269843
    0.37433960    0.60253385    0.70485660    0.60253385    0.41973787   -0.67880268   -0.70485660    0.67880268   -0.20592253
    0.96863943   -0.06813790    0.23894536   -0.06813790    0.85195510    0.51916253   -0.23894536   -0.51916253    0.82059453
    0.95496971    0.20125482    0.21801225    0.20125482    0.10052750   -0.97436683   -0.21801225    0.97436683    0.05549722
    0.97225425    0.23219587   -0.02840351    0.23219587   -0.94317739    0.23770043    0.02840351   -0.23770043   -0.97092314
   -0.51404657    0.72242096    0.46245440    0.72242096    0.65529987   -0.22065818   -0.46245440    0.22065818   -0.85874670
   -0.33420355   -0.32356577    0.88521929   -0.32356577    0.92153011    0.21467988   -0.88521929   -0.21467988   -0.41267344
   -0.47335178   -0.03074602   -0.88033674   -0.03074602    0.99935839   -0.01837094    0.88033674    0.01837094   -0.47399339
    0.12540883   -0.67398413    0.72802337   -0.67398413    0.48060921    0.56103493   -0.72802337   -0.56103493   -0.39398196
   -0.24484731    0.16334611   -0.95570280    0.16334611    0.97856608    0.12540521    0.95570280   -0.12540521   -0.26628122
    0.96013195   -0.04117628    0.27649801   -0.04117628    0.95747257    0.28557101   -0.27649801   -0.28557101    0.91760452
    0.72985515    0.11671975    0.67356362    0.11671975    0.94956964   -0.29102232   -0.67356362    0.29102232    0.67942480
    0.61738246    0.49209492   -0.61374383    0.49209492    0.36710321    0.78935279    0.61374383   -0.78935279   -0.01551433
   -0.78059516    0.35321342   -0.51566605    0.35321342    0.92993370    0.10229174    0.51566605   -0.10229174   -0.85066146
   -0.68594668    0.28451391    0.66972306    0.28451391    0.95198652   -0.11301990   -0.66972306    0.11301990   -0.73396016
   -0.36325394    0.40687075   -0.83815438    0.40687075    0.87856715    0.25015185    0.83815438   -0.25015185   -0.48468679
    0.99990771    0.01155534    0.00714433    0.01155534   -0.44684037   -0.89453908   -0.00714433    0.89453908   -0.44693266
    0.86694227   -0.28218706   -0.41083034   -0.28218706    0.40154146   -0.87128349    0.41083034    0.87128349    0.26848373
    0.35945939    0.76423151    0.53548029    0.76423151    0.08819238   -0.63888364   -0.53548029    0.63888364   -0.55234822
    0.95285067   -0.23511328   -0.19182636   -0.23511328   -0.17240797   -0.95655488    0.19182636    0.95655488   -0.21955730
    0.74773741    0.63393580   -0.19752001    0.63393580   -0.59308049    0.49636773    0.19752001   -0.49636773   -0.84534308
    0.65868563   -0.48020441   -0.57925553   -0.48020441    0.32438744   -0.81497025    0.57925553    0.81497025   -0.01692693
    0.61194888   -0.79074383   -0.01558095   -0.79074383   -0.61132328   -0.03174980    0.01558095    0.03174980   -0.99937440
    0.94211395   -0.06576148   -0.32878068   -0.06576148    0.92529164   -0.37351147    0.32878068    0.37351147    0.86740559
    0.84500859   -0.30563954    0.43879944   -0.30563954    0.39728576    0.86530255   -0.43879944   -0.86530255    0.24229435
   -0.00311206   -0.48180945    0.87627049   -0.48180945    0.76857985    0.42088558   -0.87627049   -0.42088558   -0.23453221
    0.01051397   -0.74018647   -0.67231945   -0.74018647    0.44630242   -0.50292955    0.67231945    0.50292955   -0.54318361
    0.80654184    0.50841431    0.30167060    0.50841431   -0.33612927   -0.79280010   -0.30167060    0.79280010   -0.52958743
    0.46170433    0.85223263    0.24602573    0.85223263   -0.34925932   -0.38950928   -0.24602573    0.38950928   -0.88755499
    0.99964864    0.02319772   -0.01282408    0.02319772   -0.53158702    0.84668595    0.01282408   -0.84668595   -0.53193838
   -0.68726768    0.04849226   -0.72478385    0.04849226    0.99860633    0.02083037    0.72478385   -0.02083037   -0.68866136
    0.84495136    0.34191408   -0.41128088    0.34191408    0.24600927    0.90695876    0.41128088   -0.90695876    0.09096063
   -0.00309234   -0.86943676   -0.49403457   -0.86943676    0.24641008   -0.42820765    0.49403457    0.42820765   -0.75668226
   -0.01108313    0.55316203   -0.83299996    0.55316203    0.69736590    0.45573300    0.83299996   -0.45573300   -0.31371723
    0.45140579   -0.68865282   -0.56744173   -0.68865282    0.13553098   -0.71231219    0.56744173    0.71231219   -0.41306323
    0.88344851    0.09386669    0.45902916    0.09386669    0.92440289   -0.36968682   -0.45902916    0.36968682    0.80785140
    0.62659153    0.71324341    0.31411286    0.71324341   -0.36235840   -0.59998352   -0.31411286    0.59998352   -0.73576687
    0.52136874   -0.69137976    0.50016864   -0.69137976    0.00130641    0.72249036   -0.50016864   -0.72249036   -0.47732485
    0.99620610    0.08354869    0.02435187    0.08354869   -0.83989883   -0.53627379   -0.02435187    0.53627379   -0.84369272
