# Rotation matrices: 60 entries, row-major flattening of 3x3 -> 1x9
# https://github.com/Neurophysics-CFIN/GFO
# Col:  1    2    3    4    5    6    7    8    9
#       R11  R12  R13  R21  R22  R23  R31  R32  R33
# where Rij = R(i,j), i = row index, j = column index

   -0.64686573    0.18360298    0.74017205    0.18360298    0.97953078   -0.08251905   -0.74017205    0.08251905   -0.66733495
    0.17904785    0.17418378    0.96829844    0.17418378    0.96304293   -0.20544667   -0.96829844    0.20544667    0.14209078
    0.26333321    0.34650839   -0.90032636    0.34650839    0.83701170    0.42348948    0.90032636   -0.42348948    0.10034491
    0.97756087    0.20507045    0.04817520    0.20507045   -0.87413216   -0.44027159   -0.04817520    0.44027159   -0.89657129
    0.97840519    0.18891370   -0.08387429    0.18891370   -0.65263725    0.73374126    0.08387429   -0.73374126   -0.67423206
   -0.44099195   -0.55781144    0.70311628   -0.55781144    0.78406986    0.27217800   -0.70311628   -0.27217800   -0.65692209
    0.93874345    0.17585040    0.29637372    0.17585040    0.49518280   -0.85080587   -0.29637372    0.85080587    0.43392625
    0.97624404    0.07896651   -0.20177181    0.07896651    0.73750964    0.67070397    0.20177181   -0.67070397    0.71375368
    0.67365195   -0.23383625    0.70108035   -0.23383625    0.83245069    0.50234098   -0.70108035   -0.50234098    0.50610264
    0.72281262    0.31123498    0.61698841    0.31123498    0.65053527   -0.69277460   -0.61698841    0.69277460    0.37334789
    0.98872488    0.01508676    0.14898156    0.01508676    0.97981306   -0.19934583   -0.14898156    0.19934583    0.96853794
    0.99900143   -0.02881019    0.03414840   -0.02881019    0.16878319    0.98523206   -0.03414840   -0.98523206    0.16778462
    0.45081907    0.30997698    0.83706418    0.30997698    0.82503812   -0.47246838   -0.83706418    0.47246838    0.27585719
   -0.50931186   -0.60795338   -0.60909286   -0.60795338    0.75511535   -0.24534364    0.60909286    0.24534364   -0.75419651
    0.99326292   -0.09806215    0.06174617   -0.09806215   -0.42735179    0.89875150   -0.06174617   -0.89875150   -0.43408887
    0.74967733    0.35931850   -0.55576444    0.35931850    0.48422656    0.79775614    0.55576444   -0.79775614    0.23390389
    0.97538433    0.05664210    0.21311283    0.05664210    0.86966321   -0.49038513   -0.21311283    0.49038513    0.84504754
   -0.43673902   -0.32134272   -0.84023680   -0.32134272    0.92812811   -0.18792834    0.84023680    0.18792834   -0.50861090
    0.09501032    0.90300267    0.41899786    0.90300267    0.09897997   -0.41807791   -0.41899786    0.41807791   -0.80600971
    0.44857606    0.51390740   -0.73121727    0.51390740    0.52105666    0.68146837    0.73121727   -0.68146837   -0.03036727
   -0.20738827    0.71794402    0.66448964    0.71794402    0.57309208   -0.39512258   -0.66448964    0.39512258   -0.63429619
    0.85665983    0.00061696   -0.51588133    0.00061696    0.99999734    0.00222043    0.51588133   -0.00222043    0.85665718
    0.98907325   -0.05322450    0.13748183   -0.05322450    0.74074189    0.66967799   -0.13748183   -0.66967799    0.72981514
    0.90567624    0.31164074    0.28745539    0.31164074   -0.02964458   -0.94973746   -0.28745539    0.94973746   -0.12396834
   -0.41299437    0.23559067   -0.87973444    0.23559067    0.96071961    0.14667944    0.87973444   -0.14667944   -0.45227476
    0.84154007   -0.40832822   -0.35366422   -0.40832822   -0.05220248   -0.91134130    0.35366422    0.91134130   -0.21066242
    0.50215320   -0.24544821   -0.82921489   -0.24544821    0.87898923   -0.40881917    0.82921489    0.40881917    0.38114243
    0.00064383   -0.48483510   -0.87460535   -0.48483510    0.76478349   -0.42431255    0.87460535    0.42431255   -0.23457268
   -0.90804672   -0.08530386   -0.41009073   -0.08530386    0.99618628   -0.01833410    0.41009073    0.01833410   -0.91186043
    0.98777502    0.10031271    0.11932255    0.10031271    0.17687886   -0.97910736   -0.11932255    0.97910736    0.16465388
    0.87195360    0.08014908    0.48298349    0.08014908    0.94983166   -0.30231762   -0.48298349    0.30231762    0.82178526
    0.91682174    0.33630633    0.21525788    0.33630633   -0.35975365   -0.87033061   -0.21525788    0.87033061   -0.44293191
    0.81524050   -0.19012862   -0.54702288   -0.19012862    0.80434624   -0.56291939    0.54702288    0.56291939    0.61958674
    0.74442230    0.47480033   -0.46946788    0.47480033    0.11793810    0.87215552    0.46946788   -0.87215552   -0.13763960
   -0.14345505    0.05100626    0.98834154    0.05100626    0.99772476   -0.04408709   -0.98834154    0.04408709   -0.14573030
    0.99149931   -0.03198494   -0.12611931   -0.03198494    0.87965252   -0.47454020    0.12611931    0.47454020    0.87115183
    0.14173385    0.65076224    0.74593567    0.65076224    0.50657324   -0.56559001   -0.74593567    0.56559001   -0.35169291
    0.35990978   -0.66024295    0.65919967   -0.66024295    0.31896984    0.67995404   -0.65919967   -0.67995404   -0.32112038
    0.87761384   -0.21784266    0.42701116   -0.21784266    0.61224844    0.76006344   -0.42701116   -0.76006344    0.48986227
   -0.18682697   -0.14047360   -0.97229772   -0.14047360    0.98337345   -0.11508178    0.97229772    0.11508178   -0.20345352
    0.96413198    0.02416968   -0.26432054    0.02416968    0.98371325    0.17811250    0.26432054   -0.17811250    0.94784524
   -0.40972585   -0.15074685    0.89966667   -0.15074685    0.98388012    0.09620446   -0.89966667   -0.09620446   -0.42584573
    0.43836248    0.16019583   -0.88440694    0.16019583    0.95430736    0.25225932    0.88440694   -0.25225932    0.39266983
    0.99190703   -0.06448255    0.10937297   -0.06448255    0.48622092    0.87145351   -0.10937297   -0.87145351    0.47812795
    0.84987883    0.21660448   -0.48040449    0.21660448    0.68746914    0.69315848    0.48040449   -0.69315848    0.53734797
    0.16489730   -0.25093686   -0.95385511   -0.25093686    0.92459693   -0.28662032    0.95385511    0.28662032    0.08949424
    0.96112402   -0.04777880    0.27195186   -0.04777880    0.94127960    0.33423031   -0.27195186   -0.33423031    0.90240362
   -0.15561185   -0.88795242    0.43281110   -0.88795242    0.31771251    0.33256467   -0.43281110   -0.33256467   -0.83789933
    0.28539280   -0.84673729   -0.44898431   -0.84673729   -0.00329809   -0.53200102    0.44898431    0.53200102   -0.71790529
    0.68699668    0.18131246    0.70367702    0.18131246    0.89497170   -0.40761680   -0.70367702    0.40761680    0.58196838
    0.98263821   -0.01457024   -0.18495906   -0.01457024    0.98777247   -0.15522002    0.18495906    0.15522002    0.97041068
    0.37653662   -0.45700881   -0.80583070   -0.45700881    0.66500511   -0.59068702    0.80583070    0.59068702    0.04154173
    0.53421703   -0.84320531   -0.06014127   -0.84320531   -0.52645167   -0.10887354    0.06014127    0.10887354   -0.99223464
    0.43203566   -0.61876475   -0.65610622   -0.61876475    0.32589111   -0.71479030    0.65610622    0.71479030   -0.24207323
    0.69453313   -0.47965212    0.53624395   -0.47965212    0.24683761    0.84202437   -0.53624395   -0.84202437   -0.05862926
    0.71780712    0.02912887    0.69563240    0.02912887    0.99699322   -0.07180545   -0.69563240    0.07180545    0.71480035
    0.45106303    0.77581047   -0.44120319    0.77581047   -0.09644991    0.62355074    0.44120319   -0.62355074   -0.64538688
    0.89507589   -0.22893342   -0.38265995   -0.22893342    0.50049124   -0.83492395    0.38265995    0.83492395    0.39556713
    0.94359842   -0.24488704    0.22282809   -0.24488704   -0.06326211    0.96748553   -0.22282809   -0.96748553   -0.11966369
    0.96209463   -0.10468421   -0.25182364   -0.10468421    0.71089102   -0.69546760    0.25182364    0.69546760    0.67298564
