# Rotation matrices: 16 entries, row-major flattening of 3x3 -> 1x9
# https://github.com/Neurophysics-CFIN/GFO
# Col:  1    2    3    4    5    6    7    8    9
#       R11  R12  R13  R21  R22  R23  R31  R32  R33
# where Rij = R(i,j), i = row index, j = column index

    0.09342786    0.38940841   -0.91631453    0.38940841    0.83273376    0.39359315    0.91631453   -0.39359315   -0.07383838
    0.60326629    0.02694826    0.79708442    0.02694826    0.99816953   -0.05414220   -0.79708442    0.05414220    0.60143582
   -0.42466655    0.00204209    0.90534753    0.00204209    0.99999707   -0.00129771   -0.90534753    0.00129771   -0.42466947
    0.99748980   -0.04185367   -0.05711722   -0.04185367    0.30215639   -0.95233911    0.05711722    0.95233911    0.29964619
    0.18852560   -0.73486943    0.65147910   -0.73486943    0.33450385    0.58997804   -0.65147910   -0.58997804   -0.47697054
    0.99984253    0.00949889   -0.01498984    0.00949889    0.42702507    0.90418989    0.01498984   -0.90418989    0.42686759
    0.96329766    0.01066337    0.26822363    0.01066337    0.99690190   -0.07792876   -0.26822363    0.07792876    0.96019956
    0.96015163    0.27134916    0.06692151    0.27134916   -0.84776338   -0.45570482   -0.06692151    0.45570482   -0.88761175
    0.15802572   -0.83290738   -0.53037079   -0.83290738    0.17606188   -0.52465942    0.53037079    0.52465942   -0.66591240
    0.94237045   -0.31797998    0.10405123   -0.31797998   -0.75450401    0.57411883   -0.10405123   -0.57411883   -0.81213356
    0.75594633    0.42753535   -0.49574053    0.42753535    0.25103985    0.86844258    0.49574053   -0.86844258    0.00698617
    0.01152169   -0.35603450   -0.93440178   -0.35603450    0.87176192   -0.33655697    0.93440178    0.33655697   -0.11671639
    0.38439016    0.77539692   -0.50100282    0.77539692    0.02334183    0.63104261    0.50100282   -0.63104261   -0.59226801
    0.74252480   -0.40578300    0.53291376   -0.40578300    0.36048270    0.83987641   -0.53291376   -0.83987641    0.10300750
    0.14608776    0.77549597    0.61421850    0.77549597    0.29571919   -0.55781373   -0.61421850    0.55781373   -0.55819305
    0.88811040   -0.01173123   -0.45948046   -0.01173123    0.99877002   -0.04817489    0.45948046    0.04817489    0.88688042
