# Rotation matrices: 25 entries, row-major flattening of 3x3 -> 1x9
# https://github.com/Neurophysics-CFIN/GFO
# Col:  1    2    3    4    5    6    7    8    9
#       R11  R12  R13  R21  R22  R23  R31  R32  R33
# where Rij = R(i,j), i = row index, j = column index

    0.42484499    0.72694898    0.53949228    0.72694898    0.08119584   -0.68187419   -0.53949228    0.68187419   -0.49395917
   -0.68376265    0.67451967    0.27837358    0.67451967    0.72978568   -0.11151718   -0.27837358    0.11151718   -0.95397698
    0.13891658    0.14060693    0.98027133    0.14060693    0.97704019   -0.16006921   -0.98027133    0.16006921    0.11595677
    0.47131275   -0.66954433    0.57408595   -0.66954433    0.15207031    0.72703852   -0.57408595   -0.72703852   -0.37661693
    0.37401532   -0.26584447   -0.88850394   -0.26584447    0.88710062   -0.37733170    0.88850394    0.37733170    0.26111593
    0.91327615    0.10631890    0.39322127    0.10631890    0.86965859   -0.48206869   -0.39322127    0.48206869    0.78293474
    0.31938838   -0.25015439    0.91400976   -0.25015439    0.90805737    0.33593837   -0.91400976   -0.33593837    0.22744575
    0.97283503   -0.08575015   -0.21503235   -0.08575015    0.72931728   -0.67878069    0.21503235    0.67878069    0.70215231
    0.78423809   -0.10018451   -0.61231829   -0.10018451    0.95348143   -0.28431713    0.61231829    0.28431713    0.73771951
    0.99236446    0.04942177   -0.11300560    0.04942177    0.68011283    0.73143969    0.11300560   -0.73143969    0.67247730
    0.65137857   -0.41822098    0.63308544   -0.41822098    0.49828446    0.75947601   -0.63308544   -0.75947601    0.14966302
   -0.58166752   -0.29210205   -0.75917013   -0.29210205    0.94605465   -0.14020339    0.75917013    0.14020339   -0.63561287
   -0.46502706    0.60414615    0.64711457    0.60414615    0.75086292   -0.26685635   -0.64711457    0.26685635   -0.71416414
    0.96312842   -0.20279734    0.17679615   -0.20279734   -0.11540555    0.97239642   -0.17679615   -0.97239642   -0.15227713
    0.88424436   -0.45611199   -0.10036814   -0.45611199   -0.79721824   -0.39548063    0.10036814    0.39548063   -0.91297388
    0.99759048   -0.01091961   -0.06851279   -0.01091961    0.95051395   -0.31048993    0.06851279    0.31048993    0.94810443
   -0.37808182    0.10380780    0.91993373    0.10380780    0.99218039   -0.06929653   -0.91993373    0.06929653   -0.38590143
    0.51680692    0.61375188   -0.59684105    0.61375188    0.22041232    0.75810754    0.59684105   -0.75810754   -0.26278076
    0.91972735    0.25392172   -0.29937494    0.25392172    0.19678445    0.94699506    0.29937494   -0.94699506    0.11651180
    0.97286503   -0.13106470    0.19067164   -0.13106470    0.36694397    0.92096372   -0.19067164   -0.92096372    0.33980901
    0.59559863    0.18172908    0.78245563    0.18172908    0.91833495   -0.35161835   -0.78245563    0.35161835    0.51393357
    0.23775433    0.52627122    0.81640154    0.52627122    0.63665074   -0.56366163   -0.81640154    0.56366163   -0.12559493
   -0.92082013   -0.04488448   -0.38739602   -0.04488448    0.99895117   -0.00905242    0.38739602    0.00905242   -0.92186896
    0.97671818    0.10673423    0.18608977    0.10673423    0.51068274   -0.85311837   -0.18608977    0.85311837    0.48740092
    0.84712413   -0.17787307    0.50074133   -0.17787307    0.79304236    0.58261907   -0.50074133   -0.58261907    0.64016649
