# Rotation matrices: 6 entries, row-major flattening of 3x3 -> 1x9
# https://github.com/Neurophysics-CFIN/GFO
# Col:  1    2    3    4    5    6    7    8    9
#       R11  R12  R13  R21  R22  R23  R31  R32  R33
# where Rij = R(i,j), i = row index, j = column index

    0.84025558   -0.00837028    0.54212591   -0.00837028    0.99956141    0.02840627   -0.54212591   -0.02840627    0.83981699
    0.82959442   -0.29019044   -0.47703522   -0.29019044    0.50582313   -0.81236228    0.47703522    0.81236228    0.33541755
    0.99973152   -0.01093917    0.02042580   -0.01093917    0.55427802    0.83225970   -0.02042580   -0.83225970    0.55400955
    0.78831327    0.32615687    0.52171246    0.32615687    0.49747298   -0.80382979   -0.52171246    0.80382979    0.28578625
    0.04969053   -0.00810687   -0.99873176   -0.00810687    0.99993084   -0.00851995    0.99873176    0.00851995    0.04962137
    0.88966052    0.00480423   -0.45659728    0.00480423    0.99979082    0.01988044    0.45659728   -0.01988044    0.88945134
