# Rotation matrices: 35 entries, row-major flattening of 3x3 -> 1x9
# https://github.com/Neurophysics-CFIN/GFO
# Col:  1    2    3    4    5    6    7    8    9
#       R11  R12  R13  R21  R22  R23  R31  R32  R33
# where Rij = R(i,j), i = row index, j = column index

    0.95653771   -0.07329984    0.28224590   -0.07329984    0.87637866    0.47601216   -0.28224590   -0.47601216    0.83291637
    0.92491381    0.31508938    0.21272784    0.31508938   -0.32223133   -0.89268452   -0.21272784    0.89268452   -0.39731752
    0.70922359   -0.49838169    0.49861567   -0.49838169    0.14578933    0.85461170   -0.49861567   -0.85461170   -0.14498708
    0.96835384   -0.06116460   -0.24197051   -0.06116460    0.88178318   -0.46767224    0.24197051    0.46767224    0.85013702
    0.54240946   -0.32429584   -0.77499947   -0.32429584    0.77017052   -0.54924455    0.77499947    0.54924455    0.31257999
    0.87581197    0.10669749   -0.47071121    0.10669749    0.90832971    0.40441661    0.47071121   -0.40441661    0.78414167
   -0.20112971    0.51661072    0.83226210    0.51661072    0.77780365   -0.35795928   -0.83226210    0.35795928   -0.42332606
    0.89292520   -0.19124035   -0.40756804   -0.19124035    0.65843623   -0.72793465    0.40756804    0.72793465    0.55136143
    0.65071927    0.29413198    0.70003629    0.29413198    0.75230920   -0.58950593   -0.70003629    0.58950593    0.40302847
    0.89336193    0.12402546    0.43188211    0.12402546    0.85575214   -0.50230067   -0.43188211    0.50230067    0.74911406
    0.32550652   -0.74535062   -0.58180577   -0.74535062    0.17634852   -0.64292585    0.58180577    0.64292585   -0.49814496
    0.72507228    0.44055096   -0.52932508    0.44055096    0.29405028    0.84820356    0.52932508   -0.84820356    0.01912256
    0.98656493   -0.13337150    0.09434871   -0.13337150   -0.32399450    0.93661070   -0.09434871   -0.93661070   -0.33742956
   -0.92181917   -0.12740082   -0.36608531   -0.12740082    0.99155437   -0.02426845    0.36608531    0.02426845   -0.93026479
    0.41108843   -0.07504745   -0.90850107   -0.07504745    0.99043639   -0.11577407    0.90850107    0.11577407    0.40152482
    0.99417513    0.01503309    0.10672305    0.01503309    0.96120191   -0.27543583   -0.10672305    0.27543583    0.95537704
    0.07929480   -0.27058303    0.95942543   -0.27058303    0.92047924    0.28196239   -0.95942543   -0.28196239   -0.00022596
    0.43182339   -0.14505976    0.89021696   -0.14505976    0.96296515    0.22727909   -0.89021696   -0.22727909    0.39478854
    0.40547398    0.70958005    0.57626990    0.70958005    0.15310040   -0.68779097   -0.57626990    0.68779097   -0.44142562
    0.50471942   -0.42481765    0.75152396   -0.42481765    0.63562060    0.64460563   -0.75152396   -0.64460563    0.14034003
    0.89696957   -0.33385020   -0.28980964   -0.33385020   -0.08177712   -0.93907217    0.28980964    0.93907217   -0.18480755
    0.30133162    0.47074337    0.82921646    0.47074337    0.68282618   -0.55870304   -0.82921646    0.55870304   -0.01584220
    0.99908801    0.00492758   -0.04241314    0.00492758    0.97337587    0.22916182    0.04241314   -0.22916182    0.97246387
   -0.70612949    0.16637847    0.68825820    0.16637847    0.98377509   -0.06711762   -0.68825820    0.06711762   -0.72235440
   -0.59364640    0.40878772   -0.69316416    0.40878772    0.89514148    0.17780418    0.69316416   -0.17780418   -0.69850491
   -0.03162920    0.15957557    0.98667889    0.15957557    0.97531636   -0.15262252   -0.98667889    0.15262252   -0.05631284
    0.98670071    0.11494915    0.11492785    0.11494915    0.00646559   -0.99335034   -0.11492785    0.99335034   -0.00683371
    0.97666661   -0.09916021    0.19049828   -0.09916021    0.57859767    0.80956284   -0.19049828   -0.80956284    0.55526428
    0.90630323    0.22058343    0.36049604    0.22058343    0.48069657   -0.84868943   -0.36049604    0.84868943    0.38699981
    0.91027694    0.38699356    0.14707780    0.38699356   -0.66918083   -0.63437607   -0.14707780    0.63437607   -0.75890389
    0.98382121    0.16461540   -0.07069373    0.16461540   -0.67492280    0.71929200    0.07069373   -0.71929200   -0.69110159
    0.75481050   -0.10083180    0.64814663   -0.10083180    0.95853390    0.26654400   -0.64814663   -0.26654400    0.71334441
   -0.27724605    0.29486066   -0.91443525    0.29486066    0.93192948    0.21110340    0.91443525   -0.21110340   -0.34531657
    0.94374968   -0.00909569   -0.33053565   -0.00909569    0.99852922   -0.05344772    0.33053565    0.05344772    0.94227890
    0.76221477   -0.13471946   -0.63315031   -0.13471946    0.92367342   -0.35871728    0.63315031    0.35871728    0.68588818
