# Rotation matrices: 41 entries, row-major flattening of 3x3 -> 1x9
# https://github.com/Neurophysics-CFIN/GFO
# Col:  1    2    3    4    5    6    7    8    9
#       R11  R12  R13  R21  R22  R23  R31  R32  R33
# where Rij = R(i,j), i = row index, j = column index

    0.00575814   -0.76870534    0.63957716   -0.76870534    0.40566986    0.49449374   -0.63957716   -0.49449374   -0.58857199
    0.97597929    0.00459483    0.21781484    0.00459483    0.99912107   -0.04166495   -0.21781484    0.04166495    0.97510037
    0.49058202    0.35611481   -0.79530593    0.35611481    0.75105362    0.55596825    0.79530593   -0.55596825    0.24163564
   -0.70481440    0.34268361   -0.62113172    0.34268361    0.93111740    0.12485327    0.62113172   -0.12485327   -0.77369700
    0.62649300   -0.72049920   -0.29730023   -0.72049920   -0.38985104   -0.57349548    0.29730023    0.57349548   -0.76335805
    0.04275063   -0.50152882   -0.86408404   -0.50152882    0.73723550   -0.45271698    0.86408404    0.45271698   -0.22001388
    0.54727919    0.39468955    0.73804176    0.39468955    0.65590307   -0.64343712   -0.73804176    0.64343712    0.20318226
    0.96225659    0.19556786   -0.18924974    0.19556786   -0.01333689    0.98059948    0.18924974   -0.98059948   -0.05108030
    0.46852029   -0.36064390   -0.80648913   -0.36064390    0.75527942   -0.54725586    0.80648913    0.54725586    0.22379971
    0.80079034    0.22002775   -0.55706609    0.22002775    0.75697861    0.61528138    0.55706609   -0.61528138    0.55776895
   -0.46547553   -0.74415305   -0.47913336   -0.74415305    0.62212691   -0.24329888    0.47913336    0.24329888   -0.84334861
    0.99990231   -0.00293476   -0.01366567   -0.00293476    0.91183206   -0.41055291    0.01366567    0.41055291    0.91173437
    0.54698215   -0.52926597   -0.64860471   -0.52926597    0.38165248   -0.75777234    0.64860471    0.75777234   -0.07136538
    0.75818809    0.51728341   -0.39694923    0.51728341   -0.10657134    0.84915277    0.39694923   -0.84915277   -0.34838325
    0.82365890   -0.28571103   -0.48985224   -0.28571103    0.53708583   -0.79366745    0.48985224    0.79366745    0.36074474
    0.23914976   -0.03024228    0.97051161   -0.03024228    0.99879793    0.03857590   -0.97051161   -0.03857590    0.23794769
    0.09386297   -0.75945207   -0.64375640   -0.75945207    0.36348761   -0.53954547    0.64375640    0.53954547   -0.54264942
   -0.05696492   -0.23054572    0.97139264   -0.23054572    0.94971325    0.21188065   -0.97139264   -0.21188065   -0.10725166
    0.99945789   -0.00541992    0.03247393   -0.00541992    0.94581285    0.32466703   -0.03247393   -0.32466703    0.94527074
    0.77977501    0.21382433    0.58841319    0.21382433    0.79239029   -0.57131145   -0.58841319    0.57131145    0.57216531
    0.00056114   -0.92153915    0.38828505   -0.92153915    0.15028879    0.35802078   -0.38828505   -0.35802078   -0.84915007
   -0.49748712   -0.32710470   -0.80343580   -0.32710470    0.92854865   -0.17549909    0.80343580    0.17549909   -0.56893847
   -0.43995735   -0.28491597    0.85162223   -0.28491597    0.94362534    0.16850553   -0.85162223   -0.16850553   -0.49633201
    0.70794409   -0.56444969   -0.42451350   -0.56444969   -0.09089884   -0.82044741    0.42451350    0.82044741   -0.38295475
    0.96525843   -0.10117159   -0.24091591   -0.10117159    0.70537627   -0.70157581    0.24091591    0.70157581    0.67063470
    0.99664048   -0.05070343    0.06431890   -0.05070343    0.23476097    0.97072985   -0.06431890   -0.97072985    0.23140145
   -0.77920962   -0.13809650    0.61136055   -0.13809650    0.98928140    0.04745183   -0.61136055   -0.04745183   -0.78992822
    0.67174629    0.49920810    0.54730997    0.49920810    0.24080455   -0.83234875   -0.54730997    0.83234875   -0.08744916
    0.91395768    0.36858260   -0.16978879    0.36858260   -0.57891054    0.72733036    0.16978879   -0.72733036   -0.66495286
    0.18293354    0.28726562    0.94022007    0.28726562    0.89900266   -0.33056418   -0.94022007    0.33056418    0.08193620
   -0.33117345    0.43583387   -0.83688290    0.43583387    0.85730548    0.27400029    0.83688290   -0.27400029   -0.47386797
    0.91004711   -0.27681608   -0.30852410   -0.27681608    0.14814143   -0.94943508    0.30852410    0.94943508    0.05818854
    0.97659783    0.06960661   -0.20349838    0.06960661    0.79296448    0.60527866    0.20349838   -0.60527866    0.76956232
    0.63652390    0.13087476   -0.76007179    0.13087476    0.95287667    0.27367470    0.76007179   -0.27367470    0.58940057
    0.84385308    0.43935445    0.30802540    0.43935445   -0.23622247   -0.86669868   -0.30802540    0.86669868   -0.39236940
   -0.23323787    0.87557871    0.42303903    0.87557871    0.37835344   -0.30035079   -0.42303903    0.30035079   -0.85488443
    0.28322368    0.11903331   -0.95163828    0.11903331    0.98023243    0.15803626    0.95163828   -0.15803626    0.26345610
    0.18132814    0.91404810   -0.36281701    0.91404810   -0.02053578    0.40508562    0.36281701   -0.40508562   -0.83920764
    0.99799069   -0.03534594   -0.05258567   -0.03534594    0.37822743   -0.92503766    0.05258567    0.92503766    0.37621811
   -0.96791854   -0.15694946    0.19621562   -0.15694946    0.98748265    0.01564899   -0.19621562   -0.01564899   -0.98043589
    0.99783224   -0.02990641    0.05862107   -0.02990641    0.58741155    0.80873561   -0.05862107   -0.80873561    0.58524379
