# Rotation matrices: 16 entries, row-major flattening of 3x3 -> 1x9
# https://github.com/Neurophysics-CFIN/GFO
# Col:  1    2    3    4    5    6    7    8    9
#       R11  R12  R13  R21  R22  R23  R31  R32  R33
# where Rij = R(i,j), i = row index, j = column index

    0.67453167    0.04890708   -0.73662414    0.04890708    0.99265089    0.11069013    0.73662414   -0.11069013    0.66718257
    0.89099503    0.30846559   -0.33313187    0.30846559    0.12709468    0.94270670    0.33313187   -0.94270670    0.01808971
    0.23417982    0.03541613    0.97154800    0.03541613    0.99836214   -0.04493022   -0.97154800    0.04493022    0.23254196
    0.98579729   -0.08962714   -0.14202354   -0.08962714    0.43440217   -0.89624870    0.14202354    0.89624870    0.42019945
    0.97167085   -0.01223660   -0.23602126   -0.01223660    0.99471448   -0.10194787    0.23602126    0.10194787    0.96638533
    0.89385769   -0.33627859   -0.29653858   -0.33627859   -0.06539320   -0.93948946    0.29653858    0.93948946   -0.17153550
    0.88942562    0.18571763    0.41764940    0.18571763    0.68807386   -0.70147225   -0.41764940    0.70147225    0.57749948
    0.57156290   -0.37368319    0.73053181   -0.37368319    0.67407322    0.63717044   -0.73053181   -0.63717044    0.24563612
    0.93328616    0.05167294    0.35539676    0.05167294    0.95997693   -0.27527114   -0.35539676    0.27527114    0.89326309
    0.97003068    0.21734044    0.10864445    0.21734044   -0.57617400   -0.78790016   -0.10864445    0.78790016   -0.60614332
    0.34533228   -0.23495458   -0.90859340   -0.23495458    0.91567684   -0.32608631    0.90859340    0.32608631    0.26100911
   -0.53487196   -0.51150128   -0.67251649   -0.51150128    0.82954047   -0.22411840    0.67251649    0.22411840   -0.70533150
    0.99313948   -0.02440414    0.11436092   -0.02440414    0.91319001    0.40680272   -0.11436092   -0.40680272    0.90632948
    0.29015753   -0.81869246    0.49553130   -0.81869246    0.05576608    0.57151798   -0.49553130   -0.57151798   -0.65407639
    0.69168209    0.27368953   -0.66833369    0.27368953    0.75704960    0.59327055    0.66833369   -0.59327055    0.44873169
    0.40751528    0.39589994    0.82291831    0.39589994    0.73545856   -0.54987630   -0.82291831    0.54987630    0.14297384
