# Rotation matrices: 98 entries, row-major flattening of 3x3 -> 1x9
# https://github.com/Neurophysics-CFIN/GFO
# Col:  1    2    3    4    5    6    7    8    9
#       R11  R12  R13  R21  R22  R23  R31  R32  R33
# where Rij = R(i,j), i = row index, j = column index

    0.52321231   -0.15208490    0.83852195   -0.15208490    0.95148822    0.26747027   -0.83852195   -0.26747027    0.47470053
   -0.93582214   -0.12181948    0.33075209   -0.12181948    0.99233401    0.02081392   -0.33075209   -0.02081392   -0.94348812
    0.94829773    0.04594281   -0.31403930    0.04594281    0.95917506    0.27905636    0.31403930   -0.27905636    0.90747279
    0.52418031    0.03636487    0.85083054    0.03636487    0.99722079   -0.06502534   -0.85083054    0.06502534    0.52140109
    0.94021109    0.22089774   -0.25924370    0.22089774    0.18386517    0.95780885    0.25924370   -0.95780885    0.12407626
    0.18147688   -0.00199910   -0.98339318   -0.00199910    0.99999512   -0.00240176    0.98339318    0.00240176    0.18147199
    0.99992340    0.00655656    0.01049766    0.00655656    0.43877515   -0.89857297   -0.01049766    0.89857297    0.43869856
   -0.72600253    0.44945304    0.52049235    0.44945304    0.88296191   -0.13553681   -0.52049235    0.13553681   -0.84304062
    0.35050209   -0.73001253   -0.58671117   -0.73001253    0.17949192   -0.65944246    0.58671117    0.65944246   -0.47000600
    0.03209941   -0.61342666   -0.78909908   -0.61342666    0.61122839   -0.50010757    0.78909908    0.50010757   -0.35667220
    0.66218070   -0.37478093    0.64888826   -0.37478093    0.58421337    0.71988471   -0.64888826   -0.71988471    0.24639407
   -0.70139931   -0.00139337    0.71276719   -0.00139337    0.99999886    0.00058372   -0.71276719   -0.00058372   -0.70140045
    0.01322291   -0.75974313    0.65008887   -0.75974313    0.41505572    0.50051887   -0.65008887   -0.50051887   -0.57172137
    0.94716326    0.01146137    0.32054702    0.01146137    0.99751379   -0.06953323   -0.32054702    0.06953323    0.94467705
    0.10419740   -0.24682010   -0.96344317   -0.24682010    0.93199376   -0.26545708    0.96344317    0.26545708    0.03619116
   -0.32408166   -0.09835508   -0.94090242   -0.09835508    0.99269401   -0.06989186    0.94090242    0.06989186   -0.33138765
    0.77659152   -0.58776739    0.22679312   -0.58776739   -0.54636248    0.59667205   -0.22679312   -0.59667205   -0.76977097
    0.56032116   -0.39331341   -0.72893399   -0.39331341    0.64816264   -0.65206575    0.72893399    0.65206575    0.20848380
    0.74586249   -0.54432740   -0.38392294   -0.54432740   -0.16587402   -0.82230985    0.38392294    0.82230985   -0.42001153
    0.93958951    0.08641195    0.33121673    0.08641195    0.87639523   -0.47377672   -0.33121673    0.47377672    0.81598474
    0.83937158    0.26148489    0.47653017    0.26148489    0.57433219   -0.77573719   -0.47653017    0.77573719    0.41370377
    0.23702037   -0.50912489   -0.82741355   -0.50912489    0.66026858   -0.55212069    0.82741355    0.55212069   -0.10271106
    0.56970569   -0.11196775   -0.81418588   -0.11196775    0.97086465   -0.21186095    0.81418588    0.21186095    0.54057034
    0.51948584    0.74651895   -0.41574502    0.74651895   -0.15977963    0.64589467    0.41574502   -0.64589467   -0.64029380
    0.74287378   -0.46531668    0.48126804   -0.46531668    0.15792479    0.87094210   -0.48126804   -0.87094210   -0.09920143
    0.77194201    0.20378116   -0.60214514    0.20378116    0.81791139    0.53804664    0.60214514   -0.53804664    0.58985341
    0.05495434    0.57141996   -0.81881576    0.57141996    0.65449207    0.49509531    0.81881576   -0.49509531   -0.29055359
    0.66637790    0.66166603    0.34371289    0.66166603   -0.31226901   -0.68167890   -0.34371289    0.68167890   -0.64589111
    0.56618597    0.80684796   -0.16861142    0.80684796   -0.50065141    0.31359931    0.16861142   -0.31359931   -0.93446544
    0.17367657    0.15593896    0.97237826    0.15593896    0.97057211   -0.18350158   -0.97237826    0.18350158    0.14424868
   -0.46316757    0.39510634    0.79332640    0.39510634    0.89330749   -0.21422584   -0.79332640    0.21422584   -0.56986008
    0.53142486   -0.25803499   -0.80684916   -0.25803499    0.85790528   -0.44431575    0.80684916    0.44431575    0.38933014
    0.95942419    0.14156054   -0.24385619    0.14156054    0.50612482    0.85076335    0.24385619   -0.85076335    0.46554901
    0.61699741    0.18138558    0.76577638    0.18138558    0.91409789   -0.36266281   -0.76577638    0.36266281    0.53109530
   -0.44370045   -0.67281332   -0.59198999   -0.67281332    0.68644620   -0.27588739    0.59198999    0.27588739   -0.75725425
    0.82853466   -0.00207339    0.55993394   -0.00207339    0.99997493    0.00677082   -0.55993394   -0.00677082    0.82850959
    0.96439678   -0.12687506   -0.23203784   -0.12687506    0.54787002   -0.82688643    0.23203784    0.82688643    0.51226680
    0.99764131    0.01297939   -0.06740436    0.01297939    0.92857703    0.37091271    0.06740436   -0.37091271    0.92621834
    0.71890891   -0.18654654    0.66960463   -0.18654654    0.87619810    0.44438416   -0.66960463   -0.44438416    0.59510701
    0.99117585   -0.01154490    0.13204979   -0.01154490    0.98489547    0.17276466   -0.13204979   -0.17276466    0.97607132
    0.95030311    0.17093282    0.26020372    0.17093282    0.41207533   -0.89497256   -0.26020372    0.89497256    0.36237844
    0.94368426   -0.25997175    0.20463312   -0.25997175   -0.20011395    0.94465290   -0.20463312   -0.94465290   -0.25642970
    0.74299082   -0.29416289   -0.60119284   -0.29416289    0.66331238   -0.68810237    0.60119284    0.68810237    0.40630320
   -0.61682069   -0.25112527   -0.74596806   -0.25112527    0.96099512   -0.11586407    0.74596806    0.11586407   -0.65582557
    0.71046354    0.42580020   -0.56029969    0.42580020    0.37380662    0.82399199    0.56029969   -0.82399199    0.08427016
    0.85793409   -0.45846299   -0.23186371   -0.45846299   -0.47951269   -0.74825081    0.23186371    0.74825081   -0.62157860
    0.40055169    0.16363449    0.90154428    0.16363449    0.95533185   -0.24609919   -0.90154428    0.24609919    0.35588354
    0.43096466    0.50446829    0.74818528    0.50446829    0.55277249   -0.66329052   -0.74818528    0.66329052   -0.01626285
   -0.24237925    0.33175750    0.91169582    0.33175750    0.91140947   -0.24345378   -0.91169582    0.24345378   -0.33096978
    0.56746549   -0.70950249    0.41783864   -0.70950249   -0.16382341    0.68539631   -0.41783864   -0.68539631   -0.59635792
    0.92951615    0.34765492   -0.12302756    0.34765492   -0.71477503    0.60682181    0.12302756   -0.60682181   -0.78525888
    0.99991464   -0.00951952   -0.00894947   -0.00951952   -0.06162656   -0.99805388    0.00894947    0.99805388   -0.06171192
   -0.02617617    0.25311938    0.96708086    0.25311938    0.93756489   -0.23854277   -0.96708086    0.23854277   -0.08861128
    0.72784685   -0.53713799    0.42628833   -0.53713799   -0.06012818    0.84134855   -0.42628833   -0.84134855   -0.33228133
   -0.07858976    0.81507624   -0.57399859    0.81507624    0.38405750    0.43376326    0.57399859   -0.43376326   -0.69453226
    0.95619255   -0.27581560   -0.09808955   -0.27581560   -0.73655958   -0.61758055    0.09808955    0.61758055   -0.78036703
    0.38472881    0.34480284   -0.85620952    0.34480284    0.80676976    0.47982659    0.85620952   -0.47982659    0.19149857
    0.97530328   -0.21477439    0.05153124   -0.21477439   -0.86778012    0.44814018   -0.05153124   -0.44814018   -0.89247684
    0.88919366    0.40480701   -0.21322741    0.40480701   -0.47887484    0.77898022    0.21322741   -0.77898022   -0.58968118
   -0.12480605    0.98453611    0.12293124    0.98453611    0.13824133   -0.10760099   -0.12293124    0.10760099   -0.98656472
    0.77299220    0.11567852   -0.62378005    0.11567852    0.94105260    0.31786551    0.62378005   -0.31786551    0.71404480
    0.13706657   -0.87408407    0.46603626   -0.87408407    0.11462121    0.47205828   -0.46603626   -0.47205828   -0.74831222
    0.25477384    0.37581102    0.89098618    0.37581102    0.81048179   -0.44931652   -0.89098618    0.44931652    0.06525564
    0.75158217   -0.47877773   -0.45375779   -0.47877773    0.07724774   -0.87453111    0.45375779    0.87453111   -0.17117010
    0.94614423   -0.05728551   -0.31863690   -0.05728551    0.93906634   -0.33892887    0.31863690    0.33892887    0.88521057
    0.71980048    0.07155823    0.69048294    0.07155823    0.98172523   -0.17633770   -0.69048294    0.17633770    0.70152571
    0.88731824   -0.16071294    0.43224726   -0.16071294    0.77078233    0.61649489   -0.43224726   -0.61649489    0.65810057
    0.99837875    0.04378448   -0.03637026    0.04378448   -0.18246881    0.98223625    0.03637026   -0.98223625   -0.18409007
    0.33801805   -0.16348403   -0.92683157   -0.16348403    0.95962574   -0.22889168    0.92683157    0.22889168    0.29764380
    0.08639739   -0.04825697    0.99509133   -0.04825697    0.99745104    0.05256125   -0.99509133   -0.05256125    0.08384843
    0.75477858    0.50310938    0.42093971    0.50310938   -0.03220614   -0.86362244   -0.42093971    0.86362244   -0.27742755
    0.16470853   -0.89877158   -0.40630130   -0.89877158    0.03292398   -0.43717921    0.40630130    0.43717921   -0.80236749
    0.62081032    0.38820000    0.68109860    0.38820000    0.60257557   -0.69728290   -0.68109860    0.69728290    0.22338589
    0.93432833   -0.24878770    0.25521607   -0.24878770    0.05750343    0.96684954   -0.25521607   -0.96684954   -0.00816823
   -0.54126339   -0.75083726   -0.37851995   -0.75083726    0.63422437   -0.18439865    0.37851995    0.18439865   -0.90703902
    0.94271884   -0.26157103   -0.20703088   -0.26157103   -0.19444863   -0.94539427    0.20703088    0.94539427   -0.25172979
    0.12153219    0.99002463   -0.07128221    0.99002463   -0.11574808    0.08033435    0.07128221   -0.08033435   -0.99421589
    0.36528817   -0.92035546    0.13967955   -0.92035546   -0.33454922    0.20254048   -0.13967955   -0.20254048   -0.96926105
   -0.44846997    0.01187411    0.89371902    0.01187411    0.99990266   -0.00732643   -0.89371902    0.00732643   -0.44856731
   -0.44022943   -0.61807385    0.65129315   -0.61807385    0.73475387    0.27950218   -0.65129315   -0.27950218   -0.70547556
    0.19740484    0.73808369   -0.64518508    0.73808369    0.32124243    0.59332602    0.64518508   -0.59332602   -0.48135273
    0.69427203   -0.69604889   -0.18303632   -0.69604889   -0.58468999   -0.41671760    0.18303632    0.41671760   -0.89041797
    0.99153313    0.10478394    0.07669663    0.10478394   -0.29678110   -0.94917928   -0.07669663    0.94917928   -0.30524796
    0.32351408   -0.36199357   -0.87424213   -0.36199357    0.80629406   -0.46781465    0.87424213    0.46781465    0.12980814
    0.62941864    0.35827339   -0.68954503    0.35827339    0.65362579    0.66664346    0.68954503   -0.66664346    0.28304443
    0.55377902   -0.49796478   -0.66735289   -0.49796478    0.44429121   -0.74473915    0.66735289    0.74473915   -0.00192978
    0.98578498   -0.14403927   -0.08649088   -0.14403927   -0.45953386   -0.87640249    0.08649088    0.87640249   -0.47374889
    0.29620063   -0.24208727    0.92393665   -0.24208727    0.91672876    0.31780833   -0.92393665   -0.31780833    0.21292939
    0.99855809   -0.02187101   -0.04902455   -0.02187101    0.66825949   -0.74360669    0.04902455    0.74360669    0.66681758
    0.58305040    0.24294511   -0.77526118    0.24294511    0.85844253    0.45172346    0.77526118   -0.45172346    0.44149294
   -0.43013316    0.77488701   -0.46317986    0.77488701    0.58014407    0.25096408    0.46317986   -0.25096408   -0.84998909
    0.85680922   -0.04044219   -0.51404512   -0.04044219    0.98857768   -0.14518472    0.51404512    0.14518472    0.84538690
    0.85528001    0.49086993    0.16596028    0.49086993   -0.66496205   -0.56291402   -0.16596028    0.56291402   -0.80968203
    0.70864116    0.50162663   -0.49618387    0.50162663    0.13635957    0.85426974    0.49618387   -0.85426974   -0.15499927
    0.93034442    0.23877062    0.27829455    0.23877062    0.18152421   -0.95395888   -0.27829455    0.95395888    0.11186862
    0.99626743    0.03632860   -0.07830347    0.03632860    0.64641830    0.76211785    0.07830347   -0.76211785    0.64268573
    0.50809572    0.68923036    0.51652710    0.68923036    0.03428673   -0.72373056   -0.51652710    0.72373056   -0.45761755
    0.90289437    0.10953262   -0.41567338    0.10953262    0.87645006    0.46886874    0.41567338   -0.46886874    0.77934443
