# Rotation matrices: 88 entries, row-major flattening of 3x3 -> 1x9
# https://github.com/Neurophysics-CFIN/GFO
# Col:  1    2    3    4    5    6    7    8    9
#       R11  R12  R13  R21  R22  R23  R31  R32  R33
# where Rij = R(i,j), i = row index, j = column index

    0.70539919    0.25650156   -0.66077147    0.25650156    0.77667051    0.57531719    0.66077147   -0.57531719    0.48206970
    0.36855528   -0.56194665   -0.74052885   -0.56194665    0.49990233   -0.65902475    0.74052885    0.65902475   -0.13154239
    0.61988852   -0.18624192    0.76226779   -0.18624192    0.90874769    0.37348572   -0.76226779   -0.37348572    0.52863620
    0.24745337    0.02153545    0.96866044    0.02153545    0.99938372   -0.02771993   -0.96866044    0.02771993    0.24683709
    0.99280643    0.02194551   -0.11770211    0.02194551    0.93305057    0.35907525    0.11770211   -0.35907525    0.92585700
    0.61160947   -0.73240142   -0.29920230   -0.73240142   -0.38111462   -0.56421610    0.29920230    0.56421610   -0.76950515
    0.96962956    0.05617333    0.23804009    0.05617333    0.89610152   -0.44028015   -0.23804009    0.44028015    0.86573108
    0.66314124    0.70070097    0.26317646    0.70070097   -0.45753029   -0.54743418   -0.26317646    0.54743418   -0.79438905
    0.99088928    0.01242788    0.13410440    0.01242788    0.98304721   -0.18293093   -0.13410440    0.18293093    0.97393649
    0.80476372    0.03586753   -0.59251066    0.03586753    0.99341065    0.10885218    0.59251066   -0.10885218    0.79817437
    0.96719878    0.19597032    0.16162349    0.19597032   -0.17082128   -0.96561676   -0.16162349    0.96561676   -0.20362250
   -0.81990609   -0.49713454   -0.28392122   -0.49713454    0.86420027   -0.07755732    0.28392122    0.07755732   -0.95570581
    0.54183300   -0.13514954   -0.82954903   -0.13514954    0.96013375   -0.24469936    0.82954903    0.24469936    0.50196676
   -0.63526987    0.41829908   -0.64919802    0.41829908    0.89299985    0.16606368    0.64919802   -0.16606368   -0.74227002
    0.99970160   -0.00117485    0.02439926   -0.00117485    0.99537437    0.09606498   -0.02439926   -0.09606498    0.99507597
    0.00629248    0.58708183   -0.80950314    0.58708183    0.65315240    0.47825398    0.80950314   -0.47825398   -0.34055513
    0.89022707    0.18457272   -0.41644769    0.18457272    0.68965856    0.70021710    0.41644769   -0.70021710    0.57988563
    0.22094360   -0.85674827    0.46601107   -0.85674827    0.05781199    0.51248431   -0.46601107   -0.51248431   -0.72124442
    0.70001822    0.12877546   -0.70241823    0.12877546    0.94471958    0.30153242    0.70241823   -0.30153242    0.64473780
    0.20161341   -0.19683624    0.95948295   -0.19683624    0.95147150    0.23655334   -0.95948295   -0.23655334    0.15308491
   -0.05895758   -0.22900357    0.97163850   -0.22900357    0.95047711    0.21012049   -0.97163850   -0.21012049   -0.10848047
    0.90846385    0.06468250   -0.41292808    0.06468250    0.95429318    0.29178879    0.41292808   -0.29178879    0.86275703
    0.99977466   -0.00648140    0.02021420   -0.00648140    0.81357443    0.58142467   -0.02021420   -0.58142467    0.81334909
    0.23220162   -0.39958167   -0.88680150   -0.39958167    0.79204761   -0.46151389    0.88680150    0.46151389    0.02424923
    0.52972632    0.63020141    0.56765854    0.63020141    0.15548365   -0.76070429   -0.56765854    0.76070429   -0.31479003
    0.84730234    0.43755800    0.30103445    0.43755800   -0.25383064   -0.86261985   -0.30103445    0.86261985   -0.40652830
    0.98181432    0.08739076    0.16853337    0.08739076    0.58004623   -0.80988223   -0.16853337    0.80988223    0.56186055
    0.68098919   -0.03354822   -0.73152460   -0.03354822    0.99647196   -0.07692952    0.73152460    0.07692952    0.67746115
    0.76167025    0.23525103    0.60375109    0.23525103    0.76778792   -0.59595189   -0.60375109    0.59595189    0.52945817
    0.03966063    0.36723576    0.92928194    0.36723576    0.85956829   -0.35535934   -0.92928194    0.35535934   -0.10077108
    0.95540886    0.20016805    0.21708675    0.20016805    0.10145266   -0.97449480   -0.21708675    0.97449480    0.05686153
    0.85273660    0.12253123    0.50776608    0.12253123    0.89804729   -0.42248925   -0.50776608    0.42248925    0.75078389
    0.35745341    0.42983044    0.82913983    0.42983044    0.71246566   -0.55465167   -0.82913983    0.55465167    0.06991908
    0.90375433   -0.07160366    0.42202017   -0.07160366    0.94672919    0.31396934   -0.42202017   -0.31396934    0.85048353
    0.97429065   -0.07258708   -0.21328113   -0.07258708    0.79505962   -0.60217216    0.21328113    0.60217216    0.76935027
    0.97706481    0.19993209   -0.07329062    0.19993209   -0.74286074    0.63889364    0.07329062   -0.63889364   -0.76579593
    0.64761246    0.37161605    0.66520645    0.37161605    0.60810621   -0.70150435   -0.66520645    0.70150435    0.25571866
    0.99906163   -0.00922846   -0.04231650   -0.00922846    0.90924160   -0.41616649    0.04231650    0.41616649    0.90830324
    0.45764515    0.12326767    0.88054869    0.12326767    0.97198344   -0.20013315   -0.88054869    0.20013315    0.42962859
    0.91280995   -0.26162726   -0.31357482   -0.26162726    0.21494685   -0.94092987    0.31357482    0.94092987    0.12775681
   -0.12824238   -0.71803398    0.68409144   -0.71803398    0.54303011    0.43536824   -0.68409144   -0.43536824   -0.58521226
   -0.50004406    0.18518963    0.84596734    0.18518963    0.97713721   -0.10443985   -0.84596734    0.10443985   -0.52290686
   -0.47377839   -0.67017379    0.57131525   -0.67017379    0.69525071    0.25979517   -0.57131525   -0.25979517   -0.77852768
    0.01332389   -0.53007425   -0.84784655   -0.53007425    0.71522701   -0.45549052    0.84784655    0.45549052   -0.27144910
    0.21353434    0.58196438    0.78467862    0.58196438    0.56936131   -0.58064202   -0.78467862    0.58064202   -0.21710435
    0.80750666    0.35525051    0.47088223    0.35525051    0.34437771   -0.86902305   -0.47088223    0.86902305    0.15188436
    0.88405555   -0.38601806   -0.26350682   -0.38601806   -0.28518389   -0.87730280    0.26350682    0.87730280   -0.40112835
    0.14237691   -0.93963433    0.31115293   -0.93963433   -0.02948799    0.34090730   -0.31115293   -0.34090730   -0.88711108
    0.92030620    0.31349799   -0.23399895    0.31349799   -0.23323254    0.92050073    0.23399895   -0.92050073   -0.31292634
    0.60962591    0.71030507   -0.35188485    0.71030507   -0.29243542    0.64027200    0.35188485   -0.64027200   -0.68280950
    0.98770945    0.06517464   -0.14206444    0.06517464    0.65439024    0.75334301    0.14206444   -0.75334301    0.64209969
    0.44122394   -0.27718831   -0.85351513   -0.27718831    0.86249705   -0.42339755    0.85351513    0.42339755    0.30372099
    0.22403176   -0.71305247   -0.66435378   -0.71305247    0.34476207   -0.61048775    0.66435378    0.61048775   -0.43120617
   -0.85185949   -0.31023573    0.42200615   -0.31023573    0.94802726    0.07069726   -0.42200615   -0.07069726   -0.90383223
    0.99086803   -0.01039938   -0.13443363   -0.01039938    0.98815731   -0.15309139    0.13443363    0.15309139    0.97902534
    0.97008017    0.01376375   -0.24239436    0.01376375    0.99366839    0.11150646    0.24239436   -0.11150646    0.96374856
    0.67328243   -0.47073117    0.57017799   -0.47073117    0.32177558    0.82150632   -0.57017799   -0.82150632   -0.00494199
    0.99233192   -0.05486899   -0.11075540   -0.05486899    0.60738480   -0.79251063    0.11075540    0.79251063    0.59971672
    0.99877646   -0.04074991    0.02801852   -0.04074991   -0.35716722    0.93315113   -0.02801852   -0.93315113   -0.35839076
    0.04941197   -0.83225817   -0.55218185   -0.83225817    0.27134191   -0.48344587    0.55218185    0.48344587   -0.67924612
    0.93978129   -0.30791822   -0.14831555   -0.30791822   -0.57448781   -0.75838653    0.14831555    0.75838653   -0.63470652
    0.99205691   -0.08076236    0.09643925   -0.08076236    0.17883865    0.98055810   -0.09643925   -0.98055810    0.17089556
    0.57869024    0.47943103   -0.65974502    0.47943103    0.45442964    0.75075934    0.65974502   -0.75075934    0.03311989
    0.50646334    0.22554619   -0.83224023    0.22554619    0.89692542    0.38033367    0.83224023   -0.38033367    0.40338877
    0.62478444   -0.58034109    0.52234914   -0.58034109    0.10239388    0.80791071   -0.52234914   -0.80791071   -0.27282168
    0.23932855    0.23929397    0.94098897    0.23929397    0.92472229   -0.29601872   -0.94098897    0.29601872    0.16405084
    0.99993244    0.00615718   -0.00985908    0.00615718    0.43884432    0.89854201    0.00985908   -0.89854201    0.43877676
   -0.01606224    0.05608283    0.99829691    0.05608283    0.99690444   -0.05510225   -0.99829691    0.05510225   -0.01915781
    0.94205271   -0.17895129   -0.28374837   -0.17895129    0.44736741   -0.87626414    0.28374837    0.87626414    0.38942012
   -0.48395682    0.78197740   -0.39280675    0.78197740    0.58793366    0.20699120    0.39280675   -0.20699120   -0.89602316
    0.84169189    0.14679337   -0.51962146    0.14679337    0.86388382    0.48182616    0.51962146   -0.48182616    0.70557571
    0.26459185   -0.71313305    0.64917825   -0.71313305    0.30846735    0.62951501   -0.64917825   -0.62951501   -0.42694080
    0.78911164    0.44007363    0.42853007    0.44007363    0.08167148   -0.89423989   -0.42853007    0.89423989   -0.12921689
    0.73830472   -0.07984047    0.66972505   -0.07984047    0.97564151    0.20432605   -0.66972505   -0.20432605    0.71394623
    0.86475567    0.24133747    0.44040193    0.24133747    0.56934406   -0.78587758   -0.44040193    0.78587758    0.43409972
    0.43623583   -0.11165302    0.89287844   -0.11165302    0.97788721    0.17683382   -0.89287844   -0.17683382    0.41412304
    0.60238790   -0.59570707   -0.53128326   -0.59570707    0.10750474   -0.79597476    0.53128326    0.79597476   -0.29010736
    0.89164558   -0.28656438    0.35049824   -0.28656438    0.24212467    0.92696090   -0.35049824   -0.92696090    0.13377025
    0.99689000   -0.05831083    0.05301099   -0.05831083   -0.09329846    0.99392919   -0.05301099   -0.99392919   -0.09640846
    0.33748009   -0.06630691   -0.93899445   -0.06630691    0.99336381   -0.09397728    0.93899445    0.09397728    0.33084391
    0.88085225   -0.19744473    0.43024980   -0.19744473    0.67280607    0.71298497   -0.43024980   -0.71298497    0.55365832
   -0.27291918    0.62833824   -0.72849583    0.62833824    0.68983974    0.35960004    0.72849583   -0.35960004   -0.58307944
    0.89185812   -0.18886160   -0.41099926   -0.18886160    0.67016753   -0.71777906    0.41099926    0.71777906    0.56202565
   -0.59209044   -0.00431759   -0.80585995   -0.00431759    0.99998829   -0.00218541    0.80585995    0.00218541   -0.59210215
   -0.84170192   -0.13384123   -0.52309120   -0.13384123    0.99027341   -0.03801439    0.52309120    0.03801439   -0.85142851
    0.33672463   -0.57593239    0.74492846   -0.57593239    0.49990890    0.64683304   -0.74492846   -0.64683304   -0.16336648
    0.28962454    0.12137331   -0.94941358    0.12137331    0.97926240    0.16221487    0.94941358   -0.16221487    0.26888694
    0.98705009   -0.02872954    0.15781869   -0.02872954    0.93626316    0.35012272   -0.15781869   -0.35012272    0.92331324
