# Rotation matrices: 22 entries, row-major flattening of 3x3 -> 1x9
# https://github.com/Neurophysics-CFIN/GFO
# Col:  1    2    3    4    5    6    7    8    9
#       R11  R12  R13  R21  R22  R23  R31  R32  R33
# where Rij = R(i,j), i = row index, j = column index

    0.70933408    0.07901355   -0.70042989    0.07901355    0.97852125    0.19040228    0.70042989   -0.19040228    0.68785532
    0.90217277   -0.40747483    0.14159294   -0.40747483   -0.69723433    0.58976991   -0.14159294   -0.58976991   -0.79506156
    0.48921742    0.77356318   -0.40282293    0.77356318   -0.17153565    0.61006190    0.40282293   -0.61006190   -0.68231822
    0.94200401   -0.22227409    0.25144120   -0.22227409    0.14811750    0.96366770   -0.25144120   -0.96366770    0.09012151
   -0.82228287   -0.47486382    0.31361638   -0.47486382    0.87625651    0.08172445   -0.31361638   -0.08172445   -0.94602636
    0.35732272   -0.14810072    0.92216411   -0.14810072    0.96587117    0.21250661   -0.92216411   -0.21250661    0.32319389
   -0.06071807    0.38044910   -0.92280648    0.38044910    0.86354384    0.33098418    0.92280648   -0.33098418   -0.19717424
    0.97034258    0.01873724    0.24100661    0.01873724    0.98816201   -0.15226540   -0.24100661    0.15226540    0.95850460
    0.67190317   -0.58911023    0.44888224   -0.58911023   -0.05776963    0.80598499   -0.44888224   -0.80598499   -0.38586646
    0.93072729    0.22172905   -0.29083146    0.22172905    0.29028658    0.93089738    0.29083146   -0.93089738    0.22101387
    0.16582269    0.61278830    0.77265343    0.61278830    0.54984450   -0.56759274   -0.77265343    0.56759274   -0.28433281
    0.54252481    0.74752368    0.38324297    0.74752368   -0.22146876   -0.62622675   -0.38324297    0.62622675   -0.67894395
   -0.57812243    0.38355497   -0.72018056    0.38355497    0.90677883    0.17503638    0.72018056   -0.17503638   -0.67134359
    0.53527438    0.58805309   -0.60636202    0.58805309    0.25589117    0.76727653    0.60636202   -0.76727653   -0.20883446
    0.70208526   -0.32347658    0.63438095   -0.32347658    0.64876830    0.68881245   -0.63438095   -0.68881245    0.35085356
   -0.27076177   -0.68012520    0.68126191   -0.68012520    0.63598977    0.36461861   -0.68126191   -0.36461861   -0.63477200
    0.99369050    0.06375642    0.09227300    0.06375642    0.35575205   -0.93240313   -0.09227300    0.93240313    0.34944255
    0.94392063   -0.29496343   -0.14835909   -0.29496343   -0.55143370   -0.78033163    0.14835909    0.78033163   -0.60751307
    0.24273256   -0.00539876   -0.97007822   -0.00539876    0.99996151   -0.00691594    0.97007822    0.00691594    0.24269407
    0.99999207   -0.00071471    0.00391722   -0.00071471    0.93556618    0.35315070   -0.00391722   -0.35315070    0.93555825
    0.20285487   -0.51132036    0.83510562   -0.51132036    0.67201893    0.53566972   -0.83510562   -0.53566972   -0.12512620
   -0.26170870   -0.80281886   -0.53571488   -0.80281886    0.48917042   -0.34087267    0.53571488    0.34087267   -0.77253828
