# Rotation matrices: 42 entries, row-major flattening of 3x3 -> 1x9
# https://github.com/Neurophysics-CFIN/GFO
# Col:  1    2    3    4    5    6    7    8    9
#       R11  R12  R13  R21  R22  R23  R31  R32  R33
# where Rij = R(i,j), i = row index, j = column index

   -0.38628836   -0.43348123   -0.81417156   -0.43348123    0.86445390   -0.25458490    0.81417156    0.25458490   -0.52183446
    0.19087225   -0.65820992   -0.72823587   -0.65820992    0.46455884   -0.59240593    0.72823587    0.59240593   -0.34456891
   -0.45958615    0.82737224   -0.32285562    0.82737224    0.53100074    0.18301200    0.32285562   -0.18301200   -0.92858541
    0.73369782    0.38000551    0.56327908    0.38000551    0.45774312   -0.80378296   -0.56327908    0.80378296    0.19144094
    0.99705020   -0.03128941   -0.07008477   -0.03128941    0.66810408   -0.74340965    0.07008477    0.74340965    0.66515428
    0.91200320   -0.01516819   -0.40990253   -0.01516819    0.99738543   -0.07065576    0.40990253    0.07065576    0.90938863
   -0.14571064    0.08920441    0.98529741    0.08920441    0.99305459   -0.07671472   -0.98529741    0.07671472   -0.15265605
    0.90669326    0.22295442   -0.35804840    0.22295442    0.46725526    0.85554886    0.35804840   -0.85554886    0.37394852
    0.44226277   -0.53535965    0.71957882   -0.53535965    0.48612009    0.69070783   -0.71957882   -0.69070783   -0.07161714
    0.44844212    0.59022325    0.67121992    0.59022325    0.36840086   -0.71827385   -0.67121992    0.71827385   -0.18315702
    0.79898569   -0.48365871    0.35734594   -0.48365871   -0.16372683    0.85980683   -0.35734594   -0.85980683   -0.36474114
    0.13413222   -0.36722734   -0.92040895   -0.36722734    0.84425345   -0.39035906    0.92040895    0.39035906   -0.02161433
   -0.31745710    0.30572673   -0.89763699    0.30572673    0.92905360    0.20830403    0.89763699   -0.20830403   -0.38840349
    0.99376649   -0.07897761   -0.07868101   -0.07897761   -0.00063403   -0.99687619    0.07868101    0.99687619   -0.00686754
    0.80372933   -0.40332377   -0.43743468   -0.40332377    0.17119524   -0.89890051    0.43743468    0.89890051   -0.02507543
    0.40138510   -0.18605964   -0.89681203   -0.18605964    0.94216951   -0.27874436    0.89681203    0.27874436    0.34355462
   -0.68890102    0.14474441   -0.71025661    0.14474441    0.98759493    0.06087134    0.71025661   -0.06087134   -0.70130609
    0.20540027    0.38708690    0.89887399    0.38708690    0.81143176   -0.43788380   -0.89887399    0.43788380    0.01683203
   -0.88654732   -0.46214880    0.02126810   -0.46214880    0.88678709    0.00521006   -0.02126810   -0.00521006   -0.99976023
    0.40731327   -0.81463448    0.41287597   -0.81463448   -0.11969663    0.56748866   -0.41287597   -0.56748866   -0.71238336
    0.99849066   -0.04565297   -0.03053199   -0.04565297   -0.38086695   -0.92350212    0.03053199    0.92350212   -0.38237629
   -0.55418774    0.11535830    0.82435940    0.11535830    0.99143763   -0.06118739   -0.82435940    0.06118739   -0.56275011
    0.68370082   -0.71199622   -0.16004553   -0.71199622   -0.60271872   -0.36026592    0.16004553    0.36026592   -0.91901790
   -0.08668659    0.81457609   -0.57354270    0.81457609    0.38939690    0.42992540    0.57354270   -0.42992540   -0.69728969
    0.20415816   -0.06945193    0.97647113   -0.06945193    0.99393903    0.08521518   -0.97647113   -0.08521518    0.19809720
    0.76188497    0.61475069   -0.20399237    0.61475069   -0.58712537    0.52665491    0.20399237   -0.52665491   -0.82524040
    0.88278033   -0.04333844    0.46778271   -0.04333844    0.98397692    0.17294856   -0.46778271   -0.17294856    0.86675725
    0.98818697   -0.02936802   -0.15041287   -0.02936802    0.92698903   -0.37393696    0.15041287    0.37393696    0.91517600
    0.98443788   -0.06635657    0.16272331   -0.06635657    0.71705696    0.69384877   -0.16272331   -0.69384877    0.70149484
    0.72190865   -0.55905974   -0.40779911   -0.55905974   -0.12390331   -0.81981716    0.40779911    0.81981716   -0.40199466
    0.91169436    0.28347123    0.29741797    0.28347123    0.09002479   -0.95474583   -0.29741797    0.95474583    0.00171915
    0.68722255   -0.28342908   -0.66887452   -0.28342908    0.74316548   -0.60611304    0.66887452    0.60611304    0.43038803
   -0.46135160   -0.58916813    0.66335180   -0.58916813    0.76246710    0.26744128   -0.66335180   -0.26744128   -0.69888451
    0.48593049    0.24383063   -0.83929624    0.24383063    0.88434759    0.39809040    0.83929624   -0.39809040    0.37027808
    0.97590883    0.07982256   -0.20305249    0.07982256    0.73551967    0.67278464    0.20305249   -0.67278464    0.71142850
    0.97404408    0.03901342   -0.22297106    0.03901342    0.94136032    0.33513983    0.22297106   -0.33513983    0.91540439
    0.91092160    0.18398976    0.36928256    0.18398976    0.61997262   -0.76274617   -0.36928256    0.76274617    0.53089422
    0.59827766    0.29928381    0.74329875    0.29928381    0.77703306   -0.55375882   -0.74329875    0.55375882    0.37531072
    0.81213946    0.08439448   -0.57732753    0.08439448    0.96208662    0.25935864    0.57732753   -0.25935864    0.77422608
    0.15575049   -0.84195570   -0.51657757   -0.84195570    0.16033188   -0.51517404    0.51657757    0.51517404   -0.68391763
    0.80273005    0.20467534   -0.56011827    0.20467534    0.78764128    0.58114475    0.56011827   -0.58114475    0.59037133
    0.99753114    0.03980964    0.05785173    0.03980964    0.35808206   -0.93284105   -0.05785173    0.93284105    0.35561319
