# Rotation matrices: 55 entries, row-major flattening of 3x3 -> 1x9
# https://github.com/Neurophysics-CFIN/GFO
# Col:  1    2    3    4    5    6    7    8    9
#       R11  R12  R13  R21  R22  R23  R31  R32  R33
# where Rij = R(i,j), i = row index, j = column index

    0.96586987    0.23784663   -0.10258837    0.23784663   -0.65750967    0.71491959    0.10258837   -0.71491959   -0.69163980
    0.97860183    0.13710321    0.15343134    0.13710321    0.12154703   -0.98307122   -0.15343134    0.98307122    0.10014885
    0.75663180    0.07876758   -0.64907934    0.07876758    0.97450640    0.21007843    0.64907934   -0.21007843    0.73113820
   -0.72216277    0.49839807   -0.47966686    0.49839807    0.85576239    0.13881675    0.47966686   -0.13881675   -0.86640037
    0.48604871   -0.52305029   -0.70012501   -0.52305029    0.46768961   -0.71252005    0.70012501    0.71252005   -0.04626168
    0.67779960   -0.67975917    0.28020559   -0.67975917   -0.43411533    0.59116102   -0.28020559   -0.59116102   -0.75631573
    0.95834191    0.23929597   -0.15594298    0.23929597   -0.37458456    0.89578114    0.15594298   -0.89578114   -0.41624265
    0.99983358    0.00391036   -0.01781922    0.00391036    0.90811936    0.41869313    0.01781922   -0.41869313    0.90795294
    0.79915276   -0.05810743    0.59831296   -0.05810743    0.98318885    0.17309886   -0.59831296   -0.17309886    0.78234160
    0.99998284    0.00140959    0.00568697    0.00140959    0.88424081   -0.46702912   -0.00568697    0.46702912    0.88422365
    0.01701471    0.93305587    0.35932887    0.93305587    0.11433744   -0.34107724   -0.35932887    0.34107724   -0.86864784
    0.26942177    0.39127321    0.87995294    0.39127321    0.79044719   -0.47127330   -0.87995294    0.47127330    0.05986896
    0.48663760   -0.10810490    0.86688937   -0.10810490    0.97723505    0.18255134   -0.86688937   -0.18255134    0.46387265
    0.82173620   -0.32114079   -0.47076343   -0.32114079    0.42146745   -0.84807652    0.47076343    0.84807652    0.24320365
    0.96422864   -0.20252517    0.17101663   -0.20252517   -0.14662796    0.96823747   -0.17101663   -0.96823747   -0.18239932
    0.07780011   -0.96495282    0.25062562   -0.96495282   -0.00968776    0.26224455   -0.25062562   -0.26224455   -0.93188765
    0.44043356   -0.67010194   -0.59747943   -0.67010194    0.19752762   -0.71550418    0.59747943    0.71550418   -0.36203882
    0.30243561   -0.89136423   -0.33764257   -0.89136423   -0.13900624   -0.43144764    0.33764257    0.43144764   -0.83657063
   -0.31866250    0.93932894    0.12694623    0.93932894    0.33088348   -0.09042820   -0.12694623    0.09042820   -0.98777902
    0.96827634   -0.01738203    0.24927655   -0.01738203    0.99047604    0.13658359   -0.24927655   -0.13658359    0.95875238
   -0.20802330   -0.56095421    0.80128439   -0.56095421    0.73951692    0.37208211   -0.80128439   -0.37208211   -0.46850638
    0.05889789    0.78839483    0.61234356    0.78839483    0.33953351   -0.51298205   -0.61234356    0.51298205   -0.60156860
    0.85434026   -0.32904523    0.40228343   -0.32904523    0.25668712    0.90875792   -0.40228343   -0.90875792    0.11102737
    0.90072779    0.26905853   -0.34102339    0.26905853    0.27076779    0.92427935    0.34102339   -0.92427935    0.17149558
    0.01949129   -0.52758014   -0.84928163   -0.52758014    0.71612612   -0.45697108    0.84928163    0.45697108   -0.26438258
    0.63294723    0.34761907    0.69176497    0.34761907    0.67078570   -0.65513932   -0.69176497    0.65513932    0.30373293
    0.97399344   -0.10969690   -0.19825077   -0.10969690    0.53729326   -0.83623115    0.19825077    0.83623115    0.51128670
    0.76482716    0.15947547    0.62418507    0.15947547    0.89185645   -0.42327254   -0.62418507    0.42327254    0.65668361
    0.70854256    0.64254882    0.29171639    0.64254882   -0.41656700   -0.64311970   -0.29171639    0.64311970   -0.70802444
    0.53689836    0.52764982    0.65827488    0.52764982    0.39880512   -0.75002676   -0.65827488    0.75002676   -0.06429652
    0.48502551    0.14113131   -0.86303662    0.14113131    0.96132227    0.23651946    0.86303662   -0.23651946    0.44634778
    0.88404138   -0.00647743   -0.46736376   -0.00647743    0.99963817   -0.02610686    0.46736376    0.02610686    0.88367955
    0.35995885    0.86987677   -0.33725959    0.86987677   -0.18224523    0.45836784    0.33725959   -0.45836784   -0.82228638
    0.99261267    0.01023176    0.12089417    0.01023176    0.98582859   -0.16744346   -0.12089417    0.16744346    0.97844125
   -0.60161100   -0.15265976    0.78406581   -0.15265976    0.98544903    0.07473431   -0.78406581   -0.07473431   -0.61616198
    0.14148539    0.16955005   -0.97531260    0.16955005    0.96651516    0.19261676    0.97531260   -0.19261676    0.10800056
    0.63536212    0.04593455    0.77084693    0.04593455    0.99421348   -0.09710594   -0.77084693    0.09710594    0.62957561
    0.98905249   -0.13652595   -0.05599857   -0.13652595   -0.70260932   -0.69835579    0.05599857    0.69835579   -0.71355683
    0.09467614   -0.41946574    0.90282054   -0.41946574    0.80564800    0.41830587   -0.90282054   -0.41830587   -0.09967586
    0.96584082   -0.13629597    0.22039717   -0.13629597    0.45617569    0.87939021   -0.22039717   -0.87939021    0.42201651
    0.99861510   -0.03386208    0.04026453   -0.03386208    0.17203805    0.98450814   -0.04026453   -0.98450814    0.17065315
   -0.17660143    0.51498940   -0.83880740    0.51498940    0.77459310    0.36713955    0.83880740   -0.36713955   -0.40200832
    0.81447814    0.27589555   -0.51039888    0.27589555    0.58970683    0.75903063    0.51039888   -0.75903063    0.40418497
   -0.05066680   -0.17256953   -0.98369336   -0.17256953    0.97165586   -0.16156930    0.98369336    0.16156930   -0.07901094
    0.72202173   -0.18672159    0.66619792   -0.18672159    0.87457670    0.44749374   -0.66619792   -0.44749374    0.59659843
    0.38025489   -0.75850243    0.52922612   -0.75850243    0.07167330    0.64771676   -0.52922612   -0.64771676   -0.54807181
    0.56162669    0.69782358   -0.44454213    0.69782358   -0.11082893    0.70764341    0.44454213   -0.70764341   -0.54920224
    0.10322449    0.58861639    0.80179514    0.58861639    0.61364996   -0.52627414   -0.80179514    0.52627414   -0.28312555
    0.59204611   -0.35794666   -0.72204958   -0.35794666    0.68593065   -0.63354031    0.72204958    0.63354031    0.27797676
   -0.23814320    0.13903774   -0.96122647    0.13903774    0.98438671    0.10794128    0.96122647   -0.10794128   -0.25375649
    0.95593385    0.25078791    0.15262997    0.25078791   -0.42727626   -0.86864286   -0.15262997    0.86864286   -0.47134241
   -0.27543240   -0.77531260    0.56835497   -0.77531260    0.52870131    0.34549284   -0.56835497   -0.34549284   -0.74673109
    0.59113980   -0.70484844   -0.39209999   -0.70484844   -0.21511298   -0.67595494    0.39209999    0.67595494   -0.62397317
   -0.27190604   -0.12785458    0.95379259   -0.12785458    0.98714780    0.09587717   -0.95379259   -0.09587717   -0.28475824
    0.74060251    0.49368003   -0.45583764    0.49368003    0.06043822    0.86754092    0.45583764   -0.86754092   -0.19895928
