# Rotation matrices: 22 entries, row-major flattening of 3x3 -> 1x9
# https://github.com/Neurophysics-CFIN/GFO
# Col:  1    2    3    4    5    6    7    8    9
#       R11  R12  R13  R21  R22  R23  R31  R32  R33
# where Rij = R(i,j), i = row index, j = column index

   -0.72542736   -0.15333977    0.67100079   -0.15333977    0.98637260    0.05963225   -0.67100079   -0.05963225   -0.73905476
    0.51201882   -0.85839093   -0.03165008   -0.85839093   -0.50996602   -0.05567457    0.03165008    0.05567457   -0.99794720
   -0.31126174    0.57478582   -0.75679416    0.57478582    0.74804517    0.33173739    0.75679416   -0.33173739   -0.56321657
    0.19701769   -0.75676750   -0.62328724   -0.75676750    0.28678746   -0.58741459    0.62328724    0.58741459   -0.51619484
   -0.73633834   -0.38296596   -0.55780187   -0.38296596    0.91553321   -0.12302851    0.55780187    0.12302851   -0.82080513
    0.07133126    0.92465779    0.37405857    0.92465779    0.07933583   -0.37244300   -0.37405857    0.37244300   -0.84933291
    0.05585276    0.33134401   -0.94185541    0.33134401    0.88371639    0.33053970    0.94185541   -0.33053970   -0.06043085
    0.98378502   -0.15939637    0.08221824   -0.15939637   -0.56689657    0.80822093   -0.08221824   -0.80822093   -0.58311155
   -0.24145613   -0.16285776    0.95664847   -0.16285776    0.97863585    0.12549588   -0.95664847   -0.12549588   -0.26282028
    0.93318193    0.17002961   -0.31664083    0.17002961    0.56733157    0.80574488    0.31664083   -0.80574488    0.50051350
    0.35896763   -0.10519513    0.92740295   -0.10519513    0.98273720    0.15218932   -0.92740295   -0.15218932    0.34170482
    0.98038506    0.13504793    0.14355203    0.13504793    0.07020126   -0.98834905   -0.14355203    0.98834905    0.05058632
    0.85717147   -0.32113353   -0.40265410   -0.32113353    0.27796818   -0.90532146    0.40265410    0.90532146    0.13513965
    0.16031422   -0.75471467    0.63616438   -0.75471467    0.32165788    0.57178840   -0.63616438   -0.57178840   -0.51802790
    0.60381303    0.46850440   -0.64491353    0.46850440    0.44597782    0.76263190    0.64491353   -0.76263190    0.04979085
    0.37347263   -0.88889616    0.26529569   -0.88889616   -0.26113628    0.37639269   -0.26529569   -0.37639269   -0.88766364
    0.92514838   -0.31106826   -0.21757071   -0.31106826   -0.29273706   -0.90418004    0.21757071    0.90418004   -0.36758868
    0.33767865   -0.48221403   -0.80835806   -0.48221403    0.64891609   -0.58853848    0.80835806    0.58853848   -0.01340527
    0.98794406   -0.04642878    0.14768515   -0.04642878    0.82119752    0.56875215   -0.14768515   -0.56875215    0.80914158
    0.58569705    0.22134249   -0.77972205    0.22134249    0.88174717    0.41656864    0.77972205   -0.41656864    0.46744421
    0.61344331    0.64204192   -0.45985810    0.64204192   -0.06638389    0.76379012    0.45985810   -0.76379012   -0.45294058
    0.95439211    0.06570905    0.29123532    0.06570905    0.90533042   -0.41959403   -0.29123532    0.41959403    0.85972254
