# Rotation matrices: 74 entries, row-major flattening of 3x3 -> 1x9
# https://github.com/Neurophysics-CFIN/GFO
# Col:  1    2    3    4    5    6    7    8    9
#       R11  R12  R13  R21  R22  R23  R31  R32  R33
# where Rij = R(i,j), i = row index, j = column index

   -0.55877130    0.11206222    0.82171570    0.11206222    0.99194369   -0.05907427   -0.82171570    0.05907427   -0.56682761
   -0.15127732   -0.90807906    0.39052221   -0.90807906    0.28374548    0.30802747   -0.39052221   -0.30802747   -0.86753183
    0.87883336   -0.19558024   -0.43520144   -0.19558024    0.68430559   -0.70247721    0.43520144    0.70247721    0.56313895
    0.94592941   -0.30779060   -0.10238404   -0.30779060   -0.75206262   -0.58280937    0.10238404    0.58280937   -0.80613321
    0.95131204   -0.27409529    0.14098646   -0.27409529   -0.54305546    0.79370180   -0.14098646   -0.79370180   -0.59174342
   -0.65084325   -0.18095391   -0.73733218   -0.18095391    0.98016510   -0.08082121    0.73733218    0.08082121   -0.67067816
    0.80133293   -0.14354102   -0.58074220   -0.14354102    0.89628867   -0.41959813    0.58074220    0.41959813    0.69762161
    0.67202154   -0.68902871    0.27134200   -0.68902871   -0.44753581    0.57004485   -0.27134200   -0.57004485   -0.77551427
   -0.36918716   -0.36342334   -0.85535040   -0.36342334    0.90353654   -0.22703565    0.85535040    0.22703565   -0.46565062
    0.95751675    0.18869368   -0.21807423    0.18869368    0.16189780    0.96859888    0.21807423   -0.96859888    0.11941454
    0.97865140   -0.20100022    0.04289922   -0.20100022   -0.89244701    0.40390251   -0.04289922   -0.40390251   -0.91379561
    0.60347355   -0.37889765    0.70160975   -0.37889765    0.63794740    0.67041754   -0.70160975   -0.67041754    0.24142095
   -0.06644629    0.07992176    0.99458404    0.07992176    0.99401049   -0.07453625   -0.99458404    0.07453625   -0.07243580
    0.80471036    0.14660579    0.57528078    0.14660579    0.88994164   -0.43186875   -0.57528078    0.43186875    0.69465200
    0.98245790   -0.01459839   -0.18591225   -0.01459839    0.98785134   -0.15471463    0.18591225    0.15471463    0.97030924
    0.99831782    0.01947502    0.05461003    0.01947502    0.77453296   -0.63223367   -0.05461003    0.63223367    0.77285078
    0.01187363   -0.70050460   -0.71354911   -0.70050460    0.50339683   -0.50585071    0.71354911    0.50585071   -0.48472954
    0.97508374   -0.11945858    0.18692606   -0.11945858    0.42726757    0.89619868   -0.18692606   -0.89619868    0.40235131
    0.48608346    0.57449975   -0.65853846    0.57449975    0.35777516    0.73617048    0.65853846   -0.73617048   -0.15614138
    0.77071412   -0.47258314   -0.42739316   -0.47258314    0.02595471   -0.88090381    0.42739316    0.88090381   -0.20333116
    0.68948044    0.24318086   -0.68226080    0.24318086    0.80955490    0.53430697    0.68226080   -0.53430697    0.49903533
    0.21318869   -0.03906059    0.97622992   -0.03906059    0.99806087    0.04846412   -0.97622992   -0.04846412    0.21124956
    0.45077639    0.05633481    0.89085747    0.05633481    0.99422164   -0.09137678   -0.89085747    0.09137678    0.44499804
    0.87330666    0.25755362   -0.41352342    0.25755362    0.47642184    0.84064759    0.41352342   -0.84064759    0.34972849
    0.54862223    0.19841347    0.81218578    0.19841347    0.91278280   -0.35701492   -0.81218578    0.35701492    0.46140503
    0.99998631    0.00389534   -0.00349279    0.00389534   -0.10864159    0.99407335    0.00349279   -0.99407335   -0.10865528
    0.88199245   -0.14987224    0.44679708   -0.14987224    0.80965889    0.56744233   -0.44679708   -0.56744233    0.69165133
   -0.09977722   -0.43442521    0.89516437   -0.43442521    0.82839682    0.35360068   -0.89516437   -0.35360068   -0.27138039
   -0.31809390   -0.72215997   -0.61424852   -0.72215997    0.60434153   -0.33653573    0.61424852    0.33653573   -0.71375237
   -0.79623689   -0.35070859   -0.49296075   -0.35070859    0.93152545   -0.09624876    0.49296075    0.09624876   -0.86471144
    0.90461771    0.04136307    0.42421209    0.04136307    0.98206267   -0.18396196   -0.42421209    0.18396196    0.88668038
    0.99346856    0.00616548   -0.11393946    0.00616548    0.99417997    0.10755542    0.11393946   -0.10755542    0.98764854
    0.98855685    0.08234097   -0.12639351    0.08234097    0.40750271    0.90948420    0.12639351   -0.90948420    0.39605956
    0.19844659   -0.92729628   -0.31739654   -0.92729628   -0.07276492   -0.36718780    0.31739654    0.36718780   -0.87431834
   -0.06089743    0.29167544   -0.95457684    0.29167544    0.91980887    0.26244443    0.95457684   -0.26244443   -0.14108856
    0.90416613    0.15658197    0.39744898    0.15658197    0.74416233   -0.64938780   -0.39744898    0.64938780    0.64832846
    0.92154978   -0.31511765    0.22681903   -0.31511765   -0.26575975    0.91108321   -0.22681903   -0.91108321   -0.34420997
    0.37605910    0.43281851   -0.81929707    0.43281851    0.69976025    0.56833417    0.81929707   -0.56833417    0.07581935
    0.75609384    0.07967651   -0.64959507    0.07967651    0.97397217    0.21220240    0.64959507   -0.21220240    0.73006601
    0.99101730    0.01143379    0.13324408    0.01143379    0.98544630   -0.16960205   -0.13324408    0.16960205    0.97646360
    0.93632774    0.05193319   -0.34726547    0.05193319    0.95764158    0.28324116    0.34726547   -0.28324116    0.89396932
    0.72500490    0.07364243    0.68479537    0.07364243    0.98027890   -0.18338506   -0.68479537    0.18338506    0.70528379
    0.08693093   -0.21002312   -0.97382406   -0.21002312    0.95169072   -0.22399791    0.97382406    0.22399791    0.03862165
    0.97334338   -0.09628775    0.20816181   -0.09628775    0.65219409    0.75191192   -0.20816181   -0.75191192    0.62553747
    0.23010674    0.72215492   -0.65233669    0.72215492    0.32262333    0.61188761    0.65233669   -0.61188761   -0.44726993
    0.37792160    0.63607448    0.67274403    0.63607448    0.34961455   -0.68788002   -0.67274403    0.68788002   -0.27246385
    0.11552254    0.53123112   -0.83931403    0.53123112    0.68093421    0.50410525    0.83931403   -0.50410525   -0.20354325
    0.99185381   -0.08244577    0.09710157   -0.08244577    0.16558472    0.98274330   -0.09710157   -0.98274330    0.15743853
   -0.89335308    0.04480171    0.44711640    0.04480171    0.99893987   -0.01057995   -0.44711640    0.01057995   -0.89441321
    0.46167625    0.84084989   -0.28253583    0.84084989   -0.31338910    0.44131477    0.28253583   -0.44131477   -0.85171285
    0.84575141    0.13645136   -0.51583484    0.13645136    0.87929243    0.45631770    0.51583484   -0.45631770    0.72504384
   -0.04631696    0.38003619    0.92381125    0.38003619    0.86196582   -0.33554050   -0.92381125    0.33554050   -0.18435114
    0.89812005    0.27715693    0.34141530    0.27715693    0.24601486   -0.92879531   -0.34141530    0.92879531    0.14413491
    0.55888299   -0.66947359   -0.48934130   -0.66947359   -0.01604537   -0.74266254    0.48934130    0.74266254   -0.45716238
    0.89065098    0.18276413   -0.41633893    0.18276413    0.69453109    0.69586194    0.41633893   -0.69586194    0.58518207
    0.86011322    0.25846685    0.43977282    0.25846685    0.52243439   -0.81256211   -0.43977282    0.81256211    0.38254762
    0.51249005    0.18429009   -0.83868415    0.18429009    0.93033406    0.31704211    0.83868415   -0.31704211    0.44282411
    0.90296507   -0.28484219   -0.32174370   -0.28484219    0.16385706   -0.94446588    0.32174370    0.94446588    0.06682213
    0.28451063   -0.60419484    0.74431330   -0.60419484    0.48978779    0.62853521   -0.74431330   -0.62853521   -0.22570157
   -0.55476131   -0.80599259   -0.20643604   -0.80599259    0.58217120   -0.10701702    0.20643604    0.10701702   -0.97259011
    0.75514847   -0.04664359   -0.65389232   -0.04664359    0.99111452   -0.12456480    0.65389232    0.12456480    0.74626298
    0.79992422   -0.31614477   -0.51007227   -0.31614477    0.50045170   -0.80597803    0.51007227    0.80597803    0.30037593
    0.96396651    0.23994678    0.11486562    0.23994678   -0.59780409   -0.76488941   -0.11486562    0.76488941   -0.63383758
   -0.05741584   -0.43132352   -0.90036851   -0.43132352    0.82406167   -0.36726338    0.90036851    0.36726338   -0.23335417
    0.28946636   -0.44402154    0.84797058   -0.44402154    0.72252527    0.52990763   -0.84797058   -0.52990763    0.01199163
    0.75320926    0.62063071    0.21792965    0.62063071   -0.56076553   -0.54805068   -0.21792965    0.54805068   -0.80755627
    0.97991293    0.09039534    0.17776199    0.09039534    0.59320506   -0.79996027   -0.17776199    0.79996027    0.57311800
    0.99316955    0.06599580    0.09622265    0.06599580    0.36234853   -0.92970323   -0.09622265    0.92970323    0.35551808
    0.67527752   -0.25297329   -0.69282377   -0.25297329    0.80292252   -0.53974062    0.69282377    0.53974062    0.47820004
    0.32639717   -0.00698655   -0.94520690   -0.00698655    0.99992754   -0.00980360    0.94520690    0.00980360    0.32632470
    0.62244400   -0.49018522    0.61014909   -0.49018522    0.36358699    0.79216346   -0.61014909   -0.79216346   -0.01396902
   -0.39304611   -0.42341072    0.81623411   -0.42341072    0.87130602    0.24809105   -0.81623411   -0.24809105   -0.52174008
    0.73737082    0.41951132   -0.52942849    0.41951132    0.32989264    0.84568381    0.52942849   -0.84568381    0.06726346
    0.99991998    0.00229040   -0.01244156    0.00229040    0.93444399    0.35610276    0.01244156   -0.35610276    0.93436397
