# Rotation matrices: 24 entries, row-major flattening of 3x3 -> 1x9
# https://github.com/Neurophysics-CFIN/GFO
# Col:  1    2    3    4    5    6    7    8    9
#       R11  R12  R13  R21  R22  R23  R31  R32  R33
# where Rij = R(i,j), i = row index, j = column index

    0.77313007   -0.18716157    0.60600366   -0.18716157    0.84559675    0.49993668   -0.60600366   -0.49993668    0.61872682
    0.96416598    0.02197054   -0.26438846    0.02197054    0.98652943    0.16210174    0.26438846   -0.16210174    0.95069541
    0.97477128   -0.00878145    0.22303327   -0.00878145    0.99694341    0.07763199   -0.22303327   -0.07763199    0.97171469
    0.99134291   -0.05932908   -0.11712942   -0.05932908    0.59340394   -0.80271529    0.11712942    0.80271529    0.58474684
    0.65768056    0.04742268   -0.75180274    0.04742268    0.99343037    0.10414980    0.75180274   -0.10414980    0.65111094
    0.35101218   -0.35075774    0.86819321   -0.35075774    0.81042634    0.46923144   -0.86819321   -0.46923144    0.16143852
    0.91124597    0.20247346    0.35865760    0.20247346    0.53809980   -0.81820114   -0.35865760    0.81820114    0.44934578
    0.54378610    0.32720737   -0.77280788    0.32720737    0.76531915    0.55427604    0.77280788   -0.55427604    0.30910525
    0.13999415    0.11325492   -0.98365388    0.11325492    0.98508536    0.12953823    0.98365388   -0.12953823    0.12507952
    0.47319910    0.33928198    0.81300083    0.33928198    0.78148811   -0.52360680   -0.81300083    0.52360680    0.25468720
    0.70793974   -0.42942440   -0.56072810   -0.42942440    0.36860525   -0.82445428    0.56072810    0.82445428    0.07654499
    0.77772943    0.40483490   -0.48088006    0.40483490    0.26264957    0.87585610    0.48088006   -0.87585610    0.04037901
    0.75388575   -0.01215352    0.65689311   -0.01215352    0.99939984    0.03243844   -0.65689311   -0.03243844    0.75328559
    0.41149845   -0.20363286   -0.88837080   -0.20363286    0.92953911   -0.30739339    0.88837080    0.30739339    0.34103756
    0.99699171   -0.05215466   -0.05733607   -0.05215466    0.09579622   -0.99403369    0.05733607    0.99403369    0.09278793
    0.98512444    0.09122818   -0.14562715    0.09122818    0.44052002    0.89309548    0.14562715   -0.89309548    0.42564445
    0.99281184   -0.03604636    0.11412846   -0.03604636    0.81923875    0.57231856   -0.11412846   -0.57231856    0.81205059
    0.35445195    0.01128703    0.93500611    0.01128703    0.99980265   -0.01634803   -0.93500611    0.01634803    0.35425460
    0.78623546   -0.23628012   -0.57096892   -0.23628012    0.73883276   -0.63110843    0.57096892    0.63110843    0.52506822
    0.90606653   -0.22344945    0.35932408   -0.22344945    0.46845726    0.85476204   -0.35932408   -0.85476204    0.37452379
    0.82321450    0.14226920    0.54961565    0.14226920    0.88550800   -0.44230653   -0.54961565    0.44230653    0.70872250
    0.88708376    0.14718775   -0.43751363    0.14718775    0.80813892    0.57030453    0.43751363   -0.57030453    0.69522267
    0.99813758    0.01318067    0.05956207    0.01318067    0.90671813   -0.42153113   -0.05956207    0.42153113    0.90485571
    0.89105409   -0.06930142   -0.44857545   -0.06930142    0.95591678   -0.28534263    0.44857545    0.28534263    0.84697087
