# Rotation matrices: 33 entries, row-major flattening of 3x3 -> 1x9
# https://github.com/Neurophysics-CFIN/GFO
# Col:  1    2    3    4    5    6    7    8    9
#       R11  R12  R13  R21  R22  R23  R31  R32  R33
# where Rij = R(i,j), i = row index, j = column index

    0.98222971    0.02972192    0.18531436    0.02972192    0.95028823   -0.30994981   -0.18531436    0.30994981    0.93251794
    0.74437154   -0.05469517   -0.66552194   -0.05469517    0.98829723   -0.14239742    0.66552194    0.14239742    0.73266877
    0.89184326   -0.20199705    0.40473794   -0.20199705    0.62274375    0.75590173   -0.40473794   -0.75590173    0.51458700
    0.94000762    0.12115776    0.31891452    0.12115776    0.75531554   -0.64406462   -0.31891452    0.64406462    0.69532316
    0.34524122   -0.06930279   -0.93595172   -0.06930279    0.99266466   -0.09906559    0.93595172    0.09906559    0.33790588
    0.74521107   -0.14470630    0.65093820   -0.14470630    0.91781466    0.36969762   -0.65093820   -0.36969762    0.66302574
    0.98721679   -0.05072814   -0.15109491   -0.05072814    0.79869348   -0.59959601    0.15109491    0.59959601    0.78591027
    0.90471459    0.13471603   -0.40415727    0.13471603    0.80953633    0.57140399    0.40415727   -0.57140399    0.71425092
    0.21318518    0.21420541   -0.95324085    0.21420541    0.94168392    0.25951386    0.95324085   -0.25951386    0.15486910
    0.64563764   -0.23909343   -0.72524917   -0.23909343    0.83868018   -0.48933616    0.72524917    0.48933616    0.48431783
    0.60486970   -0.36097537    0.70980943   -0.36097537    0.67022722    0.64845374   -0.70980943   -0.64845374    0.27509692
    0.81375899    0.31421180    0.48894504    0.31421180    0.46988552   -0.82491123   -0.48894504    0.82491123    0.28364451
    0.91139674    0.22159721   -0.34677177    0.22159721    0.44578423    0.86727798    0.34677177   -0.86727798    0.35718097
    0.66411631    0.04612824    0.74620487    0.04612824    0.99366503   -0.10247928   -0.74620487    0.10247928    0.65778133
    0.94804926   -0.20688950   -0.24165955   -0.20688950    0.17607981   -0.96238902    0.24165955    0.96238902    0.12412907
    0.98792845   -0.09174756    0.12481890   -0.09174756    0.30268969    0.94866292   -0.12481890   -0.94866292    0.29061815
    0.63189193    0.32711450   -0.70264407    0.32711450    0.70931390    0.62439562    0.70264407   -0.62439562    0.34120583
    0.27987097    0.15236277    0.94787015    0.15236277    0.96776353   -0.20054757   -0.94787015    0.20054757    0.24763450
    0.64313050   -0.43861345   -0.62769531   -0.43861345    0.46091846   -0.77147418    0.62769531    0.77147418    0.10404896
    0.99956706    0.01157711   -0.02704937    0.01157711    0.69042232    0.72331390    0.02704937   -0.72331390    0.68998937
    0.69212101    0.21794751    0.68808967    0.21794751    0.84571498   -0.48709861   -0.68808967    0.48709861    0.53783599
    0.63990014    0.12694500   -0.75790024    0.12694500    0.95524843    0.26718047    0.75790024   -0.26718047    0.59514857
    0.19736182   -0.34007798   -0.91945379   -0.34007798    0.85590888   -0.38957278    0.91945379    0.38957278    0.05327070
    0.94953349    0.21697963    0.22650826    0.21697963    0.06710092   -0.97386719   -0.22650826    0.97386719    0.01663441
    0.44011712    0.44745961    0.77850936    0.44745961    0.64238931   -0.62218636   -0.77850936    0.62218636    0.08250643
    0.89763721   -0.00126244    0.44073331   -0.00126244    0.99998443    0.00543556   -0.44073331   -0.00543556    0.89762164
    0.88761809   -0.20361881   -0.41312650   -0.20361881    0.63107391   -0.74852195    0.41312650    0.74852195    0.51869200
    0.37790024   -0.14872417    0.91382303   -0.14872417    0.96444481    0.21846587   -0.91382303   -0.21846587    0.34234504
    0.99874480    0.02615134    0.04271924    0.02615134    0.45515280   -0.89002924   -0.04271924    0.89002924    0.45389760
    0.92109746    0.04334454   -0.38691177    0.04334454    0.97618899    0.21254719    0.38691177   -0.21254719    0.89728645
    0.96327494   -0.06309106    0.26099982   -0.06309106    0.89161403    0.44837924   -0.26099982   -0.44837924    0.85488897
    0.95532047   -0.03721810   -0.29321940   -0.03721810    0.96899727   -0.24425211    0.29321940    0.24425211    0.92431774
    0.99999949   -0.00006707    0.00100503   -0.00006707    0.99113211    0.13288014   -0.00100503   -0.13288014    0.99113160
