# Rotation matrices: 84 entries, row-major flattening of 3x3 -> 1x9
# https://github.com/Neurophysics-CFIN/GFO
# Col:  1    2    3    4    5    6    7    8    9
#       R11  R12  R13  R21  R22  R23  R31  R32  R33
# where Rij = R(i,j), i = row index, j = column index

    0.92678707    0.03943584    0.37351110    0.03943584    0.97875805   -0.20119017   -0.37351110    0.20119017    0.90554512
    0.99914604   -0.00226314   -0.04125617   -0.00226314    0.99400229   -0.10933588    0.04125617    0.10933588    0.99314832
    0.99975421   -0.00580282    0.02139721   -0.00580282    0.86300031    0.50517007   -0.02139721   -0.50517007    0.86275452
    0.95923426    0.11204376    0.25945294    0.11204376    0.69205014   -0.71310083   -0.25945294    0.71310083    0.65128440
    0.96930700    0.04718935   -0.24128220    0.04718935    0.92744813    0.37096245    0.24128220   -0.37096245    0.89675513
    0.99961585   -0.00319593    0.02753051   -0.00319593    0.97341124    0.22904222   -0.02753051   -0.22904222    0.97302710
    0.97062088   -0.07901238   -0.22727111   -0.07901238    0.78750365   -0.61122422    0.22727111    0.61122422    0.75812452
    0.86284948    0.11765898   -0.49157618    0.11765898    0.89906246    0.42171442    0.49157618   -0.42171442    0.76191194
    0.80369059    0.02479608    0.59453056    0.02479608    0.99686798   -0.07509587   -0.59453056    0.07509587    0.80055857
    0.61711283   -0.02836597   -0.78636323   -0.02836597    0.99789852   -0.05825725    0.78636323    0.05825725    0.61501136
    0.96358375   -0.04783487    0.26309350   -0.04783487    0.93716611    0.34558864   -0.26309350   -0.34558864    0.90074985
    0.99136134    0.02118797    0.12943633    0.02118797    0.94803244   -0.31746743   -0.12943633    0.31746743    0.93939378
    0.50741260    0.11738230   -0.85367081    0.11738230    0.97202810    0.20342754    0.85367081   -0.20342754    0.47944070
    0.85362237   -0.11660187    0.50767397   -0.11660187    0.90711699    0.40440422   -0.50767397   -0.40440422    0.76073936
    0.74331247   -0.13245641   -0.65569953   -0.13245641    0.93164958   -0.33835537    0.65569953    0.33835537    0.67496205
    0.99963958   -0.01073588    0.02460574   -0.01073588    0.68020539    0.73294295   -0.02460574   -0.73294295    0.67984498
    0.82262830    0.19349913    0.53464079    0.19349913    0.78890706   -0.58325272   -0.53464079    0.58325272    0.61153536
    0.35639491   -0.03203667   -0.93378601   -0.03203667    0.99840531   -0.04648098    0.93378601    0.04648098    0.35480022
    0.82774924   -0.28787991    0.48161848   -0.28787991    0.51887097    0.80492116   -0.48161848   -0.80492116    0.34662021
    0.99967148   -0.01112519   -0.02309024   -0.01112519    0.62324850   -0.78194471    0.02309024    0.78194471    0.62291998
    0.69255871    0.20565306   -0.69142552    0.20565306    0.86243494    0.46250708    0.69142552   -0.46250708    0.55499365
    0.50314256   -0.06372751    0.86185055   -0.06372751    0.99182624    0.11054195   -0.86185055   -0.11054195    0.49496880
    0.85101363   -0.17661985   -0.49455155   -0.17661985    0.79062132   -0.58627925    0.49455155    0.58627925    0.64163494
    0.99981412   -0.01026969    0.01631740   -0.01026969    0.43260746    0.90152389   -0.01631740   -0.90152389    0.43242158
    0.86186141    0.24083363    0.44631163    0.24083363    0.58012574   -0.77810879   -0.44631163    0.77810879    0.44198716
    0.46018439    0.27815210   -0.84312617    0.27815210    0.85667589    0.43443967    0.84312617   -0.43443967    0.31686028
    0.66924006   -0.18674741    0.71919618   -0.18674741    0.89456221    0.40605893   -0.71919618   -0.40605893    0.56380227
    0.79088092   -0.28344410   -0.54237148   -0.28344410    0.61581433   -0.73514091    0.54237148    0.73514091    0.40669525
    0.96568782    0.11748098   -0.23161446    0.11748098    0.59775858    0.79302138    0.23161446   -0.79302138    0.56344639
    0.61800606    0.06403036    0.78356150    0.06403036    0.98926714   -0.13134168   -0.78356150    0.13134168    0.60727320
    0.15567347   -0.26569014    0.95140660   -0.26569014    0.91639342    0.29938578   -0.95140660   -0.29938578    0.07206689
    0.61791027   -0.43220706    0.65679826   -0.43220706    0.51110190    0.74294812   -0.65679826   -0.74294812    0.12901217
    0.99565927    0.06067962    0.07057340    0.06067962    0.15175211   -0.98655425   -0.07057340    0.98655425    0.14741138
    0.72620066    0.41241953   -0.55003884    0.41241953    0.37877910    0.82851465    0.55003884   -0.82851465    0.10497976
    0.12869286    0.17414533    0.97627432    0.17414533    0.96519414   -0.19512478   -0.97627432    0.19512478    0.09388700
    0.44538480   -0.38292237   -0.80932246   -0.38292237    0.73561932   -0.55877963    0.80932246    0.55877963    0.18100412
    0.96184492   -0.18576410   -0.20086326   -0.18576410    0.09557781   -0.97793486    0.20086326    0.97793486    0.05742274
    0.42193515    0.49022733    0.76265844    0.49022733    0.58426320   -0.64677174   -0.76265844    0.64677174    0.00619834
    0.23244194    0.15265702   -0.96055535    0.15265702    0.96963856    0.19104159    0.96055535   -0.19104159    0.20208050
    0.65330776   -0.41942568   -0.63029443   -0.41942568    0.49258194   -0.76252549    0.63029443    0.76252549    0.14588970
    0.81601379   -0.37502800    0.43985850   -0.37502800    0.23556229    0.89658486   -0.43985850   -0.89658486    0.05157608
    0.91246499    0.27469371   -0.30323423    0.27469371    0.13798334    0.95157972    0.30323423   -0.95157972    0.05044833
    0.39993769    0.31321450    0.86136317    0.31321450    0.83651144   -0.44960571   -0.86136317    0.44960571    0.23644913
    0.43184667   -0.22953147    0.87225212   -0.22953147    0.90727029    0.35238605   -0.87225212   -0.35238605    0.33911696
    0.36309196   -0.41368188    0.83488414   -0.41368188    0.73130705    0.54227050   -0.83488414   -0.54227050    0.09439901
    0.95712358    0.16685792   -0.23679715    0.16685792    0.35065559    0.92151999    0.23679715   -0.92151999    0.30777917
    0.64850293    0.32223652    0.68964308    0.32223652    0.70458822   -0.63223339   -0.68964308    0.63223339    0.35309115
    0.06128299   -0.04842511   -0.99694504   -0.04842511    0.99750192   -0.05142889    0.99694504    0.05142889    0.05878491
    0.95404827   -0.17869392    0.24054187   -0.17869392    0.30510744    0.93540255   -0.24054187   -0.93540255    0.25915571
    0.90110800    0.26127423    0.34603490    0.26127423    0.30970936   -0.91422967   -0.34603490    0.91422967    0.21081736
    0.22330639    0.37186983   -0.90102557    0.37186983    0.82195403    0.43139820    0.90102557   -0.43139820    0.04526041
    0.24248158   -0.05502418    0.96859436   -0.05502418    0.99600319    0.07035619   -0.96859436   -0.07035619    0.23848476
    0.88764273   -0.26727733   -0.37503761   -0.26727733    0.36419627   -0.89214568    0.37503761    0.89214568    0.25183900
    0.99989697    0.00943684   -0.01081606    0.00943684    0.13561608    0.99071652    0.01081606   -0.99071652    0.13551306
    0.70637958    0.39823517    0.58518086    0.39823517    0.45987663   -0.79367641   -0.58518086    0.79367641    0.16625621
    0.28139566   -0.23744197   -0.92975147   -0.23744197    0.92154418   -0.30720942    0.92975147    0.30720942    0.20293984
    0.63083989   -0.31212878    0.71036375   -0.31212878    0.73609181    0.60062007   -0.71036375   -0.60062007    0.36693171
    0.99141036   -0.07356274   -0.10813890   -0.07356274    0.36999967   -0.92611488    0.10813890    0.92611488    0.36141003
    0.83697702    0.27655034   -0.47221752    0.27655034    0.53086314    0.80106444    0.47221752   -0.80106444    0.36784015
    0.39039716    0.12420908    0.91222923    0.12420908    0.97469189   -0.18587044   -0.91222923    0.18587044    0.36508905
    0.64016546   -0.26688550   -0.72038900   -0.26688550    0.80205382   -0.53430496    0.72038900    0.53430496    0.44221928
    0.95248313   -0.14064429    0.27017600   -0.14064429    0.58370959    0.79968887   -0.27017600   -0.79968887    0.53619272
    0.98053449    0.10376898    0.16668569    0.10376898    0.44681645   -0.88858711   -0.16668569    0.88858711    0.42735094
    0.62297521    0.35136737   -0.69888687    0.35136737    0.67254399    0.65132599    0.69888687   -0.65132599    0.29551921
    0.72467392   -0.06969837    0.68555805   -0.06969837    0.98235597    0.17354796   -0.68555805   -0.17354796    0.70702989
    0.94397377   -0.15127884   -0.29330569   -0.15127884    0.59152545   -0.79196739    0.29330569    0.79196739    0.53549923
    0.84927413    0.19938668   -0.48885418    0.19938668    0.73624271    0.64667737    0.48885418   -0.64667737    0.58551684
    0.61430258    0.20393419    0.76226189    0.20393419    0.89217156   -0.40303940   -0.76226189    0.40303940    0.50647413
    0.52017519   -0.16692987   -0.83758713   -0.16692987    0.94192551   -0.29139449    0.83758713    0.29139449    0.46210070
    0.95620928   -0.09418138    0.27711673   -0.09418138    0.79744263    0.59599926   -0.27711673   -0.59599926    0.75365191
    0.99813152    0.01834404    0.05828350    0.01834404    0.81990515   -0.57220542   -0.05828350    0.57220542    0.81803667
    0.72409880    0.08121299   -0.68489808    0.08121299    0.97609452    0.20160340    0.68489808   -0.20160340    0.70019332
    0.89650449   -0.03229623    0.44185591   -0.03229623    0.98992182    0.13788309   -0.44185591   -0.13788309    0.88642631
    0.90117981   -0.08981344   -0.42403831   -0.08981344    0.91837240   -0.38539030    0.42403831    0.38539030    0.81955221
    0.96668355    0.08302181   -0.24213692    0.08302181    0.79311656    0.60338503    0.24213692   -0.60338503    0.75980012
    0.93777527    0.08900166    0.33564303    0.08900166    0.87269859   -0.48007903   -0.33564303    0.48007903    0.81047386
    0.81101096   -0.02973644   -0.58427473   -0.02973644    0.99532113   -0.09193258    0.58427473    0.09193258    0.80633209
    0.83346724   -0.20481971    0.51320682   -0.20481971    0.74809093    0.63119636   -0.51320682   -0.63119636    0.58155817
    0.98810879   -0.02990991   -0.15081915   -0.02990991    0.92476772   -0.37935480    0.15081915    0.37935480    0.91287651
    0.88243374    0.03835376   -0.46887064    0.03835376    0.98748781    0.15296016    0.46887064   -0.15296016    0.86992156
    0.79974696    0.11797081    0.58863205    0.11797081    0.93050236   -0.34676827   -0.58863205    0.34676827    0.73024933
    0.94140064   -0.02597852   -0.33628849   -0.02597852    0.98848309   -0.14908487    0.33628849    0.14908487    0.92988373
    0.97612116    0.01117848   -0.21693899    0.01117848    0.99476698    0.10155638    0.21693899   -0.10155638    0.97088814
    0.97799354   -0.00153963    0.20862947   -0.00153963    0.99989228    0.01459627   -0.20862947   -0.01459627    0.97788583
