# Rotation matrices: 20 entries, row-major flattening of 3x3 -> 1x9
# https://github.com/Neurophysics-CFIN/GFO
# Col:  1    2    3    4    5    6    7    8    9
#       R11  R12  R13  R21  R22  R23  R31  R32  R33
# where Rij = R(i,j), i = row index, j = column index

    0.85633562    0.49492004   -0.14745663    0.49492004   -0.70498664    0.50798425    0.14745663   -0.50798425   -0.84865102
    0.29982596   -0.83440906    0.46245640   -0.83440906    0.00562084    0.55111698   -0.46245640   -0.55111698   -0.69455320
    0.89336358   -0.20647588    0.39908548   -0.20647588    0.60020893    0.77273343   -0.39908548   -0.77273343    0.49357251
   -0.21342393    0.35593136    0.90981487    0.35593136    0.89559532   -0.26687429   -0.90981487    0.26687429   -0.31782861
    0.94590742    0.28426488    0.15637339    0.28426488   -0.49385587   -0.82176630   -0.15637339    0.82176630   -0.54794846
    0.56284583    0.59051095    0.57836095    0.59051095    0.20233363   -0.78125407   -0.57836095    0.78125407   -0.23482054
    0.12489684   -0.56868768   -0.81301605   -0.56868768    0.63043708   -0.52834024    0.81301605    0.52834024   -0.24466608
    0.98887038   -0.00522668   -0.14868780   -0.00522668    0.99754546   -0.06982651    0.14868780    0.06982651    0.98641583
    0.88323842   -0.45652828   -0.10710662   -0.45652828   -0.78498839   -0.41877818    0.10710662    0.41877818   -0.90174997
    0.99168791   -0.06790883   -0.10928622   -0.06790883    0.44519258   -0.89285607    0.10928622    0.89285607    0.43688049
   -0.35325522    0.67125912   -0.65163022    0.67125912    0.66703339    0.32323003    0.65163022   -0.32323003   -0.68622183
   -0.68360687   -0.15480248    0.71324458   -0.15480248    0.98576639    0.06558065   -0.71324458   -0.06558065   -0.69784048
    0.99924549    0.02835844    0.02653776    0.02835844   -0.06585658   -0.99742604   -0.02653776    0.99742604   -0.06661109
   -0.26309376   -0.01059386   -0.96471210   -0.01059386    0.99991115   -0.00809126    0.96471210    0.00809126   -0.26318261
    0.73978130   -0.40149208   -0.53993309   -0.40149208    0.38053687   -0.83306410    0.53993309    0.83306410    0.12031818
    0.36584137   -0.24755441   -0.89714932   -0.24755441    0.90336300   -0.35021722    0.89714932    0.35021722    0.26920437
    0.17636014    0.51346780   -0.83979040    0.51346780    0.67989749    0.52353626    0.83979040   -0.52353626   -0.14374236
   -0.56443130   -0.56207054   -0.60456101   -0.56207054    0.79805870   -0.21720732    0.60456101    0.21720732   -0.76637260
    0.69511213    0.57353078   -0.43345308    0.57353078   -0.07888043    0.81537741    0.43345308   -0.81537741   -0.38376829
    0.86446471    0.11834051   -0.48856553    0.11834051    0.89667283    0.42658336    0.48856553   -0.42658336    0.76113754
