# Rotation matrices: 32 entries, row-major flattening of 3x3 -> 1x9
# https://github.com/Neurophysics-CFIN/GFO
# Col:  1    2    3    4    5    6    7    8    9
#       R11  R12  R13  R21  R22  R23  R31  R32  R33
# where Rij = R(i,j), i = row index, j = column index

    0.97113026    0.03965446    0.23523082    0.03965446    0.94553202   -0.32310483   -0.23523082    0.32310483    0.91666228
    0.96797457   -0.04526019   -0.24693470   -0.04526019    0.93603568   -0.34898241    0.24693470    0.34898241    0.90401025
    0.99238644   -0.02878989    0.11975098   -0.02878989    0.89113403    0.45282589   -0.11975098   -0.45282589    0.88352047
    0.78024614    0.12901819    0.61202146    0.12901819    0.92425301   -0.35931975   -0.61202146    0.35931975    0.70449915
    0.85736660   -0.00456198   -0.51468602   -0.00456198    0.99985409   -0.01646170    0.51468602    0.01646170    0.85722069
    0.81814177   -0.15894039    0.55261378   -0.15894039    0.86108933    0.48297321   -0.55261378   -0.48297321    0.67923110
    0.83202553   -0.22405299   -0.50747786   -0.22405299    0.70114659   -0.67690008    0.50747786    0.67690008    0.53317212
    0.93354296    0.13955435   -0.33018498    0.13955435    0.70694726    0.69336149    0.33018498   -0.69336149    0.64049023
    0.46203556    0.21970537    0.85921632    0.21970537    0.91027204   -0.35090506   -0.85921632    0.35090506    0.37230761
    0.27949600   -0.12700680   -0.95170965   -0.12700680    0.97761188   -0.16776256    0.95170965    0.16776256    0.25710789
    0.92008192   -0.23921001    0.31020612   -0.23921001    0.28399900    0.92850587   -0.31020612   -0.92850587    0.20408091
    0.94596560    0.12978611    0.29716099    0.12978611    0.68826462   -0.71375583   -0.29716099    0.71375583    0.63423022
    0.33305433    0.47099581    0.81684623    0.47099581    0.66738362   -0.57685531   -0.81684623    0.57685531    0.00043795
    0.28474475   -0.16927155    0.94353991   -0.16927155    0.95994037    0.22329716   -0.94353991   -0.22329716    0.24468513
    0.72690176   -0.40922409   -0.55149748   -0.40922409    0.38679810   -0.82639148    0.55149748    0.82639148    0.11369986
    0.96368031    0.17579607    0.20103732    0.17579607    0.14910460   -0.97306914   -0.20103732    0.97306914    0.11278491
    0.78063938    0.36145288   -0.50985682    0.36145288    0.40441368    0.84011987    0.50985682   -0.84011987    0.18505306
    0.07179885    0.17159127   -0.98254840    0.17159127    0.96827890    0.18163813    0.98254840   -0.18163813    0.04007775
    0.35856919   -0.40628955   -0.84045044   -0.40628955    0.74265160   -0.53235084    0.84045044    0.53235084    0.10122079
    0.99232735    0.07106516   -0.10117402    0.07106516    0.34178486    0.93708743    0.10117402   -0.93708743    0.33411221
    0.76627861    0.32348720    0.55513343    0.32348720    0.55227047   -0.76834456   -0.55513343    0.76834456    0.31854907
    0.57078587    0.08064819   -0.81712873    0.08064819    0.98484642    0.15353631    0.81712873   -0.15353631    0.55563229
    0.64175106   -0.33096796    0.69182063   -0.33096796    0.69423555    0.63913787   -0.69182063   -0.63913787    0.33598661
    0.98163222   -0.11053615   -0.15549903   -0.11053615    0.33480046   -0.93578331    0.15549903    0.93578331    0.31643268
    0.64734515    0.26567049   -0.71439726    0.26567049    0.79985868    0.53818704    0.71439726   -0.53818704    0.44720383
    0.58986752   -0.03278786    0.80683410   -0.03278786    0.99737879    0.06450199   -0.80683410   -0.06450199    0.58724631
    0.67471803   -0.14369445   -0.72395268   -0.14369445    0.93652247   -0.31980864    0.72395268    0.31980864    0.61124050
    0.97924294   -0.08667571    0.18322279   -0.08667571    0.63806636    0.76508734   -0.18322279   -0.76508734    0.61730930
    0.99405815   -0.04133812   -0.10069533   -0.04133812    0.71240600   -0.70054896    0.10069533    0.70054896    0.70646415
    0.93528656    0.06543812   -0.34778859    0.06543812    0.93382909    0.35168321    0.34778859   -0.35168321    0.86911565
    0.88173766   -0.02327582    0.47116552   -0.02327582    0.99541897    0.09273252   -0.47116552   -0.09273252    0.87715662
    0.99995325   -0.00023397    0.00966663   -0.00023397    0.99882910    0.04837738   -0.00966663   -0.04837738    0.99878235
