# Rotation matrices: 37 entries, row-major flattening of 3x3 -> 1x9
# https://github.com/Neurophysics-CFIN/GFO
# Col:  1    2    3    4    5    6    7    8    9
#       R11  R12  R13  R21  R22  R23  R31  R32  R33
# where Rij = R(i,j), i = row index, j = column index

   -0.32440967    0.28272102    0.90267779    0.28272102    0.93964769   -0.19269414   -0.90267779    0.19269414   -0.38476197
    0.88666665   -0.06695029   -0.45753679   -0.06695029    0.96044993   -0.27028426    0.45753679    0.27028426    0.84711658
    0.82679507   -0.20408906   -0.52417322   -0.20408906    0.75951986   -0.61763844    0.52417322    0.61763844    0.58631493
    0.08592417    0.28065309   -0.95595548    0.28065309    0.91382973    0.29351160    0.95595548   -0.29351160   -0.00024609
    0.18190580    0.93516228   -0.30394373    0.93516228   -0.06898263    0.34743764    0.30394373   -0.34743764   -0.88707683
    0.22830558   -0.88918543   -0.39651713   -0.88918543   -0.02456453   -0.45688714    0.39651713    0.45688714   -0.79625894
    0.21346046    0.79378071   -0.56951455    0.79378071    0.19891146    0.57475771    0.56951455   -0.57475771   -0.58762808
    0.84492983   -0.30742835   -0.43770012   -0.30742835    0.39051986   -0.86774538    0.43770012    0.86774538    0.23544969
    0.98025340    0.06388567   -0.18714136    0.06388567    0.79331230    0.60545373    0.18714136   -0.60545373    0.77356570
    0.16009905   -0.57769975    0.80039446   -0.57769975    0.60264719    0.55052644   -0.80039446   -0.55052644   -0.23725376
    0.57503290   -0.13438143   -0.80701846   -0.13438143    0.95750643   -0.25519221    0.80701846    0.25519221    0.53253933
    0.81667310    0.37085591   -0.44216619    0.37085591    0.24978763    0.89446746    0.44216619   -0.89446746    0.06646073
   -0.43456565    0.83290136    0.34267771    0.83290136    0.51642180   -0.19895690   -0.34267771    0.19895690   -0.91814385
    0.38302787    0.58426285   -0.71549045    0.58426285    0.44671233    0.67755813    0.71549045   -0.67755813   -0.17025981
    0.01325219   -0.47026356   -0.88242652   -0.47026356    0.77588213   -0.42054619    0.88242652    0.42054619   -0.21086567
    0.92558389   -0.01175960    0.37835984   -0.01175960    0.99814169    0.05979031   -0.37835984   -0.05979031    0.92372558
    0.14463469   -0.13007940   -0.98089763   -0.13007940    0.98021822   -0.14916968    0.98089763    0.14916968    0.12485291
    0.66703733   -0.74311589    0.05329140   -0.74311589   -0.65850793    0.11893731   -0.05329140   -0.11893731   -0.99147060
    0.98485287   -0.07543493    0.15612299   -0.07543493    0.62432288    0.77751561   -0.15612299   -0.77751561    0.60917575
   -0.03332690    0.79273760    0.60865131    0.79273760    0.39183534   -0.46693914   -0.60865131    0.46693914   -0.64149156
   -0.71118770    0.15772011    0.68508133    0.15772011    0.98546294   -0.06314392   -0.68508133    0.06314392   -0.72572475
    0.89010354    0.21507601   -0.40181836    0.21507601    0.57907935    0.78639012    0.40181836   -0.78639012    0.46918289
   -0.44819508   -0.49813214   -0.74228400   -0.49813214    0.82865870   -0.25532163    0.74228400    0.25532163   -0.61953638
   -0.30771755   -0.04284520   -0.95051260   -0.04284520    0.99859625   -0.03114197    0.95051260    0.03114197   -0.30912130
    0.73307880    0.05762385    0.67769829    0.05762385    0.98755997   -0.14630380   -0.67769829    0.14630380    0.72063877
    0.93482903   -0.35004827   -0.05967321   -0.35004827   -0.88018979   -0.32051857    0.05967321    0.32051857   -0.94536075
   -0.19260972    0.48900330   -0.85075100    0.48900330    0.79949499    0.34883168    0.85075100   -0.34883168   -0.39311473
    0.88537273   -0.35419200   -0.30110324   -0.35419200   -0.09443389   -0.93039254    0.30110324    0.93039254   -0.20906116
    0.98689376    0.12940522    0.09641053    0.12940522   -0.27769015   -0.95191516   -0.09641053    0.95191516   -0.29079638
    0.99990553   -0.01032187    0.00907732   -0.01032187   -0.12773013    0.99175525   -0.00907732   -0.99175525   -0.12782461
    0.97777480    0.07984944    0.19385695    0.07984944    0.71312154   -0.69647810   -0.19385695    0.69647810    0.69089633
    0.33725094   -0.74112529   -0.58051279   -0.74112529    0.17122976   -0.64916382    0.58051279    0.64916382   -0.49151931
    0.52107628   -0.54054554   -0.66052255   -0.54054554    0.38990394   -0.74551019    0.66052255    0.74551019   -0.08901979
    0.23551843    0.61160914    0.75529155    0.61160914    0.51069357   -0.60425684   -0.75529155    0.60425684   -0.25378799
    0.98703875   -0.07812195   -0.14018368   -0.07812195    0.52913186   -0.84493576    0.14018368    0.84493576    0.51617061
    0.98778545   -0.04307702   -0.14974739   -0.04307702    0.84808046   -0.52811353    0.14974739    0.52811353    0.83586591
    0.82732747    0.44813151   -0.33868481    0.44813151   -0.16302143    0.87897791    0.33868481   -0.87897791   -0.33569396
