# Rotation matrices: 18 entries, row-major flattening of 3x3 -> 1x9
# https://github.com/Neurophysics-CFIN/GFO
# Col:  1    2    3    4    5    6    7    8    9
#       R11  R12  R13  R21  R22  R23  R31  R32  R33
# where Rij = R(i,j), i = row index, j = column index

    0.90726796    0.16773217    0.38565629    0.16773217    0.69660883   -0.69756867   -0.38565629    0.69756867    0.60387679
    0.95122111    0.03536034    0.30647682    0.03536034    0.97436691   -0.22216834   -0.30647682    0.22216834    0.92558802
    0.92507081   -0.24391306    0.29111923   -0.24391306    0.20600257    0.94766522   -0.29111923   -0.94766522    0.13107338
    0.95663520   -0.08582842   -0.27835691   -0.08582842    0.83012679   -0.55092921    0.27835691    0.55092921    0.78676200
    0.48041428   -0.32065024    0.81632441   -0.32065024    0.80211817    0.50377562   -0.81632441   -0.50377562    0.28253245
    0.75239182    0.15638146   -0.63988388    0.15638146    0.90123444    0.40413033    0.63988388   -0.40413033    0.65362626
    0.97941559   -0.10986515   -0.16933619   -0.10986515    0.41361677   -0.90379799    0.16933619    0.90379799    0.39303237
    0.58043180   -0.35582450   -0.73245331   -0.35582450    0.69823482   -0.62117394    0.73245331    0.62117394    0.27866662
    0.52325735    0.18237542    0.83243075    0.18237542    0.93023323   -0.31844205   -0.83243075    0.31844205    0.45349058
    0.59053516   -0.06681627   -0.80424114   -0.06681627    0.98909695   -0.13123567    0.80424114    0.13123567    0.57963211
    0.38059245    0.41824837   -0.82475311    0.41824837    0.71758224    0.55690577    0.82475311   -0.55690577    0.09817469
    0.94435881    0.16086041   -0.28689782    0.16086041    0.53494751    0.82943058    0.28689782   -0.82943058    0.47930633
    0.95199338   -0.00588997   -0.30606195   -0.00588997    0.99927736   -0.03755097    0.30606195    0.03755097    0.95127073
    0.99991556   -0.00263262    0.01272571   -0.00263262    0.91792236    0.39675131   -0.01272571   -0.39675131    0.91783792
    0.01946814   -0.01236999   -0.99973395   -0.01236999    0.99984395   -0.01261224    0.99973395    0.01261224    0.01931209
    0.86808892    0.32132735    0.37837859    0.32132735    0.21726614   -0.92170720   -0.37837859    0.92170720    0.08535506
    0.74844121   -0.07352153    0.65911329   -0.07352153    0.97851232    0.19263497   -0.65911329   -0.19263497    0.72695353
    0.93349229   -0.14508878    0.32793505   -0.14508878    0.68348403    0.71540117   -0.32793505   -0.71540117    0.61697631
