# Rotation matrices: 16 entries, row-major flattening of 3x3 -> 1x9
# https://github.com/Neurophysics-CFIN/GFO
# Col:  1    2    3    4    5    6    7    8    9
#       R11  R12  R13  R21  R22  R23  R31  R32  R33
# where Rij = R(i,j), i = row index, j = column index

    0.95013833    0.03515286    0.30984098    0.03515286    0.97521697   -0.21844025   -0.30984098    0.21844025    0.92535530
    0.89897780   -0.16155528   -0.40711032   -0.16155528    0.74163989   -0.65105312    0.40711032    0.65105312    0.64061769
    0.96598800   -0.05345952    0.25300053   -0.05345952    0.91597319    0.39766216   -0.25300053   -0.39766216    0.88196119
    0.96042410    0.11228968    0.25490505    0.11228968    0.68139773   -0.72324834   -0.25490505    0.72324834    0.64182182
    0.56916972    0.28625508   -0.77078133    0.28625508    0.80980452    0.51212758    0.77078133   -0.51212758    0.37897424
    0.96684760   -0.16326325   -0.19634367   -0.16326325    0.19598922   -0.96691951    0.19634367    0.96691951    0.16283682
    0.99949981   -0.01712434    0.02658735   -0.01712434    0.41373700    0.91023538   -0.02658735   -0.91023538    0.41323681
    0.81775190    0.37425065    0.43728513    0.37425065    0.23146773   -0.89797502   -0.43728513    0.89797502    0.04921963
    0.50760538    0.30258381    0.80670925    0.30258381    0.81405775   -0.49573482   -0.80670925    0.49573482    0.32166313
    0.05409508    0.00437324   -0.99852621    0.00437324    0.99997978    0.00461652    0.99852621   -0.00461652    0.05407487
    0.45896169   -0.43234509   -0.77616486   -0.43234509    0.65451194   -0.62023531    0.77616486    0.62023531    0.11347363
    0.93663692    0.10568430   -0.33397921    0.10568430    0.82372748    0.55704925    0.33397921   -0.55704925    0.76036440
    0.57482055   -0.02728535    0.81782446   -0.02728535    0.99824900    0.05248284   -0.81782446   -0.05248284    0.57306955
    0.61969935   -0.06048338   -0.78250526   -0.06048338    0.99038067   -0.12445038    0.78250526    0.12445038    0.61008001
    0.72032903   -0.27434590    0.63707175   -0.27434590    0.73087779    0.62494159   -0.63707175   -0.62494159    0.45120682
    0.95754254   -0.01296865   -0.28800017   -0.01296865    0.99603872   -0.08796981    0.28800017    0.08796981    0.95358126
