# Rotation matrices: 77 entries, row-major flattening of 3x3 -> 1x9
# https://github.com/Neurophysics-CFIN/GFO
# Col:  1    2    3    4    5    6    7    8    9
#       R11  R12  R13  R21  R22  R23  R31  R32  R33
# where Rij = R(i,j), i = row index, j = column index

    0.36784850   -0.37498508    0.85092518   -0.37498508    0.77756311    0.50475914   -0.85092518   -0.50475914    0.14541161
    0.95658764   -0.23289107    0.17521942   -0.23289107   -0.24937330    0.93998655   -0.17521942   -0.93998655   -0.29278567
    0.90130069   -0.20639778   -0.38086353   -0.20639778    0.56838562   -0.79645323    0.38086353    0.79645323    0.46968630
    0.82578969    0.22297835    0.51802707    0.22297835    0.71460160   -0.66304239   -0.51802707    0.66304239    0.54039129
    0.39897071   -0.36894559   -0.83946502   -0.36894559    0.77352044   -0.51531085    0.83946502    0.51531085    0.17249116
    0.06721703   -0.78961817   -0.60990574   -0.78961817    0.33157350   -0.51629658    0.60990574    0.51629658   -0.60120948
   -0.59342172   -0.36191851   -0.71893369   -0.36191851    0.91779640   -0.16329350    0.71893369    0.16329350   -0.67562532
   -0.43611059    0.07442028    0.89681056    0.07442028    0.99614349   -0.04647337   -0.89681056    0.04647337   -0.43996710
    0.99721704    0.02663934    0.06963137    0.02663934    0.74500050   -0.66653177   -0.06963137    0.66653177    0.74221754
    0.17732780    0.67325681    0.71783015    0.67325681    0.44902146   -0.58745638   -0.71783015    0.58745638   -0.37365074
    0.99682001   -0.01934755   -0.07730159   -0.01934755    0.88228640   -0.47031519    0.07730159    0.47031519    0.87910641
   -0.53067840    0.33746632   -0.77749400    0.33746632    0.92559932    0.17141291    0.77749400   -0.17141291   -0.60507908
    0.94091819    0.10567437    0.32172331    0.10567437    0.81098967   -0.57543781   -0.32172331    0.57543781    0.75190786
   -0.06211918   -0.65738253    0.75099229   -0.65738253    0.59312307    0.46481527   -0.75099229   -0.46481527   -0.46899611
    0.79092708    0.18512104   -0.58323628    0.18512104    0.83608686    0.51641937    0.58323628   -0.51641937    0.62701394
    0.71185451   -0.50787713    0.48510204   -0.50787713    0.10483009    0.85502718   -0.48510204   -0.85502718   -0.18331540
    0.99888244    0.03787475    0.02827337    0.03787475   -0.28359199   -0.95819679   -0.02827337    0.95819679   -0.28470955
    0.92934489    0.24624409    0.27510346    0.24624409    0.14180083   -0.95877858   -0.27510346    0.95877858    0.07114572
    0.71995499    0.46434625    0.51579780    0.46434625    0.23006149   -0.85525100   -0.51579780    0.85525100   -0.04998352
    0.98378163   -0.08918766    0.15562542   -0.08918766    0.50954148    0.85581133   -0.15562542   -0.85581133    0.49332311
    0.51927808   -0.48952440   -0.70051134   -0.48952440    0.50151194   -0.71333838    0.70051134    0.71333838    0.02079002
    0.37377179   -0.67129290    0.64004725   -0.67129290    0.28039945    0.68610639   -0.64004725   -0.68610639   -0.34582876
    0.82053339    0.06799777   -0.56753966    0.06799777    0.97423645    0.21503403    0.56753966   -0.21503403    0.79476984
    0.63009996    0.68834507    0.35938156    0.68834507   -0.28093777   -0.66877128   -0.35938156    0.66877128   -0.65083782
    0.13737353   -0.91810265    0.37177416   -0.91810265    0.02285345    0.39568325   -0.37177416   -0.39568325   -0.83977303
    0.80193599    0.29356366   -0.52030669    0.29356366    0.56489006    0.77118066    0.52030669   -0.77118066    0.36682605
    0.99966760    0.01048089   -0.02355486    0.01048089    0.66952291    0.74271746    0.02355486   -0.74271746    0.66919051
   -0.14600506    0.02346707    0.98900547    0.02346707    0.99951946   -0.02025215   -0.98900547    0.02025215   -0.14648560
    0.03694393   -0.97072974   -0.23731606   -0.97072974    0.02153544   -0.23920700    0.23731606    0.23920700   -0.94152063
   -0.90095857    0.29905213   -0.31439065    0.29905213    0.95295417    0.04945883    0.31439065   -0.04945883   -0.94800440
   -0.22905830   -0.55203312   -0.80174293   -0.55203312    0.75205361   -0.36010387    0.80174293    0.36010387   -0.47700469
    0.49849953    0.49274998   -0.71322904    0.49274998    0.51584782    0.70078419    0.71322904   -0.70078419    0.01434735
    0.83471856   -0.18532195   -0.51855637   -0.18532195    0.79220762   -0.58143174    0.51855637    0.58143174    0.62692617
    0.09466992   -0.25692707   -0.96178276   -0.25692707    0.92708569   -0.27294799    0.96178276    0.27294799    0.02175561
    0.13542658    0.50986472   -0.84952787    0.50986472    0.69931757    0.50099191    0.84952787   -0.50099191   -0.16525585
    0.99999943   -0.00075840    0.00074864   -0.00075840   -0.01295189    0.99991583   -0.00074864   -0.99991583   -0.01295246
    0.81459865    0.03888791    0.57871994    0.03888791    0.99184327   -0.12138642   -0.57871994    0.12138642    0.80644192
    0.92582704   -0.25755512   -0.27660380   -0.25755512    0.10567631   -0.96046753    0.27660380    0.96046753    0.03150335
   -0.14560415    0.79202146   -0.59287557    0.79202146    0.45243042    0.40988868    0.59287557   -0.40988868   -0.69317374
    0.77925481   -0.10938669   -0.61708710   -0.10938669    0.94579520   -0.30578748    0.61708710    0.30578748    0.72505002
    0.97990993    0.16150101   -0.11702117    0.16150101   -0.29828194    0.94071532    0.11702117   -0.94071532   -0.31837201
    0.88341764    0.35796237    0.30238420    0.35796237   -0.09911195   -0.92846096   -0.30238420    0.92846096   -0.21569431
   -0.07315136    0.64629726   -0.75957141    0.64629726    0.61077238    0.45744612    0.75957141   -0.45744612   -0.46237897
    0.85800941   -0.04639558    0.51153427   -0.04639558    0.98484019    0.16714439   -0.51153427   -0.16714439    0.84284960
   -0.45537776   -0.05324229   -0.88870488   -0.05324229    0.99805223   -0.03251162    0.88870488    0.03251162   -0.45732553
    0.07071127    0.26738291   -0.96099235    0.26738291    0.92306630    0.27650495    0.96099235   -0.27650495   -0.00622243
    0.78993901   -0.56255666    0.24398027   -0.56255666   -0.50656240    0.65339462   -0.24398027   -0.65339462   -0.71662340
   -0.02650829   -0.98024484    0.19600346   -0.98024484    0.06393356    0.18716983   -0.19600346   -0.18716983   -0.96257472
    0.10021670   -0.89475678   -0.43516309   -0.89475678    0.11024166   -0.43273211    0.43516309    0.43273211   -0.78954164
   -0.01930105    0.93070003   -0.36527377    0.93070003    0.15019950    0.33352297    0.36527377   -0.33352297   -0.86910155
    0.36800492    0.17159577    0.91385298    0.17159577    0.95340928   -0.24812425   -0.91385298    0.24812425    0.32141420
    0.30962177   -0.18285529    0.93311216   -0.18285529    0.95156850    0.24714640   -0.93311216   -0.24714640    0.26119027
    0.86837752   -0.47522361   -0.14171451   -0.47522361   -0.71579719   -0.51166093    0.14171451    0.51166093   -0.84741967
    0.88279278    0.44716168    0.14395600    0.44716168   -0.70598346   -0.54921197   -0.14395600    0.54921197   -0.82319067
    0.98744346   -0.13868124    0.07565005   -0.13868124   -0.53167070    0.83552007   -0.07565005   -0.83552007   -0.54422724
    0.95699353    0.01701100   -0.28961011    0.01701100    0.99327138    0.11455389    0.28961011   -0.11455389    0.95026491
    0.67593845   -0.51844435   -0.52375822   -0.51844435    0.17057564   -0.83792566    0.52375822    0.83792566   -0.15348591
    0.65909109    0.35698282    0.66193821    0.35698282    0.62618539   -0.69314871   -0.66193821    0.69314871    0.28527648
   -0.15160612    0.01617460   -0.98830864    0.01617460    0.99977282    0.01388104    0.98830864   -0.01388104   -0.15183330
   -0.33989835    0.55050078    0.76250771    0.55050078    0.77382530   -0.31327831   -0.76250771    0.31327831   -0.56607305
    0.70376926    0.00765739   -0.71038735    0.00765739    0.99980206    0.01836308    0.71038735   -0.01836308    0.70357133
    0.99436585    0.01510557    0.10492080    0.01510557    0.95950082   -0.28130054   -0.10492080    0.28130054    0.95386667
   -0.19459090    0.37920968    0.90461837    0.37920968    0.87962408   -0.28716111   -0.90461837    0.28716111   -0.31496682
    0.87999208   -0.02342320   -0.47441047   -0.02342320    0.99542825   -0.09259566    0.47441047    0.09259566    0.87542033
    0.86578814    0.43379247   -0.24946941    0.43379247   -0.40208109    0.80632183    0.24946941   -0.80632183   -0.53629295
    0.63728989   -0.33346776    0.69473797   -0.33346776    0.69341701    0.63872694   -0.69473797   -0.63872694    0.33070690
    0.94270498   -0.19989083    0.26711604   -0.19989083    0.30262104    0.93191425   -0.26711604   -0.93191425    0.24532602
   -0.37725711   -0.92590438   -0.01944626   -0.92590438    0.37753169   -0.01307336    0.01944626    0.01307336   -0.99972543
    0.71186118   -0.63143646   -0.30747627   -0.63143646   -0.38374969   -0.67381316    0.30747627    0.67381316   -0.67188851
    0.85127003   -0.24451640    0.46427478   -0.24451640    0.59800793    0.76328124   -0.46427478   -0.76328124    0.44927796
    0.96464134    0.13087925   -0.22877437    0.13087925    0.51555358    0.84680288    0.22877437   -0.84680288    0.48019492
    0.99801845    0.00940721   -0.06221474    0.00940721    0.95534015    0.29535859    0.06221474   -0.29535859    0.95335861
    0.12419501    0.91896346    0.37427498    0.91896346    0.03575128   -0.39271874   -0.37427498    0.39271874   -0.84005371
    0.73395450    0.52234213   -0.43413074    0.52234213   -0.02554372    0.85235334    0.43413074   -0.85235334   -0.29158922
   -0.21057017   -0.31906698    0.92404354   -0.31906698    0.91590431    0.24354787   -0.92404354   -0.24354787   -0.29466586
    0.37203287    0.37199179   -0.85041969    0.37199179    0.77964151    0.50376704    0.85041969   -0.50376704    0.15167438
   -0.46928209   -0.35008596    0.81068745   -0.35008596    0.91658499    0.19316256   -0.81068745   -0.19316256   -0.55269710
