# Rotation matrices: 67 entries, row-major flattening of 3x3 -> 1x9
# https://github.com/Neurophysics-CFIN/GFO
# Col:  1    2    3    4    5    6    7    8    9
#       R11  R12  R13  R21  R22  R23  R31  R32  R33
# where Rij = R(i,j), i = row index, j = column index

    0.78756958   -0.10085615    0.60791628   -0.10085615    0.95211626    0.28862202   -0.60791628   -0.28862202    0.73968583
   -0.85914893   -0.12005323   -0.49744380   -0.12005323    0.99224765   -0.03212208    0.49744380    0.03212208   -0.86690129
    0.99059278    0.06116472   -0.12241252    0.06116472    0.60231369    0.79591275    0.12241252   -0.79591275    0.59290647
    0.34191425   -0.00800692   -0.93969704   -0.00800692    0.99990258   -0.01143328    0.93969704    0.01143328    0.34181683
   -0.12209937   -0.78255896    0.61048605   -0.78255896    0.45423860    0.42575671   -0.61048605   -0.42575671   -0.66786077
   -0.14243719   -0.50339562   -0.85223500   -0.50339562    0.77818723   -0.37552294    0.85223500    0.37552294   -0.36424995
    0.80903050    0.31002542   -0.49935348    0.31002542    0.49669576    0.81066489    0.49935348   -0.81066489    0.30572625
    0.99914416   -0.00675103    0.04080902   -0.00675103    0.94674677    0.32190833   -0.04080902   -0.32190833    0.94589093
    0.31070097   -0.40682125    0.85904678   -0.40682125    0.75989589    0.50700563   -0.85904678   -0.50700563    0.07059686
    0.91957228   -0.12489622    0.37254228   -0.12489622    0.80604863    0.57852099   -0.37254228   -0.57852099    0.72562091
    0.21823009   -0.22335749   -0.94999319   -0.22335749    0.93618510   -0.27142014    0.94999319    0.27142014    0.15441519
   -0.25260001    0.87968667   -0.40292008    0.87968667    0.38220610    0.28296617    0.40292008   -0.28296617   -0.87039391
   -0.03642345    0.07472014    0.99653913    0.07472014    0.99461311   -0.07184471   -0.99653913    0.07184471   -0.04181034
    0.99668369   -0.02622461    0.07703181   -0.02622461    0.79262215    0.60914892   -0.07703181   -0.60914892    0.78930583
    0.94403565   -0.05457391    0.32529738   -0.05457391    0.94678198    0.31721533   -0.32529738   -0.31721533    0.89081763
    0.21067983    0.94347443    0.25587107    0.94347443   -0.12773503   -0.30584270   -0.25587107    0.30584270   -0.91705520
    0.23649807    0.25574283    0.93737093    0.25574283    0.91433631   -0.31398204   -0.93737093    0.31398204    0.15083438
    0.02324010    0.63329838   -0.77355870    0.63329838    0.58939056    0.50154953    0.77355870   -0.50154953   -0.38736934
    0.99828020   -0.05622625    0.01659085   -0.05622625   -0.83822900    0.54241198   -0.01659085   -0.54241198   -0.83994880
    0.98870744   -0.11968962   -0.09017762   -0.11968962   -0.26858729   -0.95579039    0.09017762    0.95579039   -0.27987985
    0.67944633   -0.56092037    0.47299157   -0.56092037    0.01847433    0.82766360   -0.47299157   -0.82766360   -0.30207935
    0.80200320   -0.45196496   -0.39053622   -0.45196496   -0.03169510   -0.89147243    0.39053622    0.89147243   -0.22969190
    0.71101198   -0.21503786    0.66949285   -0.21503786    0.83998893    0.49817398   -0.66949285   -0.49817398    0.55100091
    0.83816488    0.22206046    0.49816542    0.22206046    0.69530193   -0.68355276   -0.49816542    0.68355276    0.53346682
    0.38064554   -0.62631174   -0.68032535   -0.62631174    0.36665283   -0.68796752    0.68032535    0.68796752   -0.25270163
    0.84406407   -0.23749382    0.48078324   -0.23749382    0.63829173    0.73224337   -0.48078324   -0.73224337    0.48235581
    0.98904789   -0.13363929    0.06264835   -0.13363929   -0.63068632    0.76444445   -0.06264835   -0.76444445   -0.64163843
    0.64248318    0.71175528   -0.28393622    0.71175528   -0.41698392    0.56526881    0.28393622   -0.56526881   -0.77450074
   -0.65910499    0.31254634   -0.68402880    0.31254634    0.94112174    0.12885905    0.68402880   -0.12885905   -0.71798325
    0.97073930    0.10953100    0.21370114    0.10953100    0.58999480   -0.79994318   -0.21370114    0.79994318    0.56073410
    0.51966134    0.13464883   -0.84369531    0.13464883    0.96225516    0.23650519    0.84369531   -0.23650519    0.48191650
   -0.05681904    0.39046440    0.91886297    0.39046440    0.85573458   -0.33949358   -0.91886297    0.33949358   -0.20108446
    0.88061942    0.27152353    0.38830968    0.27152353    0.38243701   -0.88318566   -0.38830968    0.88318566    0.26305643
    0.57061616   -0.06400883    0.81871855   -0.06400883    0.99045812    0.12204748   -0.81871855   -0.12204748    0.56107428
    0.99950374   -0.02210554   -0.02244154   -0.02210554    0.01532873   -0.99963812    0.02244154    0.99963812    0.01483247
    0.68306045    0.22591922   -0.69454224    0.22591922    0.83896142    0.49508003    0.69454224   -0.49508003    0.52202187
    0.65650785    0.48482577    0.57787664    0.48482577    0.31568733   -0.81565034   -0.57787664    0.81565034   -0.02780482
   -0.86723749    0.27517973    0.41494006    0.27517973    0.95944604   -0.06115081   -0.41494006    0.06115081   -0.90779145
   -0.61818649   -0.57541376    0.53548527   -0.57541376    0.79538761    0.19041414   -0.53548527   -0.19041414   -0.82279887
    0.51207369   -0.20238855   -0.83475709   -0.20238855    0.91605059   -0.34625163    0.83475709    0.34625163    0.42812428
    0.67089812    0.37245796    0.64122600    0.37245796    0.57847421   -0.72570149   -0.64122600    0.72570149    0.24937233
    0.97177535   -0.02998993   -0.23399417   -0.02998993    0.96813439   -0.24862906    0.23399417    0.24862906    0.93990974
    0.98320829    0.14646992   -0.10884860    0.14646992   -0.27762093    0.94945942    0.10884860   -0.94945942   -0.29441264
   -0.64566129    0.36110578    0.67284777    0.36110578    0.92076293   -0.14764230   -0.67284777    0.14764230   -0.72489836
    0.95416297   -0.24703287    0.16896088   -0.24703287   -0.33135252    0.91059336   -0.16896088   -0.91059336   -0.37718954
   -0.97277004   -0.08943701   -0.21382110   -0.08943701    0.99594531   -0.00969374    0.21382110    0.00969374   -0.97682474
   -0.30652000    0.04670168   -0.95071786    0.04670168    0.99833064    0.03398350    0.95071786   -0.03398350   -0.30818936
    0.47383924   -0.81977714    0.32162372   -0.81977714   -0.27724188    0.50110117   -0.32162372   -0.50110117   -0.80340264
   -0.07367200    0.85583971    0.51196760    0.85583971    0.31779761   -0.40809689   -0.51196760    0.40809689   -0.75587439
    0.64230574   -0.47150807   -0.60425448   -0.47150807    0.37846400   -0.79652065    0.60425448    0.79652065    0.02076974
    0.91654810   -0.16482895   -0.36437754   -0.16482895    0.67444021   -0.71969565    0.36437754    0.71969565    0.59098831
    0.62465753   -0.05369694   -0.77905045   -0.05369694    0.99231805   -0.11145189    0.77905045    0.11145189    0.61697558
    0.29909558    0.48455958   -0.82203640    0.48455958    0.66500713    0.56830233    0.82203640   -0.56830233   -0.03589730
    0.99578115    0.00077396   -0.09175673    0.00077396    0.99985802    0.01683299    0.09175673   -0.01683299    0.99563917
   -0.09304234    0.79700180   -0.59676734    0.79700180    0.41885887    0.43513835    0.59676734   -0.43513835   -0.67418348
    0.87305688    0.19690941   -0.44609233    0.19690941    0.69456151    0.69196170    0.44609233   -0.69196170    0.56761839
    0.99513427    0.01438395    0.09747246    0.01438395    0.95747852   -0.28814577   -0.09747246    0.28814577    0.95261279
    0.72139720   -0.27275854   -0.63654447   -0.27275854    0.73296313   -0.62319165    0.63654447    0.62319165    0.45436033
    0.92348386   -0.33486603   -0.18719587   -0.33486603   -0.46551128   -0.81924599    0.18719587    0.81924599   -0.54202742
    0.92605126    0.25575510   -0.27752187    0.25575510    0.11545928    0.95982211    0.27752187   -0.95982211    0.04151054
   -0.09484573   -0.22588234   -0.96952641   -0.22588234    0.95339724   -0.20002717    0.96952641    0.20002717   -0.14144848
    0.48525304   -0.38447091   -0.78530988   -0.38447091    0.71283389   -0.58655773    0.78530988    0.58655773    0.19808693
    0.96949766    0.07542362   -0.23320714    0.07542362    0.81349884    0.57665494    0.23320714   -0.57665494    0.78299649
    0.96789220    0.14218610   -0.20728678    0.14218610    0.37034352    0.91794814    0.20728678   -0.91794814    0.33823571
    0.24211833    0.61750722    0.74837393    0.61750722    0.49686714   -0.60976051   -0.74837393    0.60976051   -0.26101453
    0.91123010   -0.27352992   -0.30796280   -0.27352992    0.15716231   -0.94893698    0.30796280    0.94893698    0.06839241
   -0.38081396    0.38985645   -0.83844659    0.38985645    0.88992865    0.23672545    0.83844659   -0.23672545   -0.49088531
