# Rotation matrices: 83 entries, row-major flattening of 3x3 -> 1x9
# https://github.com/Neurophysics-CFIN/GFO
# Col:  1    2    3    4    5    6    7    8    9
#       R11  R12  R13  R21  R22  R23  R31  R32  R33
# where Rij = R(i,j), i = row index, j = column index

    0.57147671    0.11150200    0.81300780    0.11150200    0.97098712   -0.21154508   -0.81300780    0.21154508    0.54246382
    0.98115541    0.07494739    0.17809254    0.07494739    0.70192452   -0.70829716   -0.17809254    0.70829716    0.68307993
    0.92228085   -0.24325713    0.30037311   -0.24325713    0.23861712    0.94015309   -0.30037311   -0.94015309    0.16089796
    0.99252479    0.02901923    0.11854296    0.02901923    0.88734561   -0.46019088   -0.11854296    0.46019088    0.87987040
    0.99678055   -0.02631031   -0.07573842   -0.02631031    0.78498440   -0.61895659    0.07573842    0.61895659    0.78176495
    0.99933552   -0.02129387    0.02958202   -0.02129387    0.31762173    0.94797838   -0.02958202   -0.94797838    0.31695724
    0.49351314   -0.16603275   -0.85374346   -0.16603275    0.94557238   -0.27986783    0.85374346    0.27986783    0.43908552
    0.99326368    0.03063478   -0.11175316    0.03063478    0.86068204    0.50822036    0.11175316   -0.50822036    0.85394573
    0.99910431    0.00124989   -0.04229673    0.00124989    0.99825583    0.05902325    0.04229673   -0.05902325    0.99736014
    0.97244590   -0.04826456   -0.22807785   -0.04826456    0.91545841   -0.39950774    0.22807785    0.39950774    0.88790431
    0.99907096   -0.01951827    0.03842215   -0.01951827    0.58994083    0.80721054   -0.03842215   -0.80721054    0.58901178
    0.46344611    0.25714993    0.84799270    0.25714993    0.87675779   -0.40641074   -0.84799270    0.40641074    0.34020390
    0.26142145   -0.07682458   -0.96216257   -0.07682458    0.99200895   -0.10008108    0.96216257    0.10008108    0.25343041
    0.84065642   -0.14662580    0.52134217   -0.14662580    0.86507693    0.47973198   -0.52134217   -0.47973198    0.70573336
    0.68447866   -0.06229446   -0.72636655   -0.06229446    0.98770099   -0.14340903    0.72636655    0.14340903    0.67217965
    0.95334627   -0.06685283    0.29438341   -0.06685283    0.90420270    0.42183903   -0.29438341   -0.42183903    0.85754897
    0.85897453    0.28727371    0.42383554    0.28727371    0.41481360   -0.86336753   -0.42383554    0.86336753    0.27378814
    0.26174116    0.15144312   -0.95318233    0.15144312    0.96893363    0.19553157    0.95318233   -0.19553157    0.23067479
    0.71950783   -0.25673115    0.64528877   -0.25673115    0.76501703    0.59062514   -0.64528877   -0.59062514    0.48452486
    0.97056809    0.12578966    0.20536442    0.12578966    0.46238497   -0.87771129   -0.20536442    0.87771129    0.43295306
    0.66036200    0.29710067   -0.68967617    0.29710067    0.74010915    0.60329896    0.68967617   -0.60329896    0.40047115
    0.93001014    0.06342120    0.36202057    0.06342120    0.94253099   -0.32804434   -0.36202057    0.32804434    0.87254112
    0.70793350   -0.44311026    0.54998496   -0.44311026    0.32773289    0.83441264   -0.54998496   -0.83441264    0.03566639
    0.99760663   -0.04830113    0.04947738   -0.04830113    0.02522391    0.99851427   -0.04947738   -0.99851427    0.02283054
    0.81624104    0.38041862   -0.43477838    0.38041862    0.21245568    0.90008014    0.43477838   -0.90008014    0.02869672
    0.15125588    0.28020513    0.94794870    0.28020513    0.90749283   -0.31295662   -0.94794870    0.31295662    0.05874871
    0.02233535    0.04821289    0.99858733    0.04821289    0.99762241   -0.04924468   -0.99858733    0.04924468    0.01995776
    0.90967050   -0.26728863   -0.31789365   -0.26728863    0.20908220   -0.94066010    0.31789365    0.94066010    0.11875269
    0.96248108    0.13982480   -0.23254933    0.13982480    0.47890356    0.86666049    0.23254933   -0.86666049    0.44138465
    0.72751039    0.19996875    0.65630872    0.19996875    0.85325129   -0.48163756   -0.65630872    0.48163756    0.58076168
    0.84455123    0.00208981   -0.53547069    0.00208981    0.99997191    0.00719872    0.53547069   -0.00719872    0.84452313
    0.49952007   -0.23424743    0.83403108   -0.23424743    0.89036152    0.39036458   -0.83403108   -0.39036458    0.38988159
    0.93078070   -0.19329220   -0.31029892   -0.19329220    0.46023909   -0.86649761    0.31029892    0.86649761    0.39101978
    0.96659158    0.16701497    0.19443948    0.16701497    0.16506071   -0.97203959   -0.19443948    0.97203959    0.13165229
    0.06266404   -0.22225310   -0.97297316   -0.22225310    0.94730124   -0.23070309    0.97297316    0.23070309    0.00996528
    0.68008128   -0.13146366    0.72125360   -0.13146366    0.94597786    0.29638352   -0.72125360   -0.29638352    0.62605915
    0.57712692    0.43021140   -0.69414888    0.43021140    0.56232293    0.70619478    0.69414888   -0.70619478    0.13944986
    0.52861963    0.18995371   -0.82733239    0.18995371    0.92345372    0.33339287    0.82733239   -0.33339287    0.45207335
    0.48197587    0.01916509   -0.87597487    0.01916509    0.99929096    0.03240802    0.87597487   -0.03240802    0.48126682
    0.91405789   -0.15918518    0.37303922   -0.15918518    0.70515130    0.69095711   -0.37303922   -0.69095711    0.61920919
    0.99873888   -0.02406675   -0.04406188   -0.02406675    0.54072054   -0.84085795    0.04406188    0.84085795    0.53945942
    0.81982352    0.30753851   -0.48302117    0.30753851    0.47507056    0.82445620    0.48302117   -0.82445620    0.29489408
    0.64342465    0.43096647    0.63267102    0.43096647    0.47912243   -0.76466306   -0.63267102    0.76466306    0.12254709
    0.86508387    0.21597259    0.45275351    0.21597259    0.65427292   -0.72476396   -0.45275351    0.72476396    0.51935679
    0.60030533   -0.30519654   -0.73924866   -0.30519654    0.76695979   -0.56447121    0.73924866    0.56447121    0.36726513
    0.95297406   -0.12221587   -0.27731520   -0.12221587    0.68237276   -0.72071540    0.27731520    0.72071540    0.63534682
    0.86161739    0.20818740   -0.46289684    0.20818740    0.68679596    0.69639738    0.46289684   -0.69639738    0.54841335
    0.75248898   -0.35168712   -0.55684514   -0.35168712    0.50028961   -0.79121835    0.55684514    0.79121835    0.25277859
    0.99762897   -0.04145784   -0.05493343   -0.04145784    0.27510238   -0.96052065    0.05493343    0.96052065    0.27273135
    0.97659078    0.08364753   -0.19817552    0.08364753    0.70110453    0.70813524    0.19817552   -0.70813524    0.67769532
    0.75432808    0.17430744   -0.63293449    0.17430744    0.87632659    0.44907530    0.63293449   -0.44907530    0.63065467
    0.88290788    0.01214246    0.46938922    0.01214246    0.99874083   -0.04867570   -0.46938922    0.04867570    0.88164870
    0.89366704   -0.12774257   -0.43016399   -0.12774257    0.84653710   -0.51677536    0.43016399    0.51677536    0.74020414
    0.96191441    0.17331869   -0.21137953    0.17331869    0.21126687    0.96193916    0.21137953   -0.96193916    0.17318128
    0.30869553    0.09384643    0.94651990    0.09384643    0.98726009   -0.12849261   -0.94651990    0.12849261    0.29595563
    0.31516528   -0.36168464    0.87741385   -0.36168464    0.80898197    0.46339226   -0.87741385   -0.46339226    0.12414726
    0.57816915   -0.38917064    0.71712387   -0.38917064    0.64096086    0.66160063   -0.71712387   -0.66160063    0.21913001
    0.47499479   -0.45893108   -0.75084100   -0.45893108    0.59882735   -0.65634448    0.75084100    0.65634448    0.07382214
    0.37512935    0.42102015    0.82584502    0.42102015    0.71632854   -0.55643099   -0.82584502    0.55643099    0.09145789
    0.27463202   -0.12471757    0.95342686   -0.12471757    0.97855644    0.16392932   -0.95342686   -0.16392932    0.25318846
    0.33430894   -0.31756040   -0.88735164   -0.31756040    0.84851140   -0.42330107    0.88735164    0.42330107    0.18282034
    0.85151606   -0.06264834    0.52057236   -0.06264834    0.97356741    0.21963989   -0.52057236   -0.21963989    0.82508347
    0.90492323    0.12928717    0.40546118    0.12928717    0.82419288   -0.55135372   -0.40546118    0.55135372    0.72911611
    0.91842058    0.11019945   -0.37994700    0.11019945    0.85113993    0.51324156    0.37994700   -0.51324156    0.76956051
    0.80985215   -0.30075244    0.50367396   -0.30075244    0.52430684    0.79664942   -0.50367396   -0.79664942    0.33415900
    0.81472765   -0.23611829   -0.52959137   -0.23611829    0.69908168   -0.67493182    0.52959137    0.67493182    0.51380933
    0.98931351   -0.04856005    0.13747983   -0.04856005    0.77934027    0.62471646   -0.13747983   -0.62471646    0.76865378
    0.97993425    0.01323031    0.19888142    0.01323031    0.99127662   -0.13113209   -0.19888142    0.13113209    0.97121087
    0.72268398   -0.17276426   -0.66923865   -0.17276426    0.89237012   -0.41692694    0.66923865    0.41692694    0.61505410
    0.50514506   -0.04803179    0.86169682   -0.04803179    0.99533792    0.08363834   -0.86169682   -0.08363834    0.50048298
    0.95272055   -0.15644282    0.26047877   -0.15644282    0.48234678    0.86189746   -0.26047877   -0.86189746    0.43506734
    0.96514383    0.03232127   -0.25971663    0.03232127    0.97002929    0.24082882    0.25971663   -0.24082882    0.93517311
    0.99893237   -0.00550962   -0.04586691   -0.00550962    0.97156715   -0.23670005    0.04586691    0.23670005    0.97049952
    0.95656956   -0.01047000   -0.29131607   -0.01047000    0.99747594   -0.07022906    0.29131607    0.07022906    0.95404551
    0.86109892    0.07554309   -0.50279409    0.07554309    0.95891495    0.27345084    0.50279409   -0.27345084    0.82001386
    0.66367050    0.31933255    0.67643787    0.31933255    0.69680543   -0.64225300   -0.67643787    0.64225300    0.36047593
    0.37306945    0.33860081   -0.86381056    0.33860081    0.81712407    0.46653804    0.86381056   -0.46653804    0.19019352
    0.78888359    0.09531549    0.60710595    0.09531549    0.95696666   -0.27409809   -0.60710595    0.27409809    0.74585026
    0.96533561   -0.01897076    0.26032149   -0.01897076    0.98961788    0.14246597   -0.26032149   -0.14246597    0.95495349
    0.86934295   -0.07019242   -0.48919920   -0.07019242    0.96229077   -0.26281075    0.48919920    0.26281075    0.83163373
    0.71598852   -0.00062500    0.69811177   -0.00062500    0.99999862    0.00153627   -0.69811177   -0.00153627    0.71598714
    0.68762115    0.07016965   -0.72267100    0.07016965    0.98423779    0.16233357    0.72267100   -0.16233357    0.67185895
    0.99908963   -0.00693010    0.04209367   -0.00693010    0.94724508    0.32043523   -0.04209367   -0.32043523    0.94633471
