# Rotation matrices: 30 entries, row-major flattening of 3x3 -> 1x9
# https://github.com/Neurophysics-CFIN/GFO
# Col:  1    2    3    4    5    6    7    8    9
#       R11  R12  R13  R21  R22  R23  R31  R32  R33
# where Rij = R(i,j), i = row index, j = column index

    0.88487118   -0.12844457    0.44777784   -0.12844457    0.85669958    0.49956763   -0.44777784   -0.49956763    0.74157076
    0.98042219   -0.08469088   -0.17776328   -0.08469088    0.63363904   -0.76897921    0.17776328    0.76897921    0.61406123
    0.99999974   -0.00036816    0.00061559   -0.00036816    0.47311696    0.88099955   -0.00061559   -0.88099955    0.47311670
    0.99888393    0.01151565    0.04580696    0.01151565    0.88118073   -0.47263931   -0.04580696    0.47263931    0.88006466
    0.55689408    0.03143387   -0.82998849    0.03143387    0.99777009    0.05887927    0.82998849   -0.05887927    0.55466416
    0.79080023   -0.02716590    0.61147119   -0.02716590    0.99647234    0.07940336   -0.61147119   -0.07940336    0.78727257
    0.78712274   -0.28130903   -0.54891075   -0.28130903    0.62826102   -0.72536426    0.54891075    0.72536426    0.41538377
    0.94571032    0.11342776   -0.30457532    0.11342776    0.76301467    0.63635113    0.30457532   -0.63635113    0.70872499
    0.36512097    0.33465993    0.86872862    0.33465993    0.82359274   -0.45792764   -0.86872862    0.45792764    0.18871371
    0.72423812   -0.14585717   -0.67394720   -0.14585717    0.92285259   -0.35646708    0.67394720    0.35646708    0.64709071
    0.87891129   -0.23728582    0.41377577   -0.23728582    0.53501394    0.81083631   -0.41377577   -0.81083631    0.41392523
    0.69747692    0.39647766    0.59693502    0.39647766    0.48038830   -0.78232509   -0.59693502    0.78232509    0.17786522
    0.38788249    0.27897628   -0.87847562    0.27897628    0.87285486    0.40037061    0.87847562   -0.40037061    0.26073735
    0.35390835   -0.26312625   -0.89750401   -0.26312625    0.89283962   -0.36551605    0.89750401    0.36551605    0.24674797
    0.83821470   -0.36213411   -0.40774379   -0.36213411    0.18941265   -0.91267833    0.40774379    0.91267833    0.02762735
    0.99999517   -0.00208349   -0.00230836   -0.00208349    0.10214043   -0.99476781    0.00230836    0.99476781    0.10213560
    0.73838920    0.29717064   -0.60536848    0.29717064    0.66243598    0.68765411    0.60536848   -0.68765411    0.40082519
    0.36814476   -0.02438413    0.92944868   -0.02438413    0.99905898    0.03586866   -0.92944868   -0.03586866    0.36720375
    0.44550269   -0.46301246    0.76625506   -0.46301246    0.61337857    0.63983294   -0.76625506   -0.63983294    0.05888126
    0.90492132    0.26526303   -0.33279562    0.26526303    0.25993421    0.92847710    0.33279562   -0.92847710    0.16485553
    0.89303198    0.14411630    0.42629141    0.14411630    0.80583440   -0.57433562   -0.42629141    0.57433562    0.69886639
    0.05621667    0.00740728   -0.99839112    0.00740728    0.99994186    0.00783587    0.99839112   -0.00783587    0.05615853
    0.57058979   -0.23828863    0.78590446   -0.23828863    0.86776870    0.43611467   -0.78590446   -0.43611467    0.43835849
    0.96203408    0.14050381    0.23398527    0.14050381    0.48002518   -0.86592985   -0.23398527    0.86592985    0.44205926
    0.83393421    0.07876307   -0.54621435    0.07876307    0.96264359    0.25906312    0.54621435   -0.25906312    0.79657780
    0.65844126    0.14423350    0.73868248    0.14423350    0.93909305   -0.31193099   -0.73868248    0.31193099    0.59753431
    0.93783047   -0.05108978   -0.34331304   -0.05108978    0.95801535   -0.28212837    0.34331304    0.28212837    0.89584582
    0.99848349   -0.01320739    0.05344423   -0.01320739    0.88497592    0.46544945   -0.05344423   -0.46544945    0.88345941
    0.96563137    0.01029590    0.25971149    0.01029590    0.99691563   -0.07780247   -0.25971149    0.07780247    0.96254699
    0.98709180    0.00816598   -0.15994717    0.00816598    0.99483404    0.10118576    0.15994717   -0.10118576    0.98192583
