# Rotation matrices: 46 entries, row-major flattening of 3x3 -> 1x9
# https://github.com/Neurophysics-CFIN/GFO
# Col:  1    2    3    4    5    6    7    8    9
#       R11  R12  R13  R21  R22  R23  R31  R32  R33
# where Rij = R(i,j), i = row index, j = column index

    0.99974566    0.00065177    0.02254301    0.00065177    0.99832979   -0.05776860   -0.02254301    0.05776860    0.99807545
    0.70938356   -0.03424124   -0.70399042   -0.03424124    0.99596560   -0.08294611    0.70399042    0.08294611    0.70534916
    0.99670077    0.01265528   -0.08017119    0.01265528    0.95145652    0.30752289    0.08017119   -0.30752289    0.94815729
    0.92343457    0.00981630    0.38363034    0.00981630    0.99874147   -0.04918446   -0.38363034    0.04918446    0.92217604
    0.38826120   -0.09348052   -0.91679585   -0.09348052    0.98571513   -0.14009664    0.91679585    0.14009664    0.37397633
    0.66751100   -0.32485558    0.66999845   -0.32485558    0.68260260    0.65461634   -0.66999845   -0.65461634    0.35011360
    0.92682647   -0.09538088   -0.36317376   -0.09538088    0.87567208   -0.47339296    0.36317376    0.47339296    0.80249855
    0.98584376    0.05739170   -0.15753814    0.05739170    0.76732466    0.63868541    0.15753814   -0.63868541    0.75316843
    0.95413889    0.17085376    0.24582103    0.17085376    0.36349106   -0.91579650   -0.24582103    0.91579650    0.31762995
    0.78180582   -0.32849447   -0.52997268   -0.32849447    0.50544685   -0.79788148    0.52997268    0.79788148    0.28725267
    0.99913870    0.02206604   -0.03514175    0.02206604    0.43467832    0.90031541    0.03514175   -0.90031541    0.43381703
    0.94013382    0.07161598    0.33319596    0.07161598    0.91432811   -0.39859159   -0.33319596    0.39859159    0.85446193
    0.71940274    0.11749356   -0.68458379    0.11749356    0.95080231    0.28665349    0.68458379   -0.28665349    0.67020505
    0.80954810   -0.07078879    0.58276996   -0.07078879    0.97368862    0.21660891   -0.58276996   -0.21660891    0.78323672
    0.50660694   -0.31285135   -0.80341362   -0.31285135    0.80162679   -0.50942961    0.80341362    0.50942961    0.30823372
    0.98934868   -0.09894965    0.10676218   -0.09894965    0.08076841    0.99180917   -0.10676218   -0.99180917    0.07011708
    0.65084910    0.45440307   -0.60820499    0.45440307    0.40861631    0.79154947    0.60820499   -0.79154947    0.05946541
    0.43890719    0.30805907    0.84407351    0.30805907    0.83086508   -0.46342511   -0.84407351    0.46342511    0.26977227
    0.91602977   -0.20929780    0.34217525   -0.20929780    0.47832027    0.85287991   -0.34217525   -0.85287991    0.39435004
    0.93425126    0.14051023    0.32776738    0.14051023    0.69971858   -0.70046469   -0.32776738    0.70046469    0.63396984
    0.27186830    0.38349603   -0.88262020    0.38349603    0.79801840    0.46486281    0.88262020   -0.46486281    0.06988669
    0.03920445    0.10143285   -0.99406961    0.10143285    0.98929156    0.10494566    0.99406961   -0.10494566    0.02849601
    0.39946545   -0.47848030    0.78197439   -0.47848030    0.61876731    0.62304383   -0.78197439   -0.62304383    0.01823276
    0.78948680   -0.39707146    0.46802226   -0.39707146    0.25104103    0.88278687   -0.46802226   -0.88278687    0.04052783
    0.93751833    0.23565322   -0.25598229    0.23565322    0.11122025    0.96545203    0.25598229   -0.96545203    0.04873859
    0.73063494    0.34577105    0.58874015    0.34577105    0.55615022   -0.75573759   -0.58874015    0.75573759    0.28678516
    0.72946293   -0.17846965   -0.66032751   -0.17846965    0.88226599   -0.43560913    0.66032751    0.43560913    0.61172892
    0.41875080   -0.23105803    0.87821407   -0.23105803    0.90814988    0.34910742   -0.87821407   -0.34910742    0.32690067
    0.89550034    0.22960924   -0.38125941    0.22960924    0.49549688    0.83771262    0.38125941   -0.83771262    0.39099722
    0.34508221    0.08701498    0.93453018    0.08701498    0.98843884   -0.12416539   -0.93453018    0.12416539    0.33352105
    0.07277810   -0.24634546   -0.96644568   -0.24634546    0.93455063   -0.25676649    0.96644568    0.25676649    0.00732873
    0.98973251   -0.08430935   -0.11541875   -0.08430935    0.30771120   -0.94773717    0.11541875    0.94773717    0.29744371
    0.86349540    0.16548846   -0.47643390    0.16548846    0.79937357    0.57759456    0.47643390   -0.57759456    0.66286897
    0.72237339    0.08202612    0.68662100    0.08202612    0.97576499   -0.20286549   -0.68662100    0.20286549    0.69813838
    0.42237392    0.14791834   -0.89427090    0.14791834    0.96212111    0.22900467    0.89427090   -0.22900467    0.38449503
    0.56729005   -0.05945860    0.82136878   -0.05945860    0.99182980    0.11286414   -0.82136878   -0.11286414    0.55911985
    0.92165059   -0.16778116   -0.34987093   -0.16778116    0.64070543   -0.74923030    0.34987093    0.74923030    0.56235602
    0.62894926    0.31453702   -0.71097770    0.31453702    0.73336924    0.60269064    0.71097770   -0.60269064    0.36231851
    0.82715726   -0.17751928    0.53319581   -0.17751928    0.81767764    0.54762230   -0.53319581   -0.54762230    0.64483490
    0.99979033   -0.00456341   -0.01996166   -0.00456341    0.90067795   -0.43446335    0.01996166    0.43446335    0.90046828
    0.98073383   -0.07344302    0.18101733   -0.07344302    0.72003371    0.69004172   -0.18101733   -0.69004172    0.70076754
    0.99993106   -0.00489400   -0.01067321   -0.00489400    0.65256213   -0.75771942    0.01067321    0.75771942    0.65249319
    0.91006074    0.04501802   -0.41202284    0.04501802    0.97746677    0.20623311    0.41202284   -0.20623311    0.88752751
    0.96498857   -0.04816687    0.25783136   -0.04816687    0.93373458    0.35471070   -0.25783136   -0.35471070    0.89872315
    0.74380650    0.20937000    0.63475672    0.20937000    0.82889575   -0.51874467   -0.63475672    0.51874467    0.57270225
    0.93668130   -0.02502885   -0.34928742   -0.02502885    0.99010650   -0.13806762    0.34928742    0.13806762    0.92678780
