# Rotation matrices: 38 entries, row-major flattening of 3x3 -> 1x9
# https://github.com/Neurophysics-CFIN/GFO
# Col:  1    2    3    4    5    6    7    8    9
#       R11  R12  R13  R21  R22  R23  R31  R32  R33
# where Rij = R(i,j), i = row index, j = column index

    0.99335441    0.10298921   -0.05138334    0.10298921   -0.59606146    0.79630645    0.05138334   -0.79630645   -0.60270705
    0.50960271   -0.42352733    0.74895238   -0.42352733    0.63422432    0.64682619   -0.74895238   -0.64682619    0.14382703
   -0.52127217   -0.01455322   -0.85326639   -0.01455322    0.99986078   -0.00816276    0.85326639    0.00816276   -0.52141139
    0.90225124    0.14878572   -0.40472893    0.14878572    0.77352971    0.61604757    0.40472893   -0.61604757    0.67578095
    0.99592636   -0.05664031    0.07016096   -0.05664031    0.21246732    0.97552525   -0.07016096   -0.97552525    0.20839368
    0.85476988    0.25264164    0.45336591    0.25264164    0.56050579   -0.78867323   -0.45336591    0.78867323    0.41527567
    0.94108480    0.18394058   -0.28376974    0.18394058    0.42571466    0.88596439    0.28376974   -0.88596439    0.36679945
   -0.58916416    0.55173693   -0.59031513    0.55173693    0.80844418    0.20494966    0.59031513   -0.20494966   -0.78071997
   -0.00146575    0.97577445   -0.21877402    0.97577445    0.04925777    0.21316166    0.21877402   -0.21316166   -0.95220798
    0.93498284   -0.10622218    0.33841385   -0.10622218    0.82645888    0.55288568   -0.33841385   -0.55288568    0.76144172
    0.65336777    0.17304756   -0.73699735    0.17304756    0.91361029    0.36792768    0.73699735   -0.36792768    0.56697806
   -0.59827286   -0.04671876    0.79992934   -0.04671876    0.99863437    0.02338256   -0.79992934   -0.02338256   -0.59963848
    0.99966699   -0.01116343    0.02326575   -0.01116343    0.62577509    0.77992366   -0.02326575   -0.77992366    0.62544208
    0.30586782    0.28456995   -0.90855095    0.28456995    0.88333626    0.37247415    0.90855095   -0.37247415    0.18920408
    0.63159234    0.22508157    0.74190929    0.22508157    0.86248463   -0.45327535   -0.74190929    0.45327535    0.49407698
    0.47448682    0.42682557    0.76985855    0.42682557    0.65332921   -0.62528464   -0.76985855    0.62528464    0.12781603
    0.67134972    0.34713078   -0.65482041    0.34713078    0.63334954    0.69164195    0.65482041   -0.69164195    0.30469926
    0.92677264    0.11488095    0.35762389    0.11488095    0.81977186   -0.56104943   -0.35762389    0.56104943    0.74654450
    0.98712649    0.12250107   -0.10283375    0.12250107   -0.16568928    0.97854001    0.10283375   -0.97854001   -0.17856279
   -0.57783923    0.65789736    0.48298332    0.65789736    0.72568249   -0.20138519   -0.48298332    0.20138519   -0.85215674
    0.91274930   -0.14887307   -0.38042808   -0.14887307    0.74598267   -0.64911222    0.38042808    0.64911222    0.65873197
    0.67566349   -0.60074405   -0.42730018   -0.60074405   -0.11271287   -0.79145587    0.42730018    0.79145587   -0.43704938
    0.99401848    0.02494980   -0.10632389    0.02494980    0.89593074    0.44349252    0.10632389   -0.44349252    0.88994922
   -0.59067988   -0.55784941   -0.58301056   -0.55784941    0.80436292   -0.20446106    0.58301056    0.20446106   -0.78631696
    0.66625872   -0.19013624   -0.72107387   -0.19013624    0.89167720   -0.41080406    0.72107387    0.41080406    0.55793592
    0.02142978   -0.44532407    0.89511297   -0.44532407    0.79734359    0.40734466   -0.89511297   -0.40734466   -0.18122663
   -0.05163153   -0.97607156   -0.21123091   -0.97607156    0.09405941   -0.19605392    0.21123091    0.19605392   -0.95757212
    0.24006090   -0.18895725    0.95219007   -0.18895725    0.95301618    0.23676004   -0.95219007   -0.23676004    0.19307708
    0.93554847   -0.34185510    0.08879274   -0.34185510   -0.81322164    0.47096248   -0.08879274   -0.47096248   -0.87767317
    0.21466990   -0.01523457   -0.97656784   -0.01523457    0.99970447   -0.01894438    0.97656784    0.01894438    0.21437437
    0.81451759   -0.39742224   -0.42263063   -0.39742224    0.14846674   -0.90554580    0.42263063    0.90554580   -0.03701566
   -0.96770951   -0.19600737    0.15849108   -0.19600737    0.98047533    0.01578760   -0.15849108   -0.01578760   -0.98723418
    0.79688592    0.39930382    0.45335338    0.39930382    0.21500498   -0.89125155   -0.45335338    0.89125155    0.01189090
    0.87851556   -0.06203936   -0.47366816   -0.06203936    0.96831790   -0.24189163    0.47366816    0.24189163    0.84683346
   -0.13466989    0.24751091   -0.95948026    0.24751091    0.94600928    0.20929596    0.95948026   -0.20929596   -0.18866061
    0.90316385   -0.34717178    0.25252093   -0.34717178   -0.24466162    0.90532450   -0.25252093   -0.90532450   -0.34149777
   -0.06879425   -0.68337640   -0.72681776   -0.68337640    0.56305594   -0.46472003    0.72681776    0.46472003   -0.50573831
    0.44448448   -0.63663016    0.63018695   -0.63663016    0.27041110    0.72220487   -0.63018695   -0.72220487   -0.28510443
