# Rotation matrices: 68 entries, row-major flattening of 3x3 -> 1x9
# https://github.com/Neurophysics-CFIN/GFO
# Col:  1    2    3    4    5    6    7    8    9
#       R11  R12  R13  R21  R22  R23  R31  R32  R33
# where Rij = R(i,j), i = row index, j = column index

    0.96943553    0.17358233    0.17338952    0.17358233    0.01418782   -0.98471716   -0.17338952    0.98471716   -0.01637664
    0.95051704    0.02089833    0.30996874    0.02089833    0.99117392   -0.13091031   -0.30996874    0.13091031    0.94169096
    0.37405421   -0.09189799   -0.92284246   -0.09189799    0.98650803   -0.13548677    0.92284246    0.13548677    0.36056224
    0.88137121    0.27362189   -0.38511798    0.27362189    0.36888058    0.88828947    0.38511798   -0.88828947    0.25025178
    0.95069934   -0.29730278   -0.08821463   -0.29730278   -0.79285518   -0.53196966    0.08821463    0.53196966   -0.84215584
    0.88471580    0.20426573   -0.41899100    0.20426573    0.63807278    0.74238712    0.41899100   -0.74238712    0.52278859
    0.22382834    0.61308109   -0.75764929    0.61308109    0.51574060    0.59845068    0.75764929   -0.59845068   -0.26043106
   -0.41989315    0.16773112   -0.89193947    0.16773112    0.98018602    0.10536427    0.89193947   -0.10536427   -0.43970713
   -0.04635350    0.39463677   -0.91766724    0.39463677    0.85116103    0.34610219    0.91766724   -0.34610219   -0.19519247
    0.20047074   -0.74898479   -0.63153248   -0.74898479    0.29836437   -0.59160839    0.63153248    0.59160839   -0.50116489
    0.76446722    0.22696308    0.60338846    0.22696308    0.78129482   -0.58143458   -0.60338846    0.58143458    0.54576204
   -0.49630768   -0.41910193    0.76028433   -0.41910193    0.88261343    0.21294860   -0.76028433   -0.21294860   -0.61369425
    0.92338785    0.13841023    0.35804676    0.13841023    0.74994317   -0.64685999   -0.35804676    0.64685999    0.67333102
    0.81136816   -0.37990258   -0.44424739   -0.37990258    0.23488013   -0.89470965    0.44424739    0.89470965    0.04624828
    0.34565169    0.87606893    0.33619659    0.87606893   -0.17291777   -0.45011408   -0.33619659    0.45011408   -0.82726608
    0.99986449   -0.00230854   -0.01629965   -0.00230854    0.96067277   -0.27767338    0.01629965    0.27767338    0.96053725
    0.92617529    0.32676171   -0.18821826    0.32676171   -0.44630731    0.83308857    0.18821826   -0.83308857   -0.52013202
    0.47095513    0.50790588    0.72127171    0.50790588    0.51238846   -0.69245193   -0.72127171    0.69245193   -0.01665642
   -0.57245391   -0.25625561   -0.77886429   -0.25625561    0.95823920   -0.12692794    0.77886429    0.12692794   -0.61421471
    0.68264987   -0.61341837   -0.39712347   -0.61341837   -0.18570017   -0.76761536    0.39712347    0.76761536   -0.50305030
    0.80919981   -0.01855033   -0.58724063   -0.01855033    0.99819647   -0.05709378    0.58724063    0.05709378    0.80739627
    0.02673026   -0.96010764   -0.27835015   -0.96010764    0.05287646   -0.27458586    0.27835015    0.27458586   -0.92039328
   -0.22461155   -0.53200924   -0.81640420   -0.53200924    0.76887868   -0.35467131    0.81640420    0.35467131   -0.45573287
    0.50578890   -0.39102263    0.76894661   -0.39102263    0.69062067    0.60839493   -0.76894661   -0.60839493    0.19640957
   -0.21237633   -0.88959272    0.40437741   -0.88959272    0.34725284    0.29671579   -0.40437741   -0.29671579   -0.86512349
    0.88382669   -0.25192819   -0.39418595   -0.25192819    0.45367990   -0.85481386    0.39418595    0.85481386    0.33750659
    0.92258555    0.30267498   -0.23921486    0.30267498   -0.18339859    0.93528221    0.23921486   -0.93528221   -0.26081304
    0.94260931   -0.19623701    0.27014575   -0.19623701    0.32900331    0.92371416   -0.27014575   -0.92371416    0.27161262
    0.57992432   -0.43933306   -0.68605703   -0.43933306    0.54052675   -0.71750769    0.68605703    0.71750769    0.12045107
    0.99245227    0.11478315   -0.04316629    0.11478315   -0.74557972    0.65645693    0.04316629   -0.65645693   -0.75312746
    0.76855242   -0.60977464    0.19365451   -0.60977464   -0.60651975    0.51020455   -0.19365451   -0.51020455   -0.83796733
    0.74608267   -0.36526008    0.55672769   -0.36526008    0.47457338    0.80085279   -0.55672769   -0.80085279    0.22065605
    0.55728778    0.24241488   -0.79414442    0.24241488    0.86726146    0.43484778    0.79414442   -0.43484778    0.42454924
    0.28679265   -0.25535153    0.92333395   -0.25535153    0.90857581    0.33058371   -0.92333395   -0.33058371    0.19536846
    0.79346003   -0.15633217   -0.58820187   -0.15633217    0.88167062   -0.44521587    0.58820187    0.44521587    0.67513065
   -0.81265747   -0.29226651   -0.50415090   -0.29226651    0.95287598   -0.08128752    0.50415090    0.08128752   -0.85978149
    0.98676205    0.08101133   -0.14049137    0.08101133    0.50424091    0.85975477    0.14049137   -0.85975477    0.49100296
    0.92057809   -0.11800178    0.37230573   -0.11800178    0.82467786    0.55315641   -0.37230573   -0.55315641    0.74525595
   -0.26740641   -0.76637585   -0.58409064   -0.76637585    0.53658753   -0.35318818    0.58409064    0.35318818   -0.73081888
    0.10704645   -0.15842594   -0.98155095   -0.15842594    0.97189240   -0.17414471    0.98155095    0.17414471    0.07893885
    0.95545340   -0.26509900   -0.12973558   -0.26509900   -0.57761715   -0.77206279    0.12973558    0.77206279   -0.62216375
    0.58544411    0.05454777   -0.80887560    0.05454777    0.99282254    0.10643284    0.80887560   -0.10643284    0.57826665
    0.72941135   -0.28631837   -0.62127359   -0.28631837    0.69703751   -0.65738916    0.62127359    0.65738916    0.42644886
    0.98705516   -0.07429920   -0.14213283   -0.07429920    0.57354657   -0.81579652    0.14213283    0.81579652    0.56060173
    0.97353528    0.05131931    0.22270023    0.05131931    0.90048368   -0.43185121   -0.22270023    0.43185121    0.87401896
    0.61253211    0.60654893   -0.50685581    0.60654893    0.05049782    0.79344084    0.50685581   -0.79344084   -0.33697007
    0.92462814    0.03120434   -0.37959070    0.03120434    0.98708124    0.15715252    0.37959070   -0.15715252    0.91170938
    0.99744222   -0.00174822    0.07145608   -0.00174822    0.99880511    0.04883943   -0.07145608   -0.04883943    0.99624733
   -0.46670545    0.62751890    0.62322231    0.62751890    0.73152076   -0.26664098   -0.62322231    0.26664098   -0.73518470
    0.51675503   -0.25947646   -0.81586531   -0.25947646    0.86067515   -0.43807563    0.81586531    0.43807563    0.37743018
   -0.66287634    0.32908871   -0.67252924    0.32908871    0.93487226    0.13309575    0.67252924   -0.13309575   -0.72800408
   -0.26970063    0.24436756    0.93142153    0.24436756    0.95296883   -0.17926211   -0.93142153    0.17926211   -0.31673180
    0.99059895   -0.11012308    0.08115805   -0.11012308   -0.28997210    0.95067823   -0.08115805   -0.95067823   -0.29937315
    0.97811718   -0.14478313   -0.14941427   -0.14478313    0.04207238   -0.98856854    0.14941427    0.98856854    0.02018956
   -0.80133922   -0.55634194    0.21986153   -0.55634194    0.82817431    0.06790403   -0.21986153   -0.06790403   -0.97316491
    0.11732083    0.80817802    0.57713439    0.80817802    0.26003497   -0.52842227   -0.57713439    0.52842227   -0.62264420
    0.38289333    0.65278313    0.65365655    0.65278313    0.30947787   -0.69144605   -0.65365655    0.69144605   -0.30762880
    0.11875939    0.45003401    0.88507943    0.45003401    0.77017558   -0.45199443   -0.88507943    0.45199443   -0.11106503
   -0.22105884   -0.04037714   -0.97442428   -0.04037714    0.99866484   -0.03222160    0.97442428    0.03222160   -0.22239400
    0.04607591    0.14059245   -0.98899483    0.14059245    0.97927903    0.14576129    0.98899483   -0.14576129    0.02535493
    0.29732732   -0.38522194   -0.87361349   -0.38522194    0.78881214   -0.47893577    0.87361349    0.47893577    0.08613946
    0.98269341    0.06630952   -0.17296445    0.06630952    0.74593759    0.66270669    0.17296445   -0.66270669    0.72863101
   -0.18353638    0.84031361   -0.51008571    0.84031361    0.40337536    0.36216205    0.51008571   -0.36216205   -0.78016102
    0.58767203   -0.71056225    0.38696624   -0.71056225   -0.22450755    0.66685655   -0.38696624   -0.66685655   -0.63683552
    0.99940543    0.02750164    0.02079535    0.02750164   -0.27207901   -0.96188184   -0.02079535    0.96188184   -0.27267358
    0.59862511    0.18564073    0.77922109    0.18564073    0.91413892   -0.36039915   -0.77922109    0.36039915    0.51276403
    0.86212595    0.49961536    0.08439987    0.49961536   -0.81046040   -0.30584053   -0.08439987    0.30584053   -0.94833445
    0.75622271    0.43905329   -0.48513856    0.43905329    0.20924631    0.87375522    0.48513856   -0.87375522   -0.03453098
