# Rotation matrices: 22 entries, row-major flattening of 3x3 -> 1x9
# https://github.com/Neurophysics-CFIN/GFO
# Col:  1    2    3    4    5    6    7    8    9
#       R11  R12  R13  R21  R22  R23  R31  R32  R33
# where Rij = R(i,j), i = row index, j = column index

    0.99007516    0.04029633   -0.13463795    0.04029633    0.83639082    0.54665034    0.13463795   -0.54665034    0.82646599
    0.76047667   -0.30038565   -0.57571147   -0.30038565    0.62328706   -0.72199841    0.57571147    0.72199841    0.38376372
    0.65247081   -0.16838701    0.73886918   -0.16838701    0.91841208    0.35800150   -0.73886918   -0.35800150    0.57088288
    0.71479097    0.07596522    0.69520009    0.07596522    0.97976672   -0.18516603   -0.69520009    0.18516603    0.69455769
    0.96962779    0.00221218   -0.24457527    0.00221218    0.99983887    0.01781382    0.24457527   -0.01781382    0.96946666
    0.24460463   -0.00043123    0.96962281   -0.00043123    0.99999975    0.00055352   -0.96962281   -0.00055352    0.24460438
    0.95726304   -0.07939072   -0.27810894   -0.07939072    0.85251907   -0.51663173    0.27810894    0.51663173    0.80978212
    0.66301324    0.34985024   -0.66182947    0.34985024    0.63679526    0.68709287    0.66182947   -0.68709287    0.29980850
    0.45213359    0.35987687    0.81612735    0.35987687    0.76360777   -0.53608937   -0.81612735    0.53608937    0.21574136
    0.58610832   -0.41893855    0.69351822   -0.41893855    0.57595303    0.70197478   -0.69351822   -0.70197478    0.16206135
    0.88045839    0.30370960    0.36407898    0.30370960    0.22838985   -0.92498571   -0.36407898    0.92498571    0.10884823
    0.97714157    0.11309244   -0.18001238    0.11309244    0.44047346    0.89061396    0.18001238   -0.89061396    0.41761503
    0.88209449    0.18195082    0.43451492    0.18195082    0.71921499   -0.67053985   -0.43451492    0.67053985    0.60130948
    0.26609253   -0.27353321   -0.92432372   -0.27353321    0.89805197   -0.34450288    0.92432372    0.34450288    0.16414450
    0.95270333   -0.20799695    0.22157082   -0.20799695    0.08529009    0.97440385   -0.22157082   -0.97440385    0.03799342
    0.99848965   -0.02788881   -0.04733523   -0.02788881    0.48502779   -0.87405392    0.04733523    0.87405392    0.48351744
    0.30723477    0.14962735   -0.93979703    0.14962735    0.96768264    0.20298267    0.93979703   -0.20298267    0.27491741
    0.94690826   -0.03887669    0.31914473   -0.03887669    0.97153235    0.23369529   -0.31914473   -0.23369529    0.91844061
    0.68982929   -0.08832185   -0.71856440   -0.08832185    0.97485014   -0.20461292    0.71856440    0.20461292    0.66467943
    0.93085579   -0.15448376    0.33112275   -0.15448376    0.65484846    0.73980285   -0.33112275   -0.73980285    0.58570425
    0.97845922    0.03308149    0.20377234    0.03308149    0.94919474   -0.31294561   -0.20377234    0.31294561    0.92765396
    0.77752755    0.12383596   -0.61653513    0.12383596    0.93106857    0.34318504    0.61653513   -0.34318504    0.70859612
