# Rotation matrices: 53 entries, row-major flattening of 3x3 -> 1x9
# https://github.com/Neurophysics-CFIN/GFO
# Col:  1    2    3    4    5    6    7    8    9
#       R11  R12  R13  R21  R22  R23  R31  R32  R33
# where Rij = R(i,j), i = row index, j = column index

    0.99931699   -0.00308761   -0.03682405   -0.00308761    0.98604207   -0.16646773    0.03682405    0.16646773    0.98535906
    0.91083656    0.15043320    0.38437821    0.15043320    0.74619476   -0.64850847   -0.38437821    0.64850847    0.65703132
    0.44685855   -0.41932335    0.79024386   -0.41932335    0.68212096    0.59906504   -0.79024386   -0.59906504    0.12897951
    0.98484934    0.08904391   -0.14880510    0.08904391    0.47666846    0.87456181    0.14880510   -0.87456181    0.46151780
   -0.37008644   -0.61826877   -0.69338283   -0.61826877    0.72099843   -0.31289774    0.69338283    0.31289774   -0.64908801
    0.63908417    0.24188923   -0.73011028    0.24188923    0.83788353    0.48932687    0.73011028   -0.48932687    0.47696770
    0.92137668    0.25010971    0.29750654    0.25010971    0.20437260   -0.94640212   -0.29750654    0.94640212    0.12574928
    0.89745472   -0.13955406    0.41844916   -0.13955406    0.81008062    0.56946822   -0.41844916   -0.56946822    0.70753534
    0.91500753   -0.28004630    0.29040538   -0.28004630    0.07726022    0.95687247   -0.29040538   -0.95687247   -0.00773225
   -0.66692811   -0.29202370    0.68551371   -0.29202370    0.94884132    0.12009291   -0.68551371   -0.12009291   -0.71808679
    0.99849789   -0.02307923   -0.04969220   -0.02307923    0.64539858   -0.76349723    0.04969220    0.76349723    0.64389647
    0.79512746   -0.33356921    0.50646215   -0.33356921    0.45688956    0.82461113   -0.50646215   -0.82461113    0.25201702
   -0.20058243   -0.44408992   -0.87324157   -0.44408992    0.83573318   -0.32300804    0.87324157    0.32300804   -0.36484925
    0.69188158    0.25045477    0.67717966    0.25045477    0.79641727   -0.55044704   -0.67717966    0.55044704    0.48829885
    0.92607614   -0.19881934   -0.32070835   -0.19881934    0.46527235   -0.86255000    0.32070835    0.86255000    0.39134849
    0.99945318   -0.02011210   -0.02624592   -0.02011210    0.26027710   -0.96532447    0.02624592    0.96532447    0.25973028
    0.30715857   -0.01230447    0.95157880   -0.01230447    0.99978148    0.01689950   -0.95157880   -0.01689950    0.30694005
    0.92593818   -0.05703838   -0.37334316   -0.05703838    0.95607214   -0.28752857    0.37334316    0.28752857    0.88201032
    0.91692065   -0.13283673   -0.37631226   -0.13283673    0.78760548   -0.60169096    0.37631226    0.60169096    0.70452614
    0.89407239   -0.43357636   -0.11245487   -0.43357636   -0.77468806   -0.46029333    0.11245487    0.46029333   -0.88061566
    0.43250431   -0.34593226   -0.83262890   -0.34593226    0.78912769   -0.50755134    0.83262890    0.50755134    0.22163200
    0.55982613    0.67909911    0.47478322    0.67909911   -0.04771235   -0.73249432   -0.47478322    0.73249432   -0.48788622
    0.95082121   -0.28119664   -0.12987485   -0.28119664   -0.60783847   -0.74260410    0.12987485    0.74260410   -0.65701726
    0.92376840   -0.31504565   -0.21771125   -0.31504565   -0.30200278   -0.89974472    0.21771125    0.89974472   -0.37823438
    0.45188779    0.57324888    0.68350797    0.57324888    0.40046166   -0.71485395   -0.68350797    0.71485395   -0.14765055
    0.75256060   -0.28221422   -0.59498544   -0.28221422    0.67812375   -0.67860395    0.59498544    0.67860395    0.43068435
   -0.70010516    0.00902475   -0.71398271    0.00902475    0.99995209    0.00379007    0.71398271   -0.00379007   -0.70015307
    0.33362075    0.91846125    0.21242911    0.91846125   -0.26590236   -0.29278809   -0.21242911    0.29278809   -0.93228161
   -0.44743343   -0.78261446   -0.43280241   -0.78261446    0.57684728   -0.23401244    0.43280241    0.23401244   -0.87058615
    0.52709310    0.14131029    0.83797629    0.14131029    0.95777478   -0.25039743   -0.83797629    0.25039743    0.48486788
    0.06457744   -0.26735623   -0.96143143   -0.26735623    0.92358603   -0.27478992    0.96143143    0.27478992   -0.01183653
    0.72426014    0.08326445   -0.68448103    0.08326445    0.97485685    0.20669095    0.68448103   -0.20669095    0.69911700
    0.21358373    0.23939521    0.94713881    0.23939521    0.92712502   -0.28832122   -0.94713881    0.28832122    0.14070875
    0.09931828    0.87392059    0.47581370    0.87392059    0.15204541   -0.46167629   -0.47581370    0.46167629   -0.74863631
    0.44437358    0.40588806    0.79861568    0.40588806    0.70349661   -0.58339301   -0.79861568    0.58339301    0.14787018
    0.58025702    0.59824174   -0.55263787    0.59824174    0.14735161    0.78765115    0.55263787   -0.78765115   -0.27239137
    0.54499627    0.80310856   -0.24082298    0.80310856   -0.41753422    0.42506684    0.24082298   -0.42506684   -0.87253795
    0.23141512   -0.72841446   -0.64487163   -0.72841446    0.30965643   -0.61116713    0.64487163    0.61116713   -0.45892845
    0.81187365    0.10676525    0.57398812    0.10676525    0.93940871   -0.32574907   -0.57398812    0.32574907    0.75128236
    0.59971848   -0.53340219    0.59650637   -0.53340219    0.28920552    0.79488507   -0.59650637   -0.79488507   -0.11107600
   -0.39412315    0.20454728    0.89600634    0.20454728    0.96998860   -0.13146303   -0.89600634    0.13146303   -0.42413455
    0.91704170    0.00772734   -0.39871644    0.00772734    0.99928022    0.03713936    0.39871644   -0.03713936    0.91632192
   -0.09614681    0.05406202    0.99389793    0.05406202    0.99733366   -0.04901910   -0.99389793    0.04901910   -0.09881315
    0.90355192    0.36428509   -0.22558878    0.36428509   -0.37590741    0.85205046    0.22558878   -0.85205046   -0.47235549
    0.99703847   -0.02018594   -0.07420798   -0.02018594    0.86241174   -0.50580482    0.07420798    0.50580482    0.85945021
    0.99858773    0.03507153   -0.03990658    0.03507153    0.12905369    0.99101722    0.03990658   -0.99101722    0.12764142
   -0.78118539    0.50436075   -0.36792610    0.50436075    0.85718513    0.10418202    0.36792610   -0.10418202   -0.92400027
    0.99533237   -0.00638595    0.09629480   -0.00638595    0.99126316    0.13174432   -0.09629480   -0.13174432    0.98659553
    0.97884762    0.07047973   -0.19206753    0.07047973    0.76516148    0.63996915    0.19206753   -0.63996915    0.74400911
    0.80036754    0.44158774    0.40547758    0.44158774    0.02320630   -0.89691791   -0.40547758    0.89691791   -0.17642616
    0.41562211   -0.13295790   -0.89976689   -0.13295790    0.96974936   -0.20471534    0.89976689    0.20471534    0.38537147
   -0.16870076   -0.71309017    0.68047223   -0.71309017    0.56490351    0.41519445   -0.68047223   -0.41519445   -0.60379724
    0.02432533    0.45751877    0.88886717    0.45751877    0.78545776   -0.41681252   -0.88886717    0.41681252   -0.19021691
