# Rotation matrices: 92 entries, row-major flattening of 3x3 -> 1x9
# https://github.com/Neurophysics-CFIN/GFO
# Col:  1    2    3    4    5    6    7    8    9
#       R11  R12  R13  R21  R22  R23  R31  R32  R33
# where Rij = R(i,j), i = row index, j = column index

    0.97454051   -0.01377754    0.22378780   -0.01377754    0.99254421    0.12110398   -0.22378780   -0.12110398    0.96708472
    0.99846209   -0.00996209   -0.05453629   -0.00996209    0.93546859   -0.35326940    0.05453629    0.35326940    0.93393069
    0.99674574    0.01228289   -0.07966850    0.01228289    0.95363951    0.30070055    0.07966850   -0.30070055    0.95038524
    0.98609043    0.04047598    0.16120598    0.04047598    0.88221747   -0.46909917   -0.16120598    0.46909917    0.86830789
    0.90839343   -0.02696914   -0.41724577   -0.02696914    0.99206024   -0.12283792    0.41724577    0.12283792    0.90045367
    0.94532665   -0.09674421    0.31144516   -0.09674421    0.82881162    0.55110059   -0.31144516   -0.55110059    0.77413826
    0.99159181   -0.03943300   -0.12325067   -0.03943300    0.81506592   -0.57802473    0.12325067    0.57802473    0.80665772
    0.95796746    0.06590830   -0.27920324    0.06590830    0.89665379    0.43779912    0.27920324   -0.43779912    0.85462125
    0.91285551    0.01077522    0.40814054    0.01077522    0.99866767   -0.05046566   -0.40814054    0.05046566    0.91152318
    0.98442919   -0.01206341   -0.17536719   -0.01206341    0.99065394   -0.13586483    0.17536719    0.13586483    0.97508312
    0.89348521   -0.18376500    0.40977385   -0.18376500    0.68295881    0.70696371   -0.40977385   -0.70696371    0.57644402
    0.99797424    0.03292375    0.05443750    0.03292375    0.46490523   -0.88474808   -0.05443750    0.88474808    0.46287947
    0.86103497    0.08378124   -0.50159694    0.08378124    0.94948875    0.30241000    0.50159694   -0.30241000    0.81052372
    0.59850886   -0.00184875    0.80111405   -0.00184875    0.99999149    0.00368889   -0.80111405   -0.00368889    0.59850035
    0.94276549   -0.06668428   -0.32672074   -0.06668428    0.92230574   -0.38066433    0.32672074    0.38066433    0.86507123
    0.97963851    0.07515140   -0.18617373    0.07515140    0.72262673    0.68714109    0.18617373   -0.68714109    0.70226524
    0.80868669    0.13850153    0.57170199    0.13850153    0.89973164   -0.41388442   -0.57170199    0.41388442    0.70841832
    0.77881766   -0.07887518   -0.62227145   -0.07887518    0.97187255   -0.22190639    0.62227145    0.22190639    0.75069021
    0.73251550   -0.25232102    0.63226193   -0.25232102    0.76198286    0.59641951   -0.63226193   -0.59641951    0.49449836
    0.99145999   -0.07947231   -0.10339850   -0.07947231    0.26044058   -0.96221352    0.10339850    0.96221352    0.25190057
    0.90631385    0.19474929   -0.37505723    0.19474929    0.59516659    0.77964700    0.37505723   -0.77964700    0.50148044
    0.64756310    0.23914673    0.72351287    0.23914673    0.83772653   -0.49094104   -0.72351287    0.49094104    0.48528963
    0.49714480   -0.32194983   -0.80572660   -0.32194983    0.79387368   -0.51586131    0.80572660    0.51586131    0.29101848
    0.99700169    0.03736269   -0.06776174    0.03736269    0.53441369    0.84439685    0.06776174   -0.84439685    0.53141539
    0.77543713    0.32853240    0.53922511    0.32853240    0.51936160   -0.78887895   -0.53922511    0.78887895    0.29479872
    0.67529896    0.10572787   -0.72992666    0.10572787    0.96557331    0.23767583    0.72992666   -0.23767583    0.64087227
    0.67520618   -0.12205100    0.72746145   -0.12205100    0.95413568    0.27336542   -0.72746145   -0.27336542    0.62934187
    0.94533600   -0.17049479   -0.27797729   -0.17049479    0.46823367   -0.86699986    0.27797729    0.86699986    0.41356967
    0.94773814    0.21150624   -0.23886717    0.21150624    0.14402413    0.96670686    0.23886717   -0.96670686    0.09176227
    0.13419683    0.25126306    0.95857086    0.25126306    0.92708143   -0.27818499   -0.95857086    0.27818499    0.06127827
    0.35514771   -0.19586069   -0.91406165   -0.19586069    0.94051132   -0.27762753    0.91406165    0.27762753    0.29565903
    0.72148760   -0.43144436    0.54158232   -0.43144436    0.33164829    0.83896673   -0.54158232   -0.83896673    0.05313589
    0.98369606    0.11582759    0.13757190    0.11582759    0.17712949   -0.97734800   -0.13757190    0.97734800    0.16082555
    0.53018492    0.39654007   -0.74943974    0.39654007    0.66530655    0.63255290    0.74943974   -0.63255290    0.19549147
    0.42747286   -0.10167211    0.89829268   -0.10167211    0.98194458    0.15952311   -0.89829268   -0.15952311    0.40941744
    0.66059498   -0.37758583   -0.64887843   -0.37758583    0.57993827   -0.72187294    0.64887843    0.72187294    0.24053325
    0.99965170   -0.01561506    0.02127544   -0.01561506    0.29993825    0.95383081   -0.02127544   -0.95383081    0.29958995
    0.57084082    0.36842898    0.73375803    0.36842898    0.68370730   -0.62992413   -0.73375803    0.62992413    0.25454812
    0.18673643    0.09268713   -0.97802791    0.09268713    0.98943651    0.11146522    0.97802791   -0.11146522    0.17617294
    0.21128302   -0.18167731    0.96039203   -0.18167731    0.95815147    0.22122186   -0.96039203   -0.22122186    0.16943449
    0.92453125   -0.25720436   -0.28122566   -0.25720436    0.12342407   -0.95844270    0.28122566    0.95844270    0.04795533
    0.57983392    0.48862012    0.65195323    0.48862012    0.43177322   -0.75817034   -0.65195323    0.75817034    0.01160714
    0.30385563    0.29009665   -0.90747765    0.29009665    0.87911119    0.37816326    0.90747765   -0.37816326    0.18296682
    0.37683044   -0.33761595    0.86256263   -0.33761595    0.81708907    0.46731246   -0.86256263   -0.46731246    0.19391951
    0.92599404   -0.23115260    0.29850213   -0.23115260    0.27801057    0.93235111   -0.29850213   -0.93235111    0.20400460
    0.79270657    0.34545522   -0.50227183    0.34545522    0.42429768    0.83703774    0.50227183   -0.83703774    0.21700425
    0.55729215    0.25838979   -0.78908819    0.25838979    0.84918884    0.46055730    0.78908819   -0.46055730    0.40648099
    0.10586927   -0.12245142   -0.98681171   -0.12245142    0.98323025   -0.13514410    0.98681171    0.13514410    0.08909952
    0.43558058   -0.48513425   -0.75823104   -0.48513425    0.58301356   -0.65172076    0.75823104    0.65172076    0.01859414
    0.82342646    0.36654258    0.43314595    0.36654258    0.23910763   -0.89915187   -0.43314595    0.89915187    0.06253409
    0.31573701    0.43187229    0.84486476    0.43187229    0.72742399   -0.53323603   -0.84486476    0.53323603    0.04316100
    0.12806501    0.03356402    0.99119766    0.03356402    0.99870800   -0.03815489   -0.99119766    0.03815489    0.12677300
    0.83435112   -0.32121231   -0.44797417   -0.32121231    0.37713222   -0.86867366    0.44797417    0.86867366    0.21148334
    0.99887532   -0.03271700    0.03431752   -0.03271700    0.04826024    0.99829883   -0.03431752   -0.99829883    0.04713556
    0.40547881    0.25815459    0.87689403    0.25815459    0.88790342   -0.38076729   -0.87689403    0.38076729    0.29338222
    0.40763424   -0.03510973   -0.91247007   -0.03510973    0.99791903   -0.05408243    0.91247007    0.05408243    0.40555327
    0.60607839   -0.38188058    0.69773649   -0.38188058    0.62979239    0.67640872   -0.69773649   -0.67640872    0.23587078
    0.98783026   -0.06772545   -0.14001659   -0.06772545    0.62310320   -0.77920194    0.14001659    0.77920194    0.61093346
    0.74413826    0.28907028   -0.60224299    0.28907028    0.67341100    0.68040870    0.60224299   -0.68040870    0.41754926
    0.37527266    0.08268189    0.92321944    0.08268189    0.98905715   -0.12218695   -0.92321944    0.12218695    0.36432982
    0.21872470   -0.35728721   -0.90802277   -0.35728721    0.83660798   -0.41525045    0.90802277    0.41525045    0.05533268
    0.96665143   -0.13018339    0.22053864   -0.13018339    0.49180082    0.86092058   -0.22053864   -0.86092058    0.45845226
    0.92917579    0.20771532    0.30575594    0.20771532    0.39080640   -0.89673001   -0.30575594    0.89673001    0.31998219
    0.45151022    0.12752251   -0.88310618    0.12752251    0.97035133    0.20531999    0.88310618   -0.20531999    0.42186155
    0.54966304   -0.23366053    0.80204320   -0.23366053    0.87876358    0.41614581   -0.80204320   -0.41614581    0.42842662
    0.83693519   -0.24222119   -0.49078343   -0.24222119    0.64019762   -0.72902394    0.49078343    0.72902394    0.47713281
    0.95262510    0.17169714   -0.25104881    0.17169714    0.37773143    0.90985661    0.25104881   -0.90985661    0.33035653
    0.81254018    0.23097601    0.53519018    0.23097601    0.71540612   -0.65942715   -0.53519018    0.65942715    0.52794630
    0.62561857   -0.01455706   -0.77999327   -0.01455706    0.99943398   -0.03032846    0.77999327    0.03032846    0.62505255
    0.81965001   -0.29573410    0.49062735   -0.29573410    0.51506145    0.80452038   -0.49062735   -0.80452038    0.33471147
    0.94250368    0.15014304    0.29856973    0.15014304    0.60792390   -0.77967018   -0.29856973    0.77967018    0.55042758
    0.75181865    0.18641051   -0.63247122    0.18641051    0.85998594    0.47505294    0.63247122   -0.47505294    0.61180459
    0.60749215    0.12815121    0.78391999    0.12815121    0.95815948   -0.25594469   -0.78391999    0.25594469    0.56565163
    0.70526693   -0.24130013   -0.66661294   -0.24130013    0.80244582   -0.54576089    0.66661294    0.54576089    0.50771275
    0.99013658   -0.05543021    0.12867419   -0.05543021    0.68849469    0.72312002   -0.12867419   -0.72312002    0.67863127
    0.92431040    0.12034158    0.36217150    0.12034158    0.80866468   -0.57582927   -0.36217150    0.57582927    0.73297507
    0.80936290    0.01739247   -0.58705127    0.01739247    0.99841323    0.05355868    0.58705127   -0.05355868    0.80777613
    0.82211571   -0.14602366    0.55027525   -0.14602366    0.88013045    0.45171615   -0.55027525   -0.45171615    0.70224616
    0.92490523   -0.13375267   -0.35589400   -0.13375267    0.76177068   -0.63388931    0.35589400    0.63388931    0.68667591
    0.89164534    0.14912877   -0.42746835    0.14912877    0.79475372    0.58832570    0.42746835   -0.58832570    0.68639907
    0.78177359    0.05661573    0.62098689    0.05661573    0.98531186   -0.16110619   -0.62098689    0.16110619    0.76708544
    0.60057671   -0.15634074   -0.78413340   -0.15634074    0.93880571   -0.30692249    0.78413340    0.30692249    0.53938242
    0.98305246   -0.03542468    0.17986924   -0.03542468    0.92595337    0.37597267   -0.17986924   -0.37597267    0.90900584
    0.99380859    0.04196138    0.10287722    0.04196138    0.71561267   -0.69723579   -0.10287722    0.69723579    0.70942126
    0.94987831    0.02227039   -0.31182563    0.02227039    0.99010468    0.13855238    0.31182563   -0.13855238    0.93998299
    0.79177227   -0.03527541    0.60979695   -0.03527541    0.99402407    0.10330440   -0.60979695   -0.10330440    0.78579634
    0.83147845   -0.14180538   -0.53715437   -0.14180538    0.88067540   -0.45199787    0.53715437    0.45199787    0.71215385
    0.99994906    0.00290986   -0.00966486    0.00290986    0.83377839    0.55209159    0.00966486   -0.55209159    0.83372745
    0.92517254    0.06134279    0.37455685    0.06134279    0.94971180   -0.30705791   -0.37455685    0.30705791    0.87488434
    0.99968966    0.00071615   -0.02490108    0.00071615    0.99834735    0.05746345    0.02490108   -0.05746345    0.99803702
    0.89928871   -0.06311668    0.43277720   -0.06311668    0.96044420    0.27122541   -0.43277720   -0.27122541    0.85973291
    0.98915961    0.01226788    0.14633100    0.01226788    0.98611665   -0.16560028   -0.14633100    0.16560028    0.97527626
