# Rotation matrices: 76 entries, row-major flattening of 3x3 -> 1x9
# https://github.com/Neurophysics-CFIN/GFO
# Col:  1    2    3    4    5    6    7    8    9
#       R11  R12  R13  R21  R22  R23  R31  R32  R33
# where Rij = R(i,j), i = row index, j = column index

    0.96131238   -0.03202800    0.27359224   -0.03202800    0.97348524    0.22649656   -0.27359224   -0.22649656    0.93479762
    0.99270233    0.00258017    0.12056297    0.00258017    0.99908775   -0.04262631   -0.12056297    0.04262631    0.99179008
    0.98276086    0.04674176   -0.17887508    0.04674176    0.87326557    0.48499737    0.17887508   -0.48499737    0.85602643
    0.91496968    0.11627190    0.38640825    0.11627190    0.84100785   -0.52838116   -0.38640825    0.52838116    0.75597753
    0.98392124   -0.00427454   -0.17855175   -0.00427454    0.99886361   -0.04746797    0.17855175    0.04746797    0.98278485
    0.90336018    0.00710913    0.42882379    0.00710913    0.99947703   -0.03154564   -0.42882379    0.03154564    0.90283721
    0.99891292   -0.00755543   -0.04599878   -0.00755543    0.94748804   -0.31970194    0.04599878    0.31970194    0.94640096
    0.90705173    0.12775222   -0.40116895    0.12775222    0.82441169    0.55138439    0.40116895   -0.55138439    0.73146342
    0.72548844   -0.00971634    0.68816577   -0.00971634    0.99965609    0.02435765   -0.68816577   -0.02435765    0.72514453
    0.80570143   -0.10707784   -0.58256290   -0.10707784    0.94098946   -0.32105012    0.58256290    0.32105012    0.74669089
    0.91856153   -0.10628622    0.38072031   -0.10628622    0.86128472    0.49688215   -0.38072031   -0.49688215    0.77984625
    0.99085135   -0.04738639   -0.12636506   -0.04738639    0.75455719   -0.65452118    0.12636506    0.65452118    0.74540854
    0.74301529    0.17002381   -0.64731768    0.17002381    0.88751044    0.42827225    0.64731768   -0.42827225    0.63052573
    0.83943359   -0.07200191    0.53867149   -0.07200191    0.96771258    0.24155349   -0.53867149   -0.24155349    0.80714617
    0.77352962   -0.21578470   -0.59589335   -0.21578470    0.79439678   -0.56777699    0.59589335    0.56777699    0.56792640
    0.79932803    0.24620778   -0.54813906    0.24620778    0.69792358    0.67252093    0.54813906   -0.67252093    0.49725161
    0.62589005    0.12513113    0.76980767    0.12513113    0.95814653   -0.25748287   -0.76980767    0.25748287    0.58403657
    0.70554092   -0.01174051   -0.70857192   -0.01174051    0.99953189   -0.02825179    0.70857192    0.02825179    0.70507281
    0.96940090   -0.09866559    0.22478209   -0.09866559    0.68185666    0.72480107   -0.22478209   -0.72480107    0.65125756
    0.99108165   -0.06564709   -0.11596392   -0.06564709    0.51677846   -0.85359855    0.11596392    0.85359855    0.50786011
    0.85248332    0.29324562   -0.43275766    0.29324562    0.41706258    0.86027078    0.43275766   -0.86027078    0.26954590
    0.51034787   -0.00913237    0.85991956   -0.00913237    0.99982967    0.01603812   -0.85991956   -0.01603812    0.51017755
    0.55705433   -0.28147379   -0.78132130   -0.28147379    0.82113497   -0.49649761    0.78132130    0.49649761    0.37818930
    0.92981350   -0.19386225    0.31283267   -0.19386225    0.46453274    0.86407567   -0.31283267   -0.86407567    0.39434624
    0.89705900    0.19470933    0.39670320    0.19470933    0.63171406   -0.75035034   -0.39670320    0.75035034    0.52877306
    0.56957142    0.09710887   -0.81618519    0.09710887    0.97809130    0.18413930    0.81618519   -0.18413930    0.54766272
    0.60488269   -0.30969915    0.73362345   -0.30969915    0.75725295    0.57502557   -0.73362345   -0.57502557    0.36213563
    0.90381375   -0.24892302   -0.34807762   -0.24892302    0.35580528   -0.90079961    0.34807762    0.90079961    0.25961903
    0.97546389    0.13162369   -0.17648060    0.13162369    0.29390616    0.94672825    0.17648060   -0.94672825    0.26937005
    0.50741287    0.44997444    0.73488447    0.44997444    0.58895192   -0.67131113   -0.73488447    0.67131113    0.09636479
    0.06396887   -0.17974508   -0.98163114   -0.17974508    0.96548374   -0.18850160    0.98163114    0.18850160    0.02945261
    0.48367009   -0.47114396    0.73762227   -0.47114396    0.57008760    0.67307020   -0.73762227   -0.67307020    0.05375769
    0.96095563    0.18981182    0.20133493    0.18981182    0.07724149   -0.97877741   -0.20133493    0.97877741    0.03819712
    0.23820377    0.31663726    0.91815021    0.31663726    0.86839111   -0.38162510   -0.91815021    0.38162510    0.10659488
    0.25897845   -0.08377377    0.96224327   -0.08377377    0.99052923    0.10878327   -0.96224327   -0.10878327    0.24950768
    0.73583308   -0.42891987   -0.52400135   -0.42891987    0.30357573   -0.85080522    0.52400135    0.85080522    0.03940881
    0.99736839   -0.04825631    0.05410755   -0.04825631    0.11511600    0.99217924   -0.05410755   -0.99217924    0.11248439
    0.63524060    0.39023706   -0.66647162    0.39023706    0.58250572    0.71302323    0.66647162   -0.71302323    0.21774632
    0.02069300    0.09167110    0.99557431    0.09167110    0.99141884   -0.09319385   -0.99557431    0.09319385    0.01211184
    0.31886104   -0.38383675   -0.86660082   -0.38383675    0.78369957   -0.48834858    0.86660082    0.48834858    0.10256062
    0.91367878   -0.26469360    0.30842891   -0.26469360    0.18834907    0.94575997   -0.30842891   -0.94575997    0.10202784
    0.88651500    0.26685135    0.37799670    0.26685135    0.37251931   -0.88883053   -0.37799670    0.88883053    0.25903431
    0.27089596    0.19233452   -0.94319818    0.19233452    0.94926298    0.24881163    0.94319818   -0.24881163    0.22015894
    0.32345608   -0.30957758    0.89416882   -0.30957758    0.85834138    0.40915986   -0.89416882   -0.40915986    0.18179747
    0.99258939   -0.07716710   -0.09386982   -0.07716710    0.19645473   -0.97747163    0.09386982    0.97747163    0.18904412
    0.74977311    0.42938906    0.50345339    0.42938906    0.26316884   -0.86392546   -0.50345339    0.86392546    0.01294195
    0.34107298    0.13790919    0.92986573    0.13790919    0.97113649   -0.19461492   -0.92986573    0.19461492    0.31220947
    0.34296201   -0.18160378   -0.92162743   -0.18160378    0.94980514   -0.25473569    0.92162743    0.25473569    0.29276715
    0.75642541   -0.34621460    0.55493789   -0.34621460    0.50789389    0.78878340   -0.55493789   -0.78878340    0.26431929
    0.98806545    0.08593687    0.12783399    0.08593687    0.38119635   -0.92049128   -0.12783399    0.92049128    0.36926180
    0.36144472    0.38869864   -0.84750875    0.38869864    0.76339302    0.51589190    0.84750875   -0.51589190    0.12483774
    0.52546636   -0.16945059    0.83376951   -0.16945059    0.93949111    0.29772965   -0.83376951   -0.29772965    0.46495748
    0.68446332   -0.35892950   -0.63457039   -0.35892950    0.59171028   -0.72183694    0.63457039    0.72183694    0.27617359
    0.99908292   -0.02247085    0.03644682   -0.02247085    0.44940288    0.89304653   -0.03644682   -0.89304653    0.44848581
    0.71882686    0.32736635    0.61328559    0.32736635    0.61885147   -0.71404071   -0.61328559    0.71404071    0.33767833
    0.35831604    0.00700383   -0.93357408    0.00700383    0.99992355    0.01018975    0.93357408   -0.01018975    0.35823959
    0.83461595   -0.21736248    0.50613217   -0.21736248    0.71432282    0.66520407   -0.50613217   -0.66520407    0.54893877
    0.89768105   -0.20007149   -0.39260685   -0.20007149    0.60878607   -0.76769194    0.39260685    0.76769194    0.50646712
    0.54504825    0.26152219   -0.79657300    0.26152219    0.84966789    0.45789805    0.79657300   -0.45789805    0.39471614
    0.53024880    0.27951122    0.80044343    0.27951122    0.83368532   -0.47627961   -0.80044343    0.47627961    0.36393412
    0.59181139   -0.12571674   -0.79621265   -0.12571674    0.96128089   -0.24522306    0.79621265    0.24522306    0.55309228
    0.99735498    0.02818128   -0.06699902    0.02818128    0.69974392    0.71383770    0.06699902   -0.71383770    0.69709890
    0.98717616    0.06627551    0.14522669    0.06627551    0.65747836   -0.75055297   -0.14522669    0.75055297    0.64465451
    0.82748266    0.07145150   -0.55692650    0.07145150    0.97040693    0.23066225    0.55692650   -0.23066225    0.79788959
    0.73890688   -0.16685005    0.65282286   -0.16685005    0.89337544    0.41718268   -0.65282286   -0.41718268    0.63228232
    0.92296290   -0.11686868   -0.36671677   -0.11686868    0.82270505   -0.55632555    0.36671677    0.55632555    0.74566796
    0.95093467    0.14270874   -0.27451316    0.14270874    0.58492517    0.79843394    0.27451316   -0.79843394    0.53585984
    0.76165790    0.20142022    0.61587916    0.20142022    0.82978205   -0.52047253   -0.61587916    0.52047253    0.59143995
    0.88313895   -0.01249911   -0.46894495   -0.01249911    0.99866313   -0.05015697    0.46894495    0.05015697    0.88180208
    0.99373504   -0.02898149    0.10793864   -0.02898149    0.86593273    0.49932013   -0.10793864   -0.49932013    0.85966776
    0.99414095    0.02987013    0.10388236    0.02987013    0.84771852   -0.52960465   -0.10388236    0.52960465    0.84185947
    0.95271217    0.03579258   -0.30175886    0.03579258    0.97290827    0.22840401    0.30175886   -0.22840401    0.92562044
    0.82623940    0.08398706    0.55702301    0.08398706    0.95940492   -0.26923666   -0.55702301    0.26923666    0.78564432
    0.94584468   -0.05310500   -0.32024630   -0.05310500    0.94792494   -0.31403530    0.32024630    0.31403530    0.89376962
    0.99987507    0.00185409   -0.01569735    0.00185409    0.97248326    0.23296538    0.01569735   -0.23296538    0.97235833
    0.96163028    0.04081465    0.27129570    0.04081465    0.95658462   -0.28858281   -0.27129570    0.28858281    0.91821490
