# Rotation matrices: 14 entries, row-major flattening of 3x3 -> 1x9
# https://github.com/Neurophysics-CFIN/GFO
# Col:  1    2    3    4    5    6    7    8    9
#       R11  R12  R13  R21  R22  R23  R31  R32  R33
# where Rij = R(i,j), i = row index, j = column index

    0.60917437   -0.56329220    0.55821904   -0.56329220    0.18813386    0.80455426   -0.55821904   -0.80455426   -0.20269178
    0.94892527    0.12750056   -0.28859042    0.12750056    0.68171353    0.72042367    0.28859042   -0.72042367    0.63063881
    0.96199495    0.18998485   -0.19614148    0.18998485    0.05027780    0.98049880    0.19614148   -0.98049880    0.01227275
   -0.67413252    0.68421981    0.27818806    0.68421981    0.72035861   -0.11369577   -0.27818806    0.11369577   -0.95377391
    0.79518628   -0.49696020   -0.34743249   -0.49696020   -0.20582470   -0.84301053    0.34743249    0.84301053   -0.41063842
    0.58681166    0.15011419   -0.79568700    0.15011419    0.94546247    0.28907861    0.79568700   -0.28907861    0.53227413
    0.20069351   -0.14780449   -0.96843996   -0.14780449    0.97266860   -0.17907995    0.96843996    0.17907995    0.17336211
   -0.00229819   -0.93261497   -0.36086569   -0.93261497    0.13222364   -0.33577706    0.36086569    0.33577706   -0.87007455
    0.39480711    0.50850952   -0.76520939    0.50850952    0.57272807    0.64296238    0.76520939   -0.64296238   -0.03246482
    0.58639178    0.15034519    0.79595289    0.15034519    0.94535003   -0.28932620   -0.79595289    0.28932620    0.53174181
    0.28583349    0.92425889   -0.25307058    0.92425889   -0.19615592    0.32751849    0.25307058   -0.32751849   -0.91032243
    0.99416507    0.04967525    0.09575060    0.04967525    0.57709311   -0.81516619   -0.09575060    0.81516619    0.57125818
   -0.18299450   -0.50816711   -0.84159325   -0.50816711    0.78171174   -0.36151479    0.84159325    0.36151479   -0.40128276
    0.83817255   -0.13439987   -0.52858628   -0.13439987    0.88837911   -0.43899799    0.52858628    0.43899799    0.72655166
