# Rotation matrices: 97 entries, row-major flattening of 3x3 -> 1x9
# https://github.com/Neurophysics-CFIN/GFO
# Col:  1    2    3    4    5    6    7    8    9
#       R11  R12  R13  R21  R22  R23  R31  R32  R33
# where Rij = R(i,j), i = row index, j = column index

    0.99857375   -0.00039224   -0.05338831   -0.00039224    0.99989213   -0.01468240    0.05338831    0.01468240    0.99846588
    0.95262236    0.01044793   -0.30397611    0.01044793    0.99769597    0.06703420    0.30397611   -0.06703420    0.95031834
    0.99683861    0.00976306   -0.07885095    0.00976306    0.96984959    0.24350862    0.07885095   -0.24350862    0.96668820
    0.95938955    0.05743816    0.27617484    0.05743816    0.91876124   -0.39061317   -0.27617484    0.39061317    0.87815079
    0.87276295    0.05863619   -0.48460977    0.05863619    0.97297797    0.22332860    0.48460977   -0.22332860    0.84574092
    0.95529068    0.00845621    0.29554731    0.00845621    0.99840061   -0.05589908   -0.29554731    0.05589908    0.95369129
    0.98078199   -0.06193735   -0.18501472   -0.06193735    0.80038329   -0.59628044    0.18501472    0.59628044    0.78116528
    0.97007463    0.08181193   -0.22860890    0.08181193    0.77633722    0.62498587    0.22860890   -0.62498587    0.74641184
    0.83258845   -0.01178753    0.55376667   -0.01178753    0.99917003    0.03899100   -0.55376667   -0.03899100    0.83175849
    0.93508302   -0.07564668   -0.34626192   -0.07564668    0.91185018   -0.40349329    0.34626192    0.40349329    0.84693320
    0.99910998    0.01109666   -0.04069545    0.01109666    0.86164883    0.50738364    0.04069545   -0.50738364    0.86075880
    0.99196893    0.03865500    0.12043018    0.03865500    0.81394644   -0.57965247   -0.12043018    0.57965247    0.80591537
    0.77919718    0.01561649   -0.62658429    0.01561649    0.99889551    0.04431577    0.62658429   -0.04431577    0.77809269
    0.26945428   -0.14303751    0.95233117   -0.14303751    0.97199391    0.18646209   -0.95233117   -0.18646209    0.24144819
    0.87796916   -0.16061086   -0.45097041   -0.16061086    0.78861205   -0.59354460    0.45097041    0.59354460    0.66658121
    0.96057410    0.13750768   -0.24163824    0.13750768    0.52040762    0.84277372    0.24163824   -0.84277372    0.48098172
    0.74981434    0.23377636    0.61897258    0.23377636    0.78155667   -0.57837513   -0.61897258    0.57837513    0.53137101
    0.56237321   -0.17364833   -0.80844458   -0.17364833    0.93109713   -0.32078715    0.80844458    0.32078715    0.49347033
    0.91429377   -0.10429825    0.39139339   -0.10429825    0.87307661    0.47629728   -0.39139339   -0.47629728    0.78737038
    0.96208855    0.11194493    0.24870456    0.11194493    0.66944903   -0.73437479   -0.24870456    0.73437479    0.63153757
    0.89233786    0.17852350   -0.41456303    0.17852350    0.70397541    0.68742126    0.41456303   -0.68742126    0.59631327
    0.67706255   -0.06202809    0.73330677   -0.06202809    0.98808598    0.14084963   -0.73330677   -0.14084963    0.66514853
    0.81159778   -0.11119167   -0.57353767   -0.11119167    0.93437664   -0.33849182    0.57353767    0.33849182    0.74597442
    0.90117818   -0.16836084    0.39941522   -0.16836084    0.71316686    0.68047606   -0.39941522   -0.68047606    0.61434503
    0.98171403    0.09859225    0.16284080    0.09859225    0.46842122   -0.87798697   -0.16284080    0.87798697    0.45013526
    0.73209341    0.13764608   -0.66715275    0.13764608    0.92927967    0.34277231    0.66715275   -0.34277231    0.66137308
    0.77075392   -0.21267181    0.60059062   -0.21267181    0.80270415    0.55716850   -0.60059062   -0.55716850    0.57345808
    0.95481828   -0.18473993   -0.23279434   -0.18473993    0.24463160   -0.95185426    0.23279434    0.95185426    0.19944988
    0.93590063    0.21154006   -0.28167503    0.21154006    0.30187780    0.92958087    0.28167503   -0.92958087    0.23777842
    0.40601144    0.23930257    0.88198015    0.23930257    0.90359121   -0.35532690   -0.88198015    0.35532690    0.30960265
    0.34047998   -0.22826404   -0.91212330   -0.22826404    0.92099637   -0.31569163    0.91212330    0.31569163    0.26147635
    0.83622374   -0.27501912    0.47444109   -0.27501912    0.53817779    0.79669891   -0.47444109   -0.79669891    0.37440153
    0.99735266    0.04543896    0.05677120    0.04543896    0.22008492   -0.97442184   -0.05677120    0.97442184    0.21743758
    0.58038173    0.36945837   -0.72571176    0.36945837    0.67470556    0.63896237    0.72571176   -0.63896237    0.25508729
    0.29576247    0.07478759    0.95232945    0.07478759    0.99205782   -0.10113409   -0.95232945    0.10113409    0.28782029
    0.72371913   -0.21344253   -0.65625674   -0.21344253    0.83510363   -0.50699528    0.65625674    0.50699528    0.55882276
    0.99998308   -0.00310145    0.00492217   -0.00310145    0.43162058    0.90204992   -0.00492217   -0.90204992    0.43160365
    0.57063535    0.33365371    0.75036691    0.33365371    0.74072202   -0.58310041   -0.75036691    0.58310041    0.31135736
    0.33791897    0.33484871   -0.87959486    0.33484871    0.83064964    0.44485673    0.87959486   -0.44485673    0.16856861
    0.39921762   -0.30352998    0.86515597   -0.30352998    0.84664922    0.43709799   -0.86515597   -0.43709799    0.24586684
    0.87754876   -0.31851980    0.35840385   -0.31851980    0.17146729    0.93227899   -0.35840385   -0.93227899    0.04901604
    0.76377532    0.37900208   -0.52249850    0.37900208    0.39192392    0.83830368    0.52249850   -0.83830368    0.15569925
    0.15665133    0.26225737    0.95219821    0.26225737    0.91844544   -0.29610647   -0.95219821    0.29610647    0.07509677
    0.48468836   -0.44092416    0.75542245   -0.44092416    0.62272516    0.64637393   -0.75542245   -0.64637393    0.10741352
    0.94564485   -0.18998474    0.26393487   -0.18998474    0.33595618    0.92251788   -0.26393487   -0.92251788    0.28160103
    0.71374830    0.36960994    0.59493854    0.36960994    0.52275741   -0.76818825   -0.59493854    0.76818825    0.23650570
    0.16645483    0.15526173   -0.97374873    0.15526173    0.97107991    0.18137698    0.97374873   -0.18137698    0.13753474
    0.07982730   -0.26046218    0.96217829   -0.26046218    0.92627412    0.27235219   -0.96217829   -0.27235219    0.00610142
    0.71542597   -0.40885017    0.56657500   -0.40885017    0.41260115    0.81400358   -0.56657500   -0.81400358    0.12802712
    0.81960363    0.37059581    0.43693092    0.37059581    0.23866951   -0.89760549   -0.43693092    0.89760549    0.05827314
    0.52144905    0.49804261   -0.69285240    0.49804261    0.48167183    0.72107268    0.69285240   -0.72107268    0.00312088
    0.05309661   -0.00202166    0.99858733   -0.00202166    0.99999568    0.00213201   -0.99858733   -0.00213201    0.05309229
    0.57960791   -0.42909352   -0.69277227   -0.42909352    0.56202494   -0.70711153    0.69277227    0.70711153    0.14163285
    0.98936621   -0.10207063    0.10361510   -0.10207063    0.02025390    0.99457095   -0.10361510   -0.99457095    0.00962011
    0.34118268    0.42213627    0.83987818    0.42213627    0.72951678   -0.53815076   -0.83987818    0.53815076    0.07069946
    0.21486854   -0.05855166   -0.97488626   -0.05855166    0.99563347   -0.07270274    0.97488626    0.07270274    0.21050202
    0.78184257   -0.36943743   -0.50223319   -0.36943743    0.37437834   -0.85050388    0.50223319    0.85050388    0.15622091
    0.99334860   -0.06132106   -0.09745919   -0.06132106    0.43466486   -0.89850219    0.09745919    0.89850219    0.42801346
    0.81824643    0.28193108   -0.50098667    0.28193108    0.56267634    0.77711659    0.50098667   -0.77711659    0.38092277
    0.52290686    0.05595570    0.85055122    0.05595570    0.99343726   -0.09975660   -0.85055122    0.09975660    0.51634411
    0.53933517   -0.32185210   -0.77815731   -0.32185210    0.77513201   -0.54367416    0.77815731    0.54367416    0.31446718
    0.99983488    0.01140372   -0.01414831    0.01140372    0.21243796    0.97710801    0.01414831   -0.97710801    0.21227283
    0.91348044    0.23522897    0.33199520    0.23522897    0.36046057   -0.90262700   -0.33199520    0.90262700    0.27394101
    0.54372707    0.23171994   -0.80663916    0.23171994    0.88232014    0.40965477    0.80663916   -0.40965477    0.42604722
    0.28522286   -0.40709953   -0.86770842   -0.40709953    0.76813748   -0.49420115    0.86770842    0.49420115    0.05336034
    0.76728808   -0.28624197   -0.57387676   -0.28624197    0.64791460   -0.70588398    0.57387676    0.70588398    0.41520269
    0.96290320    0.18891693   -0.19268583    0.18891693    0.03793316    0.98126014    0.19268583   -0.98126014    0.00083636
    0.61560652    0.17809291    0.76766629    0.17809291    0.91748797   -0.35566661   -0.76766629    0.35566661    0.53309449
    0.39575568    0.12510595   -0.90979445    0.12510595    0.97409740    0.18836867    0.90979445   -0.18836867    0.36985308
    0.65245641   -0.32368143    0.68522329   -0.32368143    0.69854236    0.63817623   -0.68522329   -0.63817623    0.35099877
    0.99981310   -0.00809548   -0.01755631   -0.00809548    0.64934423   -0.76045154    0.01755631    0.76045154    0.64915733
    0.72851354    0.24445258   -0.63993043    0.24445258    0.77988934    0.57620791    0.63993043   -0.57620791    0.50840288
    0.47673282   -0.09113663    0.87431112   -0.09113663    0.98412687    0.15227741   -0.87431112   -0.15227741    0.46085969
    0.90027526   -0.22678204   -0.37158358   -0.22678204    0.48427948   -0.84501082    0.37158358    0.84501082    0.38455474
    0.98393402   -0.06102240    0.16777995   -0.06102240    0.76822246    0.63726801   -0.16777995   -0.63726801    0.75215648
    0.85563665    0.23778227    0.45972331    0.23778227    0.60834654   -0.75721469   -0.45972331    0.75721469    0.46398319
    0.60709723    0.06791547   -0.79171993    0.06791547    0.98826043    0.13685328    0.79171993   -0.13685328    0.59535765
    0.59189539   -0.20659336    0.77908859   -0.20659336    0.89541697    0.39439527   -0.77908859   -0.39439527    0.48731236
    0.95205224   -0.13141705   -0.27627178   -0.13141705    0.63980718   -0.75721617    0.27627178    0.75721617    0.59185942
    0.99917982    0.01692348   -0.03678695    0.01692348    0.65080253    0.75905841    0.03678695   -0.75905841    0.64998235
    0.72070375    0.05820723    0.69079521    0.05820723    0.98786922   -0.14396639   -0.69079521    0.14396639    0.70857297
    0.45916145   -0.04221942   -0.88734902   -0.04221942    0.99670423   -0.06926903    0.88734902    0.06926903    0.45586568
    0.96844514   -0.11758249    0.21974616   -0.11758249    0.56185385    0.81883735   -0.21974616   -0.81883735    0.53029899
    0.90280495    0.13605646    0.40796062    0.13605646    0.80954420   -0.57107514   -0.40796062    0.57107514    0.71234915
    0.87154867    0.12987771   -0.47279455    0.12987771    0.86868006    0.47804469    0.47279455   -0.47804469    0.74022874
    0.78940932   -0.11893126    0.60223607   -0.11893126    0.93283348    0.34011330   -0.60223607   -0.34011330    0.72224279
    0.97635855   -0.02315828   -0.21491318   -0.02315828    0.97731502   -0.21052088    0.21491318    0.21052088    0.95367357
    0.98411061   -0.03563893    0.17394305   -0.03563893    0.92006409    0.39014348   -0.17394305   -0.39014348    0.90417470
    0.80783732    0.12873267    0.57517542    0.12873267    0.91376004   -0.38531867   -0.57517542    0.38531867    0.72159736
    0.68304568   -0.06614373   -0.72737446   -0.06614373    0.98619677   -0.15179242    0.72737446    0.15179242    0.66924245
    0.91244241   -0.04830142    0.40634446   -0.04830142    0.97335437    0.22416120   -0.40634446   -0.22416120    0.88579678
    0.99881937   -0.01035694   -0.04746167   -0.01035694    0.90914525   -0.41635040    0.04746167    0.41635040    0.90796461
    0.95927990    0.05498034   -0.27705456    0.05498034    0.92576546    0.37407951    0.27705456   -0.37407951    0.88504536
    0.88645793    0.05286248    0.45978027    0.05286248    0.97538849   -0.21406274   -0.45978027    0.21406274    0.86184642
    0.88441464   -0.03315028   -0.46552316   -0.03315028    0.99049239   -0.13351363    0.46552316    0.13351363    0.87490702
    0.98633898   -0.01193268    0.16429553   -0.01193268    0.98957700    0.14350948   -0.16429553   -0.14350948    0.97591598
    0.99529598    0.01071550    0.09628652    0.01071550    0.97559068   -0.21933536   -0.09628652    0.21933536    0.97088666
