# Rotation matrices: 27 entries, row-major flattening of 3x3 -> 1x9
# https://github.com/Neurophysics-CFIN/GFO
# Col:  1    2    3    4    5    6    7    8    9
#       R11  R12  R13  R21  R22  R23  R31  R32  R33
# where Rij = R(i,j), i = row index, j = column index

   -0.32973979   -0.03546828    0.94340536   -0.03546828    0.99905395    0.02516355   -0.94340536   -0.02516355   -0.33068584
    0.68347811   -0.32050494   -0.65584621   -0.32050494    0.67546188   -0.66409926    0.65584621    0.66409926    0.35894000
    0.59427347   -0.30942434    0.74235815   -0.30942434    0.76401981    0.56615396   -0.74235815   -0.56615396    0.35829328
    0.96875075    0.09144651   -0.23056348    0.09144651    0.73239469    0.67471146    0.23056348   -0.67471146    0.70114544
    0.34995136    0.27722468    0.89480753    0.27722468    0.88177266   -0.38160642   -0.89480753    0.38160642    0.23172402
    0.93284887   -0.11035602   -0.34294977   -0.11035602    0.81864118   -0.56360285    0.34294977    0.56360285    0.75149005
    0.36673556   -0.91916315    0.14368064   -0.91916315   -0.33413602    0.20854787   -0.14368064   -0.20854787   -0.96740046
    0.91523060    0.23064564   -0.33038695    0.23064564    0.37244559    0.89893652    0.33038695   -0.89893652    0.28767619
    0.99658920    0.05531694    0.06123733    0.05531694    0.10286143   -0.99315636   -0.06123733    0.99315636    0.09945063
   -0.04543944    0.44305630    0.89534149    0.44305630    0.81223314   -0.37944492   -0.89534149    0.37944492   -0.23320630
    0.68966031   -0.10366427   -0.71667453   -0.10366427    0.96537252   -0.23939427    0.71667453    0.23939427    0.65503283
    0.94456734    0.04541853    0.32516104    0.04541853    0.96278651   -0.26641939   -0.32516104    0.26641939    0.90735385
    0.67726805   -0.04918506    0.73409047   -0.04918506    0.99250409    0.11187701   -0.73409047   -0.11187701    0.66977214
    0.98791494   -0.08106689    0.13210688   -0.08106689    0.45620120    0.88617641   -0.13210688   -0.88617641    0.44411614
    0.98214306    0.06945968    0.17484382    0.06945968    0.72981667   -0.68010512   -0.17484382    0.68010512    0.71195973
    0.68344715    0.57417129   -0.45080741    0.57417129   -0.04144591    0.81768549    0.45080741   -0.81768549   -0.35799876
    0.88910312    0.44914497    0.08811604    0.44914497   -0.81908820   -0.35687998   -0.08811604    0.35687998   -0.92998508
    0.24350168   -0.06528284    0.96770093   -0.06528284    0.99436635    0.08350880   -0.96770093   -0.08350880    0.23786803
    0.86806209    0.02774941   -0.49567952    0.02774941    0.99416370    0.10425218    0.49567952   -0.10425218    0.86222578
    0.41881255   -0.80070497   -0.42833117   -0.80070497   -0.10313540   -0.59011409    0.42833117    0.59011409   -0.68432286
    0.71797766    0.17064814    0.67482389    0.17064814    0.89674297   -0.40832739   -0.67482389    0.40832739    0.61472063
    0.25858052   -0.36119446   -0.89592113   -0.36119446    0.82403829   -0.43646244    0.89592113    0.43646244    0.08261881
    0.73926043    0.18779059   -0.64670605    0.18779059    0.86474894    0.46577245    0.64670605   -0.46577245    0.60400937
    0.52735345    0.52747621    0.66608347    0.52747621    0.41133359   -0.74335290   -0.66608347    0.74335290   -0.06131296
   -0.44430772   -0.83653401   -0.32062674   -0.83653401    0.51548473   -0.18570500    0.32062674    0.18570500   -0.92882299
    0.77840567   -0.44132129   -0.44645283   -0.44132129    0.12107640   -0.88914342    0.44645283    0.88914342   -0.10051793
    0.95969246   -0.14907426   -0.23825879   -0.14907426    0.44866063   -0.88118131    0.23825879    0.88118131    0.40835308
