# Rotation matrices: 30 entries, row-major flattening of 3x3 -> 1x9
# https://github.com/Neurophysics-CFIN/GFO
# Col:  1    2    3    4    5    6    7    8    9
#       R11  R12  R13  R21  R22  R23  R31  R32  R33
# where Rij = R(i,j), i = row index, j = column index

    0.99360330    0.09956335   -0.05328804    0.09956335   -0.54968429    0.82941806    0.05328804   -0.82941806   -0.55608099
    0.72798016    0.42934545    0.53451602    0.42934545    0.32233797   -0.84365912   -0.53451602    0.84365912    0.05031813
    0.51720810    0.83246464    0.19874205    0.83246464   -0.43539562   -0.34268539   -0.19874205    0.34268539   -0.91818752
    0.70826367   -0.16935192   -0.68533386   -0.16935192    0.90169180   -0.39783392    0.68533386    0.39783392    0.60995547
    0.40544457    0.68247421    0.60814773    0.68247421    0.21660619   -0.69807644   -0.60814773    0.69807644   -0.37794924
    0.96785642   -0.16152964    0.19277482   -0.16152964    0.18827264    0.96874227   -0.19277482   -0.96874227    0.15612906
    0.14823273    0.45505356    0.87803947    0.45505356    0.75688929   -0.46908939   -0.87803947    0.46908939   -0.09487798
    0.96827150    0.13893712   -0.20771804    0.13893712    0.39160307    0.90958425    0.20771804   -0.90958425    0.35987457
    0.81257506   -0.44668564    0.37442450   -0.44668564   -0.06457585    0.89235750   -0.37442450   -0.89235750   -0.25200078
    0.84900888   -0.25502007    0.46276203   -0.25502007    0.56927776    0.78159298   -0.46276203   -0.78159298    0.41828664
    0.53544397   -0.44828702   -0.71577825   -0.44828702    0.56741223   -0.69071130    0.71577825    0.69071130    0.10285620
    0.99868079    0.01987226   -0.04734735    0.01987226    0.70064892    0.71322941    0.04734735   -0.71322941    0.69932971
    0.65155803    0.30823923    0.69315273    0.30823923    0.72732498   -0.61317775   -0.69315273    0.61317775    0.37888301
   -0.72280525    0.05100964    0.68916659    0.05100964    0.99848968   -0.02040517   -0.68916659    0.02040517   -0.72431556
    0.17329986   -0.13843506    0.97509122   -0.13843506    0.97681836    0.16328389   -0.97509122   -0.16328389    0.15011822
    0.96103135   -0.26894625    0.06392695   -0.26894625   -0.85616103    0.44119860   -0.06392695   -0.44119860   -0.89512968
   -0.21241861    0.30170795   -0.92943566    0.30170795    0.92492058    0.23128821    0.92943566   -0.23128821   -0.28749804
    0.08251585   -0.60292144   -0.79352182   -0.60292144    0.60379232   -0.52146003    0.79352182    0.52146003   -0.31369182
    0.49239665    0.77519641   -0.39574747    0.77519641   -0.18385641    0.60437352    0.39574747   -0.60437352   -0.69145975
    0.97892250   -0.01929738    0.20331832   -0.01929738    0.98233239    0.18614696   -0.20331832   -0.18614696    0.96125489
    0.98332708    0.11717445    0.13906116    0.11717445    0.17651801   -0.97729808   -0.13906116    0.97729808    0.15984508
   -0.06705686    0.82343731    0.56343090    0.82343731    0.36456151   -0.43479409   -0.56343090    0.43479409   -0.70249535
   -0.76472099   -0.56549586    0.30889519   -0.56549586    0.81878973    0.09898389   -0.30889519   -0.09898389   -0.94593126
   -0.57967763    0.39957552   -0.71015016    0.39957552    0.89892837    0.17963071    0.71015016   -0.17963071   -0.68074926
   -0.32348658    0.19399671    0.92613266    0.19399671    0.97156396   -0.13575256   -0.92613266    0.13575256   -0.35192263
    0.62018087   -0.69358985    0.36648166   -0.69358985   -0.26656833    0.66923422   -0.36648166   -0.66923422   -0.64638746
   -0.48730331   -0.51390247   -0.70600265   -0.51390247    0.82243316   -0.24394251    0.70600265    0.24394251   -0.66487014
    0.33027430   -0.22632894   -0.91634824   -0.22632894    0.92351378   -0.30967324    0.91634824    0.30967324    0.25378808
    0.94429280    0.03635353    0.32709255    0.03635353    0.97627633   -0.21345479   -0.32709255    0.21345479    0.92056913
    0.92328486   -0.11145755    0.36758983   -0.11145755    0.83806604    0.53406228   -0.36758983   -0.53406228    0.76135090
