# Rotation matrices: 87 entries, row-major flattening of 3x3 -> 1x9
# https://github.com/Neurophysics-CFIN/GFO
# Col:  1    2    3    4    5    6    7    8    9
#       R11  R12  R13  R21  R22  R23  R31  R32  R33
# where Rij = R(i,j), i = row index, j = column index

    0.73393918   -0.56263427    0.38049435   -0.56263427   -0.18979309    0.80462492   -0.38049435   -0.80462492   -0.45585391
   -0.02679938   -0.88589384   -0.46311326   -0.88589384    0.23567553   -0.39956119    0.46311326    0.39956119   -0.79112386
    0.32631948   -0.56144480    0.76045732   -0.56144480    0.53209236    0.63376451   -0.76045732   -0.63376451   -0.14158815
   -0.84129779    0.50822385    0.18419157    0.50822385    0.85972313   -0.05083944   -0.18419157    0.05083944   -0.98157466
   -0.04784153   -0.60255363   -0.79664315   -0.60255363    0.65350593   -0.45810383    0.79664315    0.45810383   -0.39433560
   -0.18175774   -0.70802399    0.68239736   -0.70802399    0.57580310    0.40884327   -0.68239736   -0.40884327   -0.60595464
    0.97874351    0.02160761    0.20394670    0.02160761    0.97803547   -0.20731556   -0.20394670    0.20731556    0.95677897
    0.99735100   -0.02832167    0.06699901   -0.02832167    0.69720020    0.71631681   -0.06699901   -0.71631681    0.69455120
   -0.61297777   -0.50907630    0.60423470   -0.50907630    0.83932904    0.19070416   -0.60423470   -0.19070416   -0.77364872
    0.86478566    0.31373979   -0.39206264    0.31373979    0.27202505    0.90970859    0.39206264   -0.90970859    0.13681071
    0.97631180   -0.18863947    0.10597368   -0.18863947   -0.50221833    0.84391463   -0.10597368   -0.84391463   -0.52590653
    0.07347116    0.95497560    0.28744319    0.95497560    0.01570425   -0.29626842   -0.28744319    0.29626842   -0.91082459
    0.25641230   -0.52663428   -0.81049927   -0.52663428    0.62701956   -0.57402335    0.81049927    0.57402335   -0.11656814
   -0.70962902   -0.40236135   -0.57838742   -0.40236135    0.90530422   -0.13612353    0.57838742    0.13612353   -0.80432480
   -0.36839925   -0.86787785    0.33327170   -0.86787785    0.44956710    0.21137042   -0.33327170   -0.21137042   -0.91883215
    0.69154478   -0.13049915    0.71044759   -0.13049915    0.94478930    0.30057137   -0.71044759   -0.30057137    0.63633409
    0.06287699   -0.40221285    0.91338453   -0.40221285    0.82737039    0.39202431   -0.91338453   -0.39202431   -0.10975261
    0.07987846   -0.89533678    0.43816832   -0.89533678    0.12878036    0.42636565   -0.43816832   -0.42636565   -0.79134118
    0.77867097   -0.35281022   -0.51884146   -0.35281022    0.43760178   -0.82706084    0.51884146    0.82706084    0.21627275
   -0.38384401   -0.30139823   -0.87282466   -0.30139823    0.93435612   -0.19009932    0.87282466    0.19009932   -0.44948789
    0.77896111   -0.60417100    0.16791959   -0.60417100   -0.65139537    0.45897873   -0.16791959   -0.45897873   -0.87243426
    0.61938200    0.14176138   -0.77218498    0.14176138    0.94720090    0.28760071    0.77218498   -0.28760071    0.56658290
    0.24878591    0.54716768   -0.79919528    0.54716768    0.60145520    0.58211612    0.79919528   -0.58211612   -0.14975889
    0.37833725   -0.65290239   -0.65618548   -0.65290239    0.31428811   -0.68915996    0.65618548    0.68915996   -0.30737464
    0.61491613   -0.50314113   -0.60722908   -0.50314113    0.34260815   -0.79339061    0.60722908    0.79339061   -0.04247573
    0.79192959    0.06144423    0.60751307    0.06144423    0.98185521   -0.17940164   -0.60751307    0.17940164    0.77378480
    0.99995543    0.00138251   -0.00933936    0.00138251    0.95711498    0.28970504    0.00933936   -0.28970504    0.95707041
    0.73837348    0.34298962   -0.58065715    0.34298962    0.55034421    0.76123543    0.58065715   -0.76123543    0.28871769
    0.78453515   -0.56555369    0.25427078   -0.56555369   -0.48446936    0.66741176   -0.25427078   -0.66741176   -0.69993422
    0.87733621   -0.32510990   -0.35296562   -0.32510990    0.13832398   -0.93550523    0.35296562    0.93550523    0.01566019
    0.82438099    0.34934431    0.44537011    0.34934431    0.30507837   -0.88593777   -0.44537011    0.88593777    0.12945936
    0.92766490    0.10624591   -0.35797995    0.10624591    0.84394584    0.52580150    0.35797995   -0.52580150    0.77161074
    0.44751441    0.04626054   -0.89307940    0.04626054    0.99612653    0.07477903    0.89307940   -0.07477903    0.44364094
    0.92939292   -0.29107895    0.22694015   -0.29107895   -0.19997829    0.93556492   -0.22694015   -0.93556492   -0.27058537
   -0.46703294    0.69722734    0.54383295    0.69722734    0.66863323   -0.25846400   -0.54383295    0.25846400   -0.79839971
    0.86013016   -0.23009774    0.45522646   -0.23009774    0.62146972    0.74888612   -0.45522646   -0.74888612    0.48159989
    0.99531702    0.02699052   -0.09281997    0.02699052    0.84443925    0.53497089    0.09281997   -0.53497089    0.83975627
    0.42146957    0.07243698    0.90394485    0.07243698    0.99093027   -0.11318166   -0.90394485    0.11318166    0.41239984
    0.93478087   -0.12467164    0.33262850   -0.12467164    0.76168011    0.63584621   -0.33262850   -0.63584621    0.69646097
    0.10436144    0.68355916    0.72239571    0.68355916    0.47830169   -0.55133871   -0.72239571    0.55133871   -0.41733687
   -0.02476515   -0.12968760    0.99124559   -0.12968760    0.98358758    0.12544558   -0.99124559   -0.12544558   -0.04117756
    0.57930638   -0.08870064   -0.81026929   -0.08870064    0.98129802   -0.17084024    0.81026929    0.17084024    0.56060440
    0.17770678    0.34986393   -0.91979103    0.34986393    0.85114219    0.39134666    0.91979103   -0.39134666    0.02884896
    0.80237424    0.16355026    0.57397465    0.16355026    0.86464980   -0.47500741   -0.57397465    0.47500741    0.66702404
    0.75609767   -0.62798316   -0.18426466   -0.62798316   -0.61688840   -0.47443214    0.18426466    0.47443214   -0.86079073
    0.98085974    0.08796898    0.17371132    0.08796898    0.59569292   -0.79838049   -0.17371132    0.79838049    0.57655267
    0.07402676    0.68553054   -0.72427061    0.68553054    0.49247765    0.53620299    0.72427061   -0.53620299   -0.43349559
    0.62932491    0.71083785   -0.31410142    0.71083785   -0.36316271    0.60234740    0.31410142   -0.60234740   -0.73383779
    0.76709447   -0.48500635   -0.41992250   -0.48500635   -0.00998533   -0.87445362    0.41992250    0.87445362   -0.24289085
    0.81818653   -0.57091835    0.06799292   -0.57091835   -0.79275917    0.21350677   -0.06799292   -0.21350677   -0.97457263
    0.32808147   -0.12208601   -0.93672704   -0.12208601    0.97781726   -0.17020109    0.93672704    0.17020109    0.30589873
    0.92785648    0.19642187   -0.31701861    0.19642187    0.46521111    0.86313213    0.31701861   -0.86313213    0.39306760
    0.92563486    0.20340237    0.31910435    0.20340237    0.44365704   -0.87280920   -0.31910435    0.87280920    0.36929189
    0.63889671    0.00085677    0.76929206    0.00085677    0.99999797   -0.00182526   -0.76929206    0.00182526    0.63889467
   -0.14249139    0.43774456    0.88773640    0.43774456    0.83227856   -0.34013541   -0.88773640    0.34013541   -0.31021282
    0.70279805    0.02198588   -0.71104959    0.02198588    0.99837357    0.05260076    0.71104959   -0.05260076    0.70117162
    0.85362743    0.21682816    0.47360929    0.21682816    0.67880286   -0.70157838   -0.47360929    0.70157838    0.53243029
    0.18903919    0.09611762   -0.97725411    0.09611762    0.98860784    0.11582723    0.97725411   -0.11582723    0.17764703
    0.62438383    0.14224953    0.76805593    0.14224953    0.94612871   -0.29087031   -0.76805593    0.29087031    0.57051254
    0.99400026   -0.07866268    0.07599783   -0.07866268   -0.03134718    0.99640832   -0.07599783   -0.99640832   -0.03734692
    0.45896858    0.40341804   -0.79158179    0.40341804    0.69919286    0.59023997    0.79158179   -0.59023997    0.15816144
    0.88517616    0.45060481   -0.11583812    0.45060481   -0.76831481    0.45458514    0.11583812   -0.45458514   -0.88313865
    0.71481713    0.34731156    0.60696882    0.34731156    0.57702466   -0.73920039   -0.60696882    0.73920039    0.29184179
    0.98353495    0.13892650    0.11557870    0.13892650   -0.17221440   -0.97521363   -0.11557870    0.97521363   -0.18867945
    0.98013835   -0.12201820    0.15633415   -0.12201820    0.25039238    0.96042450   -0.15633415   -0.96042450    0.23053073
    0.77036999   -0.20707770    0.60303309   -0.20707770    0.81325971    0.54380831   -0.60303309   -0.54380831    0.58362969
    0.99810722    0.03575505    0.05003554    0.03575505    0.32457918   -0.94518249   -0.05003554    0.94518249    0.32268640
   -0.22791977   -0.92672061   -0.29873314   -0.92672061    0.30059674   -0.22545623    0.29873314    0.22545623   -0.92732303
   -0.03712879   -0.37567562   -0.92600717   -0.37567562    0.86392031   -0.33542441    0.92600717    0.33542441   -0.17320849
    0.91177717    0.07740436    0.40332488    0.07740436    0.93208748   -0.35386650   -0.40332488    0.35386650    0.84386465
    0.99990741    0.00484104    0.01271719    0.00484104    0.74687582   -0.66494592   -0.01271719    0.66494592    0.74678323
   -0.88301983    0.11153565    0.45589010    0.11153565    0.99339348   -0.02700343   -0.45589010    0.02700343   -0.88962634
    0.91277516    0.00735571    0.40839612    0.00735571    0.99937969   -0.03444025   -0.40839612    0.03444025    0.91215485
    0.99483820   -0.00213177    0.10145153   -0.00213177    0.99911960    0.04189834   -0.10145153   -0.04189834    0.99395780
    0.51722370    0.71517264    0.47011460    0.71517264   -0.05943872   -0.69641592   -0.47011460    0.69641592   -0.54221502
    0.96581636    0.17334435    0.19274465    0.17334435    0.12097537   -0.97740304   -0.19274465    0.97740304    0.08679173
    0.99784258    0.03417822   -0.05605393    0.03417822    0.45854387    0.88801428    0.05605393   -0.88801428    0.45638645
    0.29690848   -0.69208506    0.65792372   -0.69208506    0.31874910    0.64762434   -0.65792372   -0.64762434   -0.38434243
   -0.00099806    0.80391242    0.59474685    0.80391242    0.35436920   -0.47764766   -0.59474685    0.47764766   -0.64662886
   -0.21812484   -0.08985993   -0.97177505   -0.08985993    0.99337112   -0.07168694    0.97177505    0.07168694   -0.22475372
   -0.08684781   -0.55452111    0.82762540   -0.55452111    0.71707754    0.42226312   -0.82762540   -0.42226312   -0.36977027
    0.91955416   -0.33628766   -0.20329968   -0.33628766   -0.40578293   -0.84985341    0.20329968    0.84985341   -0.48622878
    0.88144797    0.42590096    0.20410255    0.42590096   -0.53005922   -0.73324320   -0.20410255    0.73324320   -0.64861125
   -0.06800265    0.18418185   -0.98053694    0.18418185    0.96823701    0.16909800    0.98053694   -0.16909800   -0.09976564
    0.84137296   -0.19323109   -0.50473091   -0.19323109    0.76461609   -0.61483655    0.50473091    0.61483655    0.60598904
   -0.10477092    0.44783492   -0.88795661    0.44783492    0.81846361    0.35994610    0.88795661   -0.35994610   -0.28630730
    0.58971756    0.48687933   -0.64434596    0.48687933    0.42222368    0.76464089    0.64434596   -0.76464089    0.01194124
