# Rotation matrices: 50 entries, row-major flattening of 3x3 -> 1x9
# https://github.com/Neurophysics-CFIN/GFO
# Col:  1    2    3    4    5    6    7    8    9
#       R11  R12  R13  R21  R22  R23  R31  R32  R33
# where Rij = R(i,j), i = row index, j = column index

    0.80129482    0.27655819    0.53051124    0.27655819    0.61508586   -0.73836641   -0.53051124    0.73836641    0.41638068
    0.19778543    0.58480302   -0.78669330    0.58480302    0.57368691    0.57348824    0.78669330   -0.57348824   -0.22852766
    0.89500473    0.26907357   -0.35576109    0.26907357    0.31043957    0.91171634    0.35576109   -0.91171634    0.20544430
    0.30194543    0.00242487    0.95332213    0.00242487    0.99999158   -0.00331160   -0.95332213    0.00331160    0.30193701
    0.13687652   -0.51528989    0.84601486   -0.51528989    0.69236885    0.50507594   -0.84601486   -0.50507594   -0.17075463
    0.13828762   -0.12629244   -0.98230685   -0.12629244    0.98149060   -0.14396674    0.98230685    0.14396674    0.11977822
    0.95187463   -0.25326275   -0.17260555   -0.25326275   -0.33281084   -0.90834736    0.17260555    0.90834736   -0.38093621
    0.99955681    0.01292203   -0.02681817    0.01292203    0.62323822    0.78192528    0.02681817   -0.78192528    0.62279502
    0.75895392    0.55594483    0.33899011    0.55594483   -0.28222228   -0.78184137   -0.33899011    0.78184137   -0.52326836
   -0.85924968   -0.10714501   -0.50020990   -0.10714501    0.99382544   -0.02882614    0.50020990    0.02882614   -0.86542424
    0.71557887   -0.04428717   -0.69712663   -0.04428717    0.99310405   -0.10854949    0.69712663    0.10854949    0.70868292
    0.03358169    0.19596406   -0.98003590    0.19596406    0.96026368    0.19872534    0.98003590   -0.19872534   -0.00615463
    0.48553215    0.18975979    0.85337550    0.18975979    0.93000772   -0.31476478   -0.85337550    0.31476478    0.41553987
    0.65417147    0.46223707    0.59866232    0.46223707    0.38217037   -0.80017667   -0.59866232    0.80017667    0.03634184
   -0.09378741   -0.77892517   -0.62006412   -0.77892517    0.44529951   -0.44156985    0.62006412    0.44156985   -0.64848790
    0.99625047   -0.05385607   -0.06770911   -0.05385607    0.22644260   -0.97253446    0.06770911    0.97253446    0.22269307
   -0.47759844   -0.82641082    0.29823631   -0.82641082    0.53779402    0.16680155   -0.29823631   -0.16680155   -0.93980442
    0.99395406   -0.03129617    0.10524195   -0.03129617    0.83799858    0.54477421   -0.10524195   -0.54477421    0.83195264
    0.99134662    0.00478930    0.13118288    0.00478930    0.99734931   -0.07260452   -0.13118288    0.07260452    0.98869593
    0.98081432   -0.09276889   -0.17145610   -0.09276889    0.55143264   -0.82904522    0.17145610    0.82904522    0.53224696
    0.89445131    0.33825212   -0.29247626    0.33825212   -0.08399728    0.93729929    0.29247626   -0.93729929   -0.18954597
    0.62687340   -0.59009642   -0.50873958   -0.59009642    0.06676773   -0.80456714    0.50873958    0.80456714   -0.30635887
    0.39781184    0.02351399   -0.91716565    0.02351399    0.99908184    0.03581309    0.91716565   -0.03581309    0.39689368
   -0.08182171   -0.92520556   -0.37054000   -0.92520556    0.20873716   -0.31689664    0.37054000    0.31689664   -0.87308455
   -0.04310651   -0.36405251   -0.93038035   -0.36405251    0.87294277   -0.32471018    0.93038035    0.32471018   -0.17016374
    0.96572553   -0.08514312   -0.24520370   -0.08514312    0.78849125   -0.60912412    0.24520370    0.60912412    0.75421678
   -0.47514944   -0.34592262   -0.80905535   -0.34592262    0.91888113   -0.18972352    0.80905535    0.18972352   -0.55626831
    0.99834879    0.04317056    0.03789456    0.04317056   -0.12868540   -0.99074536   -0.03789456    0.99074536   -0.13033661
    0.28173103   -0.74789821    0.60106230   -0.74789821    0.22125031    0.62585666   -0.60106230   -0.62585666   -0.49701866
    0.98280411   -0.18107867    0.03614676   -0.18107867   -0.90682149    0.38063801   -0.03614676   -0.38063801   -0.92401738
    0.97556916    0.10545578    0.19272752    0.10545578    0.54479989   -0.83190874   -0.19272752    0.83190874    0.52036905
    0.15146345   -0.63584490   -0.75680915   -0.63584490    0.52353410   -0.56710962    0.75680915    0.56710962   -0.32500245
   -0.06982371    0.92793669   -0.36613951    0.92793669    0.19513234    0.31757970    0.36613951   -0.31757970   -0.87469137
    0.53313079   -0.50988765    0.67511936   -0.50988765    0.44313009    0.73732646   -0.67511936   -0.73732646   -0.02373912
    0.70598868   -0.54315542    0.45449112   -0.54315542   -0.00342328    0.83962520   -0.45449112   -0.83962520   -0.29743460
    0.59339657    0.76196079    0.25941525    0.76196079   -0.42788820   -0.48613521   -0.25941525    0.48613521   -0.83449163
    0.80392117    0.17229819    0.56923113    0.17229819    0.84859830   -0.50019421   -0.56923113    0.50019421    0.65251948
    0.88468407   -0.32382417   -0.33536848   -0.32382417    0.09065395   -0.94176418    0.33536848    0.94176418   -0.02466199
    0.67752852    0.33985260   -0.65226936    0.33985260    0.64182945    0.68742648    0.65226936   -0.68742648    0.31935797
   -0.11320196   -0.84924768    0.51571669   -0.84924768    0.35211971    0.39343373   -0.51571669   -0.39343373   -0.76108226
    0.98093898    0.06379507    0.18354537    0.06379507    0.78648512   -0.61430558   -0.18354537    0.61430558    0.76742410
   -0.56289299    0.51058309    0.64996646    0.51058309    0.83319710   -0.21233820   -0.64996646    0.21233820   -0.72969589
    0.93189034    0.02834050   -0.36163133    0.02834050    0.98820749    0.15047515    0.36163133   -0.15047515    0.92009783
    0.99999905   -0.00015470    0.00136918   -0.00015470    0.97478888    0.22312916   -0.00136918   -0.22312916    0.97478793
    0.61886142   -0.68847360   -0.37817278   -0.68847360   -0.24363137   -0.68311629    0.37817278    0.68311629   -0.62476995
    0.33199191    0.37994750   -0.86337783    0.37994750    0.78389468    0.49106927    0.86337783   -0.49106927    0.11588659
    0.81334452    0.17789169   -0.55391808    0.17789169    0.83046063    0.52791068    0.55391808   -0.52791068    0.64380515
    0.69497205    0.06219356    0.71634197    0.06219356    0.98731907   -0.14605828   -0.71634197    0.14605828    0.68229111
   -0.26344418   -0.50493115    0.82197427   -0.50493115    0.79820599    0.32849921   -0.82197427   -0.32849921   -0.46523819
   -0.22007506    0.52169810    0.82425607    0.52169810    0.77692446   -0.35244784   -0.82425607    0.35244784   -0.44315060
