# Rotation matrices: 98 entries, row-major flattening of 3x3 -> 1x9
# https://github.com/Neurophysics-CFIN/GFO
# Col:  1    2    3    4    5    6    7    8    9
#       R11  R12  R13  R21  R22  R23  R31  R32  R33
# where Rij = R(i,j), i = row index, j = column index

    0.99841145   -0.00805954    0.05576393   -0.00805954    0.95910970    0.28291984   -0.05576393   -0.28291984    0.95752115
    0.97750230   -0.00055599   -0.21092403   -0.00055599    0.99998626   -0.00521264    0.21092403    0.00521264    0.97748856
    0.99948101    0.00847259   -0.03107941    0.00847259    0.86168411    0.50737432    0.03107941   -0.50737432    0.86116512
    0.99815397    0.01512871    0.05881991    0.01512871    0.87601648   -0.48204383   -0.05881991    0.48204383    0.87417045
    0.89166456   -0.00972704   -0.45259219   -0.00972704    0.99912664   -0.04063659    0.45259219    0.04063659    0.89079121
    0.73660847   -0.00806915    0.67627128   -0.00806915    0.99975280    0.02071797   -0.67627128   -0.02071797    0.73636127
    0.97892263   -0.05179698   -0.19755395   -0.05179698    0.87271054   -0.48548263    0.19755395    0.48548263    0.85163317
    0.95398264    0.07850444   -0.28940314    0.07850444    0.86607343    0.49371435    0.28940314   -0.49371435    0.82005607
    0.87663422    0.03910012    0.47956608    0.03910012    0.98760743   -0.15199588   -0.47956608    0.15199588    0.86424165
    0.94115191   -0.04613435   -0.33482039   -0.04613435    0.96383267   -0.26248466    0.33482039    0.26248466    0.90498459
    0.96989091   -0.06503505    0.23469569   -0.06503505    0.85952555    0.50693813   -0.23469569   -0.50693813    0.82941646
    0.93796637    0.10743840    0.32966054    0.10743840    0.81392335   -0.57095164   -0.32966054    0.57095164    0.75188972
    0.90677914    0.04553493   -0.41913978    0.04553493    0.97775787    0.20473425    0.41913978   -0.20473425    0.88453702
    0.55274156   -0.05206966    0.83172443   -0.05206966    0.99393807    0.09682905   -0.83172443   -0.09682905    0.54667963
    0.76428611   -0.21128614   -0.60928229   -0.21128614    0.81061009   -0.54614050    0.60928229    0.54614050    0.57489620
    0.99034667    0.05253406   -0.12827177    0.05253406    0.71410621    0.69806339    0.12827177   -0.69806339    0.70445288
    0.57409378    0.18698335    0.79715341    0.18698335    0.91790969   -0.34997003   -0.79715341    0.34997003    0.49200347
    0.80708205   -0.08088693   -0.58487253   -0.08088693    0.96608561   -0.24522622    0.58487253    0.24522622    0.77316766
    0.87150026   -0.10745372    0.47847779   -0.10745372    0.91014533    0.40011146   -0.47847779   -0.40011146    0.78164559
    0.99905712   -0.02105386   -0.03796855   -0.02105386    0.52988316   -0.84780928    0.03796855    0.84780928    0.52894028
    0.73858828    0.20702375   -0.64158282    0.20702375    0.83604854    0.50809843    0.64158282   -0.50809843    0.57463681
    0.69888063    0.08764572    0.70984794    0.08764572    0.97448928   -0.20661286   -0.70984794    0.20661286    0.67336990
    0.75662750   -0.29600691   -0.58300492   -0.29600691    0.63997540   -0.70909196    0.58300492    0.70909196    0.39660290
    0.96354035   -0.12713522    0.23542859   -0.12713522    0.55667797    0.82094231   -0.23542859   -0.82094231    0.52021833
    0.97089180    0.11209466    0.21166931    0.11209466    0.56832735   -0.81513116   -0.21166931    0.81513116    0.53921915
    0.51674975    0.19872800   -0.83275259    0.19872800    0.91827668    0.34245457    0.83275259   -0.34245457    0.43502643
    0.66701709   -0.31321392    0.67600683   -0.31321392    0.70538139    0.63587273   -0.67600683   -0.63587273    0.37239849
    0.85488028   -0.28929688   -0.43068204   -0.28929688    0.42328523   -0.85856679    0.43068204    0.85856679    0.27816551
    0.95090347    0.14302412   -0.27445710    0.14302412    0.58335350    0.79952661    0.27445710   -0.79952661    0.53425697
    0.32510808    0.22362001    0.91885735    0.22362001    0.92590531   -0.30445600   -0.91885735    0.30445600    0.25101339
    0.44730938   -0.15733769   -0.88043124   -0.15733769    0.95520975   -0.25063754    0.88043124    0.25063754    0.40251914
    0.84360046   -0.25720003    0.47136653   -0.25720003    0.57703293    0.77516524   -0.47136653   -0.77516524    0.42063339
    0.92964568    0.23167764    0.28650372    0.23167764    0.23708270   -0.94346026   -0.28650372    0.94346026    0.16672838
    0.34399464    0.32238774   -0.88189219    0.32238774    0.84156554    0.43339772    0.88189219   -0.43339772    0.18556018
    0.20864220    0.02438841    0.97768790    0.02438841    0.99924839   -0.03013082   -0.97768790    0.03013082    0.20789059
    0.29649178   -0.44064352   -0.84730509   -0.44064352    0.72400221   -0.53071093    0.84730509    0.53071093    0.02049399
    0.99790714    0.03946470   -0.05122377    0.03946470    0.25582046    0.96591844    0.05122377   -0.96591844    0.25372760
    0.72666511    0.32568830    0.60488424    0.32568830    0.61193073   -0.72074123   -0.60488424    0.72074123    0.33859584
    0.28358218   -0.04567041   -0.95785978   -0.04567041    0.99708859   -0.06106192    0.95785978    0.06106192    0.28067077
    0.55549976   -0.21030493    0.80448235   -0.21030493    0.90049912    0.38062208   -0.80448235   -0.38062208    0.45599888
    0.98024906   -0.12152015   -0.15602768   -0.12152015    0.25233202   -0.95997990    0.15602768    0.95997990    0.23258108
    0.76870020    0.36880927   -0.52257031    0.36880927    0.41193086    0.83324228    0.52257031   -0.83324228    0.18063106
    0.06019311    0.21098730    0.97563372    0.21098730    0.95263320   -0.21903045   -0.97563372    0.21903045    0.01282631
    0.25194633   -0.26468338   -0.93084142   -0.26468338    0.90634724   -0.32935906    0.93084142    0.32935906    0.15829357
    0.88338013   -0.31281469   -0.34897924   -0.31281469    0.16092315   -0.93608264    0.34897924    0.93608264    0.04430328
    0.75189769    0.40639112    0.51913016    0.40639112    0.33433210   -0.85033423   -0.51913016    0.85033423    0.08622979
    0.27378561    0.40029135    0.87453317    0.40029135    0.77935831   -0.48204507   -0.87453317    0.48204507    0.05314392
    0.41695729   -0.33220822    0.84604037   -0.33220822    0.81071318    0.48206000   -0.84604037   -0.48206000    0.22767047
    0.81837837   -0.33773393    0.46496521   -0.33773393    0.37196795    0.86462456   -0.46496521   -0.86462456    0.19034632
    0.92045980    0.25782762   -0.29373233    0.25782762    0.16425806    0.95212615    0.29373233   -0.95212615    0.08471786
    0.54346299    0.43135430   -0.72012599    0.43135430    0.59243932    0.68040365    0.72012599   -0.68040365    0.13590231
    0.16934807   -0.24695272    0.95411508   -0.24695272    0.92658098    0.28365831   -0.95411508   -0.28365831    0.09592905
    0.68579674   -0.44536389   -0.57561605   -0.44536389    0.36872395   -0.81590052    0.57561605    0.81590052    0.05452069
    0.99619188    0.06037837    0.06289822    0.06037837    0.04269040   -0.99726224   -0.06289822    0.99726224    0.03888228
    0.53487926    0.44703713    0.71698116    0.44703713    0.57034341   -0.68910536   -0.71698116    0.68910536    0.10522267
    0.03675746   -0.05949904   -0.99755138   -0.05949904    0.99632477   -0.06161828    0.99755138    0.06161828    0.03308223
    0.57719649   -0.43067078    0.69380609   -0.43067078    0.56131555    0.70671601   -0.69380609   -0.70671601    0.13851204
    0.97912641   -0.13737242    0.14980084   -0.13737242    0.09593029    0.98586317   -0.14980084   -0.98586317    0.07505670
    0.80141762    0.27377705   -0.53176680    0.27377705    0.62255527    0.73312418    0.53176680   -0.73312418    0.42397289
    0.45483605    0.06979229    0.88783625    0.06979229    0.99106514   -0.11366145   -0.88783625    0.11366145    0.44590119
    0.53210234   -0.29313325   -0.79431731   -0.29313325    0.81635492   -0.49763194    0.79431731    0.49763194    0.34845726
    0.96105773   -0.16036799    0.22505588   -0.16036799    0.33958933    0.92680160   -0.22505588   -0.92680160    0.30064706
    0.88985776    0.24110237    0.38732779    0.24110237    0.47222473   -0.84786405   -0.38732779    0.84786405    0.36208249
    0.25961145    0.14447693   -0.95484465    0.14447693    0.97180726    0.18632518    0.95484465   -0.18632518    0.23141871
    0.35461920   -0.13155486    0.92570975   -0.13155486    0.97318377    0.18869731   -0.92570975   -0.18869731    0.32780297
    0.55926563   -0.40810426   -0.72157666   -0.40810426    0.62211007   -0.66815416    0.72157666    0.66815416    0.18137569
    0.93224371    0.20311894   -0.29944009    0.20311894    0.39109265    0.89765764    0.29944009   -0.89765764    0.32333636
    0.53019812    0.31874666    0.78567838    0.31874666    0.78373983   -0.53305952   -0.78567838    0.53305952    0.31393795
    0.61533500   -0.04855010   -0.78676917   -0.04855010    0.99387230   -0.09930126    0.78676917    0.09930126    0.60920730
    0.76406533   -0.20440758    0.61190008   -0.20440758    0.82290665    0.53013412   -0.61190008   -0.53013412    0.58697198
    0.99519233    0.05703656    0.07961820    0.05703656    0.32333759   -0.94456320   -0.07961820    0.94456320    0.31852992
    0.60000493    0.31365656   -0.73594405    0.31365656    0.75404588    0.57709131    0.73594405   -0.57709131    0.35405081
    0.83044572    0.12131360    0.54373056    0.12131360    0.91320190   -0.38903124   -0.54373056    0.38903124    0.74364761
    0.95113811   -0.15511646   -0.26697412   -0.15511646    0.50756885   -0.84753333    0.26697412    0.84753333    0.45870695
    0.99964981    0.01334531   -0.02285092    0.01334531    0.49142977    0.87081496    0.02285092   -0.87081496    0.49107957
    0.87384407    0.19516054    0.44531888    0.19516054    0.69809080   -0.68889883   -0.44531888    0.68889883    0.57193487
    0.76390574    0.01464237   -0.64516170    0.01464237    0.99909189    0.04001240    0.64516170   -0.04001240    0.76299763
    0.71937032   -0.11637377    0.68480909   -0.11637377    0.95174119    0.28398214   -0.68480909   -0.28398214    0.67111151
    0.90339380   -0.16845957   -0.39433618   -0.16845957    0.70624426   -0.68763392    0.39433618    0.68763392    0.60963806
    0.89197034    0.16120240   -0.42237744    0.16120240    0.75945299    0.63027371    0.42237744   -0.63027371    0.65142332
    0.94852933    0.05971282    0.31100882    0.05971282    0.93072519   -0.36081157   -0.31100882    0.36081157    0.87925453
    0.66344199   -0.15962807   -0.73100178   -0.15962807    0.92428907   -0.34671112    0.73100178    0.34671112    0.58773106
    0.90401448   -0.15523879    0.39831990   -0.15523879    0.74893002    0.64420862   -0.39831990   -0.64420862    0.65294450
    0.99454255    0.03844144    0.09699166    0.03844144    0.72922467   -0.68319371   -0.09699166    0.68319371    0.72376721
    0.48795173    0.05395456   -0.87120148    0.05395456    0.99431480    0.09179856    0.87120148   -0.09179856    0.48226653
    0.95877349   -0.00034446    0.28417122   -0.00034446    0.99999712    0.00237434   -0.28417122   -0.00237434    0.95877061
    0.88843434   -0.11801468   -0.44357295   -0.11801468    0.87516351   -0.46921357    0.44357295    0.46921357    0.76359785
    0.99119314   -0.05033189    0.12248616   -0.05033189    0.71234927    0.70001802   -0.12248616   -0.70001802    0.70354241
    0.74064654    0.21839131    0.63541163    0.21839131    0.81610129   -0.53505506   -0.63541163    0.53505506    0.55674783
    0.68790454    0.10633953   -0.71796884    0.10633953    0.96376719    0.24463178    0.71796884   -0.24463178    0.65167173
    0.86533579   -0.03445696    0.50000670   -0.03445696    0.99118339    0.12793831   -0.50000670   -0.12793831    0.85651917
    0.98444769   -0.06533340   -0.16307759   -0.06533340    0.72554221   -0.68506937    0.16307759    0.68506937    0.70998990
    0.84274679    0.11315401   -0.52628321    0.11315401    0.91857826    0.37869532    0.52628321   -0.37869532    0.76132506
    0.98842921    0.01595716    0.15084122    0.01595716    0.97799365   -0.20802354   -0.15084122    0.20802354    0.96642285
    0.99626705   -0.01122393   -0.08559198   -0.01122393    0.96625281   -0.25735100    0.08559198    0.25735100    0.96251986
    0.95513372   -0.04055695    0.29338491   -0.04055695    0.96333847    0.26520581   -0.29338491   -0.26520581    0.91847220
    0.99963272   -0.00050378    0.02709563   -0.00050378    0.99930899    0.03716568   -0.02709563   -0.03716568    0.99894171
    0.98118617    0.02689926   -0.19118086    0.02689926    0.96154051    0.27334278    0.19118086   -0.27334278    0.94272669
