# Rotation matrices: 14 entries, row-major flattening of 3x3 -> 1x9
# https://github.com/Neurophysics-CFIN/GFO
# Col:  1    2    3    4    5    6    7    8    9
#       R11  R12  R13  R21  R22  R23  R31  R32  R33
# where Rij = R(i,j), i = row index, j = column index

    0.76196191    0.24356318   -0.60007585    0.24356318    0.75078349    0.61400418    0.60007585   -0.61400418    0.51274539
    0.77184278   -0.40902925   -0.48677901   -0.40902925    0.26671212   -0.87267389    0.48677901    0.87267389    0.03855490
    0.61892546   -0.00784472   -0.78541055   -0.00784472    0.99983851   -0.01616829    0.78541055    0.01616829    0.61876397
    0.78541420    0.01737867    0.61872653    0.01737867    0.99859255   -0.05010884   -0.61872653    0.05010884    0.78400675
    0.99986038    0.01382616    0.00938444    0.01382616   -0.36911565   -0.92928062   -0.00938444    0.92928062   -0.36925527
   -0.28835814    0.91754195    0.27379982    0.91754195    0.34654565   -0.19499456   -0.27379982    0.19499456   -0.94181250
    0.23276065   -0.78654040    0.57199360   -0.78654040    0.19367301    0.58638295   -0.57199360   -0.58638295   -0.57356635
    0.99742232    0.03459062    0.06286659    0.03459062    0.53581898   -0.84362403   -0.06286659    0.84362403    0.53324130
    0.96065666   -0.07809579    0.26653299   -0.07809579    0.84498134    0.52906293   -0.26653299   -0.52906293    0.80563799
    0.53005449   -0.28217728    0.79963630   -0.28217728    0.83056755    0.48013907   -0.79963630   -0.48013907    0.36062204
    0.06202210   -0.03224143   -0.99755388   -0.03224143    0.99889175   -0.03428925    0.99755388    0.03428925    0.06091385
    0.74392953    0.46177877   -0.48304164    0.46177877    0.16726194    0.87108198    0.48304164   -0.87108198   -0.08880853
    0.93383300    0.35091867   -0.06936868    0.35091867   -0.86110771    0.36789890    0.06936868   -0.36789890   -0.92727471
   -0.03249827    0.55781695   -0.82932750    0.55781695    0.69863412    0.44805203    0.82932750   -0.44805203   -0.33386415
