# Rotation matrices: 68 entries, row-major flattening of 3x3 -> 1x9
# https://github.com/Neurophysics-CFIN/GFO
# Col:  1    2    3    4    5    6    7    8    9
#       R11  R12  R13  R21  R22  R23  R31  R32  R33
# where Rij = R(i,j), i = row index, j = column index

    0.99998846   -0.00005308    0.00480449   -0.00005308    0.99975594    0.02209190   -0.00480449   -0.02209190    0.99974440
    0.96708894   -0.03054011   -0.25259904   -0.03054011    0.97166002   -0.23440159    0.25259904    0.23440159    0.93874897
    0.99932979   -0.00627031    0.03606459   -0.00627031    0.94133669    0.33741060   -0.03606459   -0.33741060    0.94066648
    0.95050286    0.00552596    0.31066665    0.00552596    0.99938307   -0.03468344   -0.31066665    0.03468344    0.94988594
    0.84099281   -0.01749755   -0.54076328   -0.01749755    0.99807453   -0.05950696    0.54076328    0.05950696    0.83906734
    0.97875650   -0.06413510    0.19473673   -0.06413510    0.80637317    0.58791922   -0.19473673   -0.58791922    0.78512967
    0.95807026   -0.12177751   -0.25936771   -0.12177751    0.64631872   -0.75328769    0.25936771    0.75328769    0.60438898
    0.99486033    0.03409204   -0.09534488    0.03409204    0.77386330    0.63243445    0.09534488   -0.63243445    0.76872363
    0.81694180    0.15411209    0.55574774    0.15411209    0.87025690   -0.46787005   -0.55574774    0.46787005    0.68719870
    0.61567019   -0.22203504   -0.75607582   -0.22203504    0.87172590   -0.43680018    0.75607582    0.43680018    0.48739610
    0.87642760   -0.11925373    0.46653319   -0.11925373    0.88491402    0.45022853   -0.46653319   -0.45022853    0.76134161
    0.79321125    0.26920636    0.54620861    0.26920636    0.64953575   -0.71107752   -0.54620861    0.71107752    0.44274701
    0.85389580    0.07861106   -0.51447280    0.07861106    0.95770349    0.27681101    0.51447280   -0.27681101    0.81159929
    0.79695140   -0.05241183    0.60176530   -0.05241183    0.98647122    0.15533040   -0.60176530   -0.15533040    0.78342262
    0.99947274    0.01461212    0.02899533    0.01461212    0.59505012   -0.80355575   -0.02899533    0.80355575    0.59452286
    0.82221251    0.33816027   -0.45783646    0.33816027    0.35680308    0.87082673    0.45783646   -0.87082673    0.17901559
    0.59712043    0.39125223    0.70026344    0.39125223    0.62003954   -0.68005342   -0.70026344    0.68005342    0.21715997
    0.56595303   -0.06061580   -0.82220611   -0.06061580    0.99153484   -0.11482325    0.82220611    0.11482325    0.55748788
    0.65226260   -0.33798070    0.67847074   -0.33798070    0.67150225    0.65943443   -0.67847074   -0.65943443    0.32376485
    0.92646312   -0.20920667   -0.31288762   -0.20920667    0.40482343   -0.89014075    0.31288762    0.89014075    0.33128655
    0.90588217    0.13830422   -0.40031167    0.13830422    0.79676478    0.58824980    0.40031167   -0.58824980    0.70264695
    0.59691906    0.07676082    0.79862094    0.07676082    0.98538203   -0.15208559   -0.79862094    0.15208559    0.58230110
    0.92084016   -0.09829370   -0.37734830   -0.09829370    0.87794756   -0.46855781    0.37734830    0.46855781    0.79878773
    0.98767794   -0.09369930    0.12535042   -0.09369930    0.28749263    0.95318856   -0.12535042   -0.95318856    0.27517057
    0.94662497    0.17713584    0.26930290    0.17713584    0.41213884   -0.89373624   -0.26930290    0.89373624    0.35876381
    0.72072444    0.19103765   -0.66637894    0.19103765    0.86932124    0.45583462    0.66637894   -0.45583462    0.59004568
    0.03369280   -0.15671755   -0.98706859   -0.15671755    0.97458325   -0.16008467    0.98706859    0.16008467    0.00827605
    0.53976261   -0.48154525    0.69048570   -0.48154525    0.49616039    0.72245349   -0.69048570   -0.72245349    0.03592299
    0.97513160    0.15303713    0.16030594    0.15303713    0.05822790   -0.98650350   -0.16030594    0.98650350    0.03335950
    0.34140751    0.32685054   -0.88125458    0.32685054    0.83778850    0.43735472    0.88125458   -0.43735472    0.17919601
    0.47839389   -0.36814338   -0.79725137   -0.36814338    0.74016879   -0.56269051    0.79725137    0.56269051    0.21856268
    0.86417629   -0.28090885    0.41748001   -0.28090885    0.41902792    0.86342679   -0.41748001   -0.86342679    0.28320421
    0.99960235   -0.01656324   -0.02282123   -0.01656324    0.31010102   -0.95055932    0.02282123    0.95055932    0.30970336
    0.65651182    0.31930600   -0.68340026    0.31930600    0.70317372    0.63528765    0.68340026   -0.63528765    0.35968554
    0.02797202    0.16158662   -0.98646203    0.16158662    0.97313839    0.16398609    0.98646203   -0.16398609    0.00111041
    0.43896905   -0.25131960    0.86263818   -0.25131960    0.88741879    0.38642767   -0.86263818   -0.38642767    0.32638784
    0.97373471   -0.15806014   -0.16388322   -0.15806014    0.04882041   -0.98622186    0.16388322    0.98622186    0.02255512
    0.52638261    0.46361944   -0.71272601    0.46361944    0.54616746    0.69768053    0.71272601   -0.69768053    0.07255007
    0.34290162    0.14949049    0.92740017    0.14949049    0.96599078   -0.21098440   -0.92740017    0.21098440    0.30889240
    0.24870135   -0.38630952    0.88820752   -0.38630952    0.80136388    0.45670656   -0.88820752   -0.45670656    0.05006523
    0.97757171    0.12627038   -0.16855070    0.12627038    0.28910271    0.94893383    0.16855070   -0.94893383    0.26667443
    0.30970299    0.35451171    0.88227292    0.35451171    0.81793554   -0.45310362   -0.88227292    0.45310362    0.12763853
    0.28748140    0.03222996   -0.95724379    0.03222996    0.99854212    0.04329982    0.95724379   -0.04329982    0.28602352
    0.56486936   -0.07940084    0.82135139   -0.07940084    0.98551126    0.14987680   -0.82135139   -0.14987680    0.55038063
    0.74030542   -0.34020216   -0.57983650   -0.34020216    0.55433220   -0.75959088    0.57983650    0.75959088    0.29463762
    0.87641871    0.22555304   -0.42545983    0.22555304    0.58833434    0.77652336    0.42545983   -0.77652336    0.46475306
    0.59788223    0.23452397    0.76650854    0.23452397    0.86322043   -0.44704473   -0.76650854    0.44704473    0.46110267
    0.33602537   -0.19172221   -0.92213315   -0.19172221    0.94464035   -0.26626530    0.92213315    0.26626530    0.28066572
    0.80447208   -0.39120988   -0.44696700   -0.39120988    0.21727204   -0.89428614    0.44696700    0.89428614    0.02174412
    0.93268396    0.14480141    0.33035313    0.14480141    0.68852227   -0.71061215   -0.33035313    0.71061215    0.62120623
    0.47513183    0.17001090   -0.86333425    0.17001090    0.94493149    0.27964400    0.86333425   -0.27964400    0.42006332
    0.28457900   -0.06419714    0.95650066   -0.06419714    0.99423937    0.08583003   -0.95650066   -0.08583003    0.27881837
    0.81902206   -0.21422242   -0.53227026   -0.21422242    0.74642632   -0.63004485    0.53227026    0.63004485    0.56544837
    0.97986055   -0.09275867    0.17683077   -0.09275867    0.57277019    0.81445082   -0.17683077   -0.81445082    0.55263075
    0.81338090    0.35933520    0.45748194    0.35933520    0.30809984   -0.88088178   -0.45748194    0.88088178    0.12148073
    0.67492954    0.06072703   -0.73537905    0.06072703    0.98865547    0.13737755    0.73537905   -0.13737755    0.66358501
    0.69522106   -0.19307517    0.69237970   -0.19307517    0.87768833    0.43861735   -0.69237970   -0.43861735    0.57290939
    0.98104871    0.05724048    0.18511335    0.05724048    0.82711084   -0.55911643   -0.18511335    0.55911643    0.80815956
    0.98930126    0.06903377   -0.12851987    0.06903377    0.55455865    0.82927621    0.12851987   -0.82927621    0.54385991
    0.80252998    0.04890798    0.59460377    0.04890798    0.98788682   -0.14726725   -0.59460377    0.14726725    0.79041680
    0.77913742   -0.11186026   -0.61679183   -0.11186026    0.94334614   -0.31238653    0.61679183    0.31238653    0.72248356
    0.86465916   -0.20553220    0.45838963   -0.20553220    0.68787334    0.69612268   -0.45838963   -0.69612268    0.55253250
    0.93086787    0.06240652    0.35998671    0.06240652    0.94366477   -0.32496497   -0.35998671    0.32496497    0.87453264
    0.96844122    0.04873628   -0.24443073    0.04873628    0.92473648    0.37747480    0.24443073   -0.37747480    0.89317769
    0.94951743   -0.04076116    0.31105496   -0.04076116    0.96708820    0.25115522   -0.31105496   -0.25115522    0.91660562
    0.99412443   -0.03159030   -0.10353100   -0.03159030    0.83015317   -0.55663971    0.10353100    0.55663971    0.82427760
    0.95845207    0.01041276   -0.28506349    0.01041276    0.99739035    0.07144274    0.28506349   -0.07144274    0.95584242
    0.99851060    0.00782001    0.05399471    0.00782001    0.95894145   -0.28349629   -0.05399471    0.28349629    0.95745205
