# Rotation matrices: 51 entries, row-major flattening of 3x3 -> 1x9
# https://github.com/Neurophysics-CFIN/GFO
# Col:  1    2    3    4    5    6    7    8    9
#       R11  R12  R13  R21  R22  R23  R31  R32  R33
# where Rij = R(i,j), i = row index, j = column index

    0.99837677    0.03274374   -0.04660118    0.03274374    0.33949400    0.94003812    0.04660118   -0.94003812    0.33787077
    0.76877575    0.08103113    0.63436409    0.08103113    0.97160313   -0.22230903   -0.63436409    0.22230903    0.74037888
    0.72114162    0.10810717   -0.68430082    0.10810717    0.95808926    0.26528816    0.68430082   -0.26528816    0.67923088
    0.79930134   -0.55627694   -0.22731769   -0.55627694   -0.54183410   -0.63005697    0.22731769    0.63005697   -0.74253275
   -0.07060766    0.63304442   -0.77088865    0.63304442    0.62568431    0.45582222    0.77088865   -0.45582222   -0.44492335
    0.60767874   -0.17479812   -0.77470779   -0.17479812    0.92211897   -0.34516984    0.77470779    0.34516984    0.52979771
   -0.84788819    0.20295966    0.48978872    0.20295966    0.97770827   -0.05379511   -0.48978872    0.05379511   -0.87017992
    0.68349945   -0.07228644    0.72636297   -0.07228644    0.98349030    0.16589605   -0.72636297   -0.16589605    0.66698975
    0.28775274   -0.69591023    0.65795692   -0.69591023    0.32005207    0.64286517   -0.65795692   -0.64286517   -0.39219519
    0.78066340   -0.25699391    0.56966550   -0.25699391    0.69888348    0.66746985   -0.56966550   -0.66746985    0.47954689
    0.87928976   -0.26638004   -0.39483059   -0.26638004    0.41215986   -0.87130128    0.39483059    0.87130128    0.29144962
    0.47771367    0.21783835   -0.85107937    0.21783835    0.90914266    0.35497334    0.85107937   -0.35497334    0.38685634
    0.98005321   -0.03269230    0.19602787   -0.03269230    0.94641812    0.32128484   -0.19602787   -0.32128484    0.92647133
    0.31290311    0.36125050    0.87840180    0.36125050    0.81006765   -0.46183165   -0.87840180    0.46183165    0.12297077
    0.86425090    0.44245602    0.23938056    0.44245602   -0.44212615   -0.78022890   -0.23938056    0.78022890   -0.57787526
    0.86119215    0.15157032    0.48515413    0.15157032    0.83449380   -0.52976083   -0.48515413    0.52976083    0.69568594
    0.41828580    0.89436370    0.15858931    0.89436370   -0.37505053   -0.24382509   -0.15858931    0.24382509   -0.95676473
    0.76533883   -0.47369527   -0.43573991   -0.47369527    0.04378212   -0.87959986    0.43573991    0.87959986   -0.19087905
    0.88506918   -0.01545402    0.46520288   -0.01545402    0.99792200    0.06255289   -0.46520288   -0.06255289    0.88299117
    0.75984685    0.24004930   -0.60415982    0.24004930    0.76005450    0.60389858    0.60415982   -0.60389858    0.51990135
    0.99498599    0.03097984   -0.09509540    0.03097984    0.80858637    0.58756134    0.09509540   -0.58756134    0.80357236
    0.34839889   -0.36252419   -0.86440409   -0.36252419    0.79830637   -0.48091906    0.86440409    0.48091906    0.14670526
    0.99404126   -0.08802316    0.06429532   -0.08802316   -0.30028873    0.94977819   -0.06429532   -0.94977819   -0.30624747
    0.29874161    0.56687994    0.76772429    0.56687994    0.54174828   -0.62060933   -0.76772429    0.62060933   -0.15951011
    0.18373941    0.89173818    0.41357328    0.89173818    0.02580501   -0.45181537   -0.41357328    0.45181537   -0.79045557
    0.49102672   -0.19600949    0.84880684   -0.19600949    0.92451525    0.32688198   -0.84880684   -0.32688198    0.41554197
    0.22921653   -0.58617951   -0.77708003   -0.58617951    0.55421149   -0.59096803    0.77708003    0.59096803   -0.21657198
   -0.47273773    0.17156923   -0.86433965    0.17156923    0.98001273    0.10069280    0.86433965   -0.10069280   -0.49272500
    0.95825461    0.04618238    0.28216181    0.04618238    0.94890904   -0.31215192   -0.28216181    0.31215192    0.90716365
    0.19410941    0.07869418    0.97781837    0.07869418    0.99231561   -0.09548270   -0.97781837    0.09548270    0.18642502
    0.83185587    0.29809348   -0.46814109    0.29809348    0.47152645    0.82994162    0.46814109   -0.82994162    0.30338232
    0.99117505    0.00242842    0.13253725    0.00242842    0.99933175   -0.03647121   -0.13253725    0.03647121    0.99050680
    0.63020354    0.50442089   -0.59025678    0.50442089    0.31194464    0.80513980    0.59025678   -0.80513980   -0.05785182
    0.75638346    0.30559472    0.57835624    0.30559472    0.61665932   -0.72549511   -0.57835624    0.72549511    0.37304278
    0.64496295   -0.73414882    0.21224583   -0.73414882   -0.51807959    0.43888386   -0.21224583   -0.43888386   -0.87311664
    0.90423640    0.33493825   -0.26490166    0.33493825   -0.17146430    0.92650761    0.26490166   -0.92650761   -0.26722790
    0.97785605   -0.14536119    0.15055788   -0.14536119    0.04579481    0.98831825   -0.15055788   -0.98831825    0.02365086
    0.95312828   -0.27004157    0.13646990   -0.27004157   -0.55578778    0.78624264   -0.13646990   -0.78624264   -0.60265950
    0.15167909   -0.21288568    0.96523217   -0.21288568    0.94657645    0.24222449   -0.96523217   -0.24222449    0.09825555
    0.56539759   -0.00732517   -0.82478598   -0.00732517    0.99987654   -0.01390166    0.82478598    0.01390166    0.56527412
    0.89570603   -0.37897016   -0.23257755   -0.37897016   -0.37705361   -0.84511076    0.23257755    0.84511076   -0.48134757
    0.83110641   -0.08787503   -0.54912668   -0.08787503    0.95427878   -0.28570964    0.54912668    0.28570964    0.78538519
    0.93375527    0.25707954    0.24902051    0.25707954    0.00233743   -0.96638742   -0.24902051    0.96638742   -0.06390730
    0.84679156   -0.12809343    0.51627137   -0.12809343    0.89290455    0.43164053   -0.51627137   -0.43164053    0.73969611
    0.95765862    0.12682542    0.25846717    0.12682542    0.62011897   -0.77418846   -0.25846717    0.77418846    0.57777759
    0.96309540    0.25600815   -0.08310881    0.25600815   -0.77593514    0.57652795    0.08310881   -0.57652795   -0.81283974
    0.88546996   -0.16266593   -0.43529616   -0.16266593    0.76896712   -0.61824700    0.43529616    0.61824700    0.65443708
    0.16860460    0.16179220   -0.97231465    0.16179220    0.96851472    0.18921554    0.97231465   -0.18921554    0.13711932
   -0.22542488   -0.17598022    0.95823514   -0.17598022    0.97472792    0.13760977   -0.95823514   -0.13760977   -0.25069696
    0.61748853   -0.46314003   -0.63577451   -0.46314003    0.43923594   -0.76978770    0.63577451    0.76978770    0.05672446
    0.98036074   -0.01149149   -0.19687752   -0.01149149    0.99327600   -0.11519867    0.19687752    0.11519867    0.97363674
