# Rotation matrices: 86 entries, row-major flattening of 3x3 -> 1x9
# https://github.com/Neurophysics-CFIN/GFO
# Col:  1    2    3    4    5    6    7    8    9
#       R11  R12  R13  R21  R22  R23  R31  R32  R33
# where Rij = R(i,j), i = row index, j = column index

    0.34406078   -0.03748268    0.93819893   -0.03748268    0.99785811    0.05361200   -0.93819893   -0.05361200    0.34191888
    0.99602532    0.05904495   -0.06668780    0.05904495    0.12287208    0.99066450    0.06668780   -0.99066450    0.11889740
    0.17384951    0.80259225   -0.57063301    0.80259225    0.22029422    0.55436102    0.57063301   -0.55436102   -0.60585627
    0.73037169   -0.51081523   -0.45345891   -0.51081523    0.03225219   -0.85908532    0.45345891    0.85908532   -0.23737612
   -0.51606807    0.24673911   -0.82023994    0.24673911    0.95984337    0.13349353    0.82023994   -0.13349353   -0.55622470
    0.99379514   -0.03202159    0.10651682   -0.03202159    0.83474524    0.54970447   -0.10651682   -0.54970447    0.82854038
    0.32902818   -0.22684148    0.91666973   -0.22684148    0.92330966    0.30990678   -0.91666973   -0.30990678    0.25233784
    0.68018326    0.00993072   -0.73297484    0.00993072    0.99969164    0.02275981    0.73297484   -0.02275981    0.67987489
    0.56706712   -0.67099902   -0.47769780   -0.67099902   -0.03997574   -0.74037980    0.47769780    0.74037980   -0.47290862
    0.71730047    0.62540219   -0.30716794    0.62540219   -0.38354631    0.67953244    0.30716794   -0.67953244   -0.66624584
   -0.72081692   -0.53431476   -0.44150958   -0.53431476    0.83409492   -0.13708901    0.44150958    0.13708901   -0.88672200
    0.78919152   -0.19428532    0.58260618   -0.19428532    0.82094277    0.53694152   -0.58260618   -0.53694152    0.61013428
   -0.15419242   -0.60223388   -0.78328734   -0.60223388    0.68576674   -0.40870323    0.78328734    0.40870323   -0.46842568
    0.80823313   -0.26112685   -0.52779919   -0.26112685    0.64442643   -0.71869837    0.52779919    0.71869837    0.45265955
    0.91089083   -0.09825685    0.40077859   -0.09825685    0.89165639    0.44192135   -0.40077859   -0.44192135    0.80254722
    0.98221003    0.02790363    0.18570094    0.02790363    0.95623306   -0.29127261   -0.18570094    0.29127261    0.93844309
    0.61581471    0.63960954   -0.46007811    0.63960954   -0.06485173    0.76595945    0.46007811   -0.76595945   -0.44903702
    0.75918919    0.11106806    0.64132336    0.11106806    0.94877259   -0.29579463   -0.64132336    0.29579463    0.70796178
    0.28849169    0.66825186   -0.68572006    0.66825186    0.37237480    0.64403141    0.68572006   -0.64403141   -0.33913351
    0.99998922    0.00032390   -0.00463134    0.00032390    0.99026528    0.13919256    0.00463134   -0.13919256    0.99025450
   -0.07204600   -0.06238494   -0.99544839   -0.06238494    0.99636967   -0.05792754    0.99544839    0.05792754   -0.07567633
    0.66340414    0.51984924    0.53819301    0.51984924    0.19712847   -0.83120222   -0.53819301    0.83120222   -0.13946739
    0.90600663   -0.35732677   -0.22686905   -0.35732677   -0.35841944   -0.86246918    0.22686905    0.86246918   -0.45241281
   -0.62513969   -0.52572170    0.57690299   -0.52572170    0.82993259    0.18662422   -0.57690299   -0.18662422   -0.79520710
    0.99902060    0.04024131   -0.01839768    0.04024131   -0.65342627    0.75591980    0.01839768   -0.75591980   -0.65440567
   -0.13752429   -0.77183195    0.62077574   -0.77183195    0.47629729    0.42120819   -0.62077574   -0.42120819   -0.66122700
    0.99556606    0.01852455   -0.09222292    0.01852455    0.92260634    0.38529778    0.09222292   -0.38529778    0.91817240
    0.62752716    0.53850287   -0.56233826    0.53850287    0.22145909    0.81300094    0.56233826   -0.81300094   -0.15101375
    0.13335198    0.92176746    0.36409066    0.92176746    0.01960748   -0.38724708   -0.36409066    0.38724708   -0.84704055
    0.18283258    0.89830945   -0.39951517    0.89830945    0.01249137    0.43918572    0.39951517   -0.43918572   -0.80467604
    0.89245390    0.03989604    0.44937106    0.03989604    0.98519989   -0.16670178   -0.44937106    0.16670178    0.87765379
    0.99310825    0.08909166   -0.07614908    0.08909166   -0.15171358    0.98440117    0.07614908   -0.98440117   -0.15860534
    0.99822496    0.04967559    0.03285206    0.04967559   -0.39020484   -0.91938703   -0.03285206    0.91938703   -0.39197988
    0.75532288    0.00207633    0.65534955    0.00207633    0.99998238   -0.00556129   -0.65534955    0.00556129    0.75530526
   -0.44548607    0.00293156    0.89528407    0.00293156    0.99999405   -0.00181570   -0.89528407    0.00181570   -0.44549202
    0.88358908    0.15743232   -0.44100498    0.15743232    0.78709096    0.59640832    0.44100498   -0.59640832    0.67068004
    0.91636378    0.23540918    0.32382083    0.23540918    0.33739847   -0.91145202   -0.32382083    0.91145202    0.25376225
   -0.96270499    0.14882994   -0.22593970    0.14882994    0.98871438    0.01713278    0.22593970   -0.01713278   -0.97399062
    0.59445405    0.37160341   -0.71311660    0.37160341    0.65949828    0.65343165    0.71311660   -0.65343165    0.25395232
    0.26590498    0.36920032   -0.89049742    0.36920032    0.81431712    0.44786019    0.89049742   -0.44786019    0.08022210
    0.79309524   -0.41448935    0.44631661   -0.41448935    0.16965940    0.89409969   -0.44631661   -0.89409969   -0.03724536
    0.58624750    0.21568257    0.78089365    0.21568257    0.88756812   -0.40706739   -0.78089365    0.40706739    0.47381562
    0.99811865   -0.00378141   -0.06119521   -0.00378141    0.99239956   -0.12299926    0.06119521    0.12299926    0.99051821
   -0.18250310   -0.10752403    0.97730814   -0.10752403    0.99022293    0.08886582   -0.97730814   -0.08886582   -0.19228017
    0.93146220    0.20841390   -0.29823114    0.20841390    0.36624237    0.90687936    0.29823114   -0.90687936    0.29770457
    0.63270832   -0.26921146   -0.72608909   -0.26921146    0.80267777   -0.53219694    0.72608909    0.53219694    0.43538610
    0.59784728   -0.11857321   -0.79279192   -0.11857321    0.96503914   -0.23375170    0.79279192    0.23375170    0.56288642
   -0.32395856    0.72670434    0.60576535    0.72670434    0.60112106   -0.33249704   -0.60576535    0.33249704   -0.72283751
    0.98006925    0.10087127    0.17114104    0.10087127    0.48948169   -0.86615972   -0.17114104    0.86615972    0.46955094
    0.90096022   -0.24213616   -0.36005662   -0.24213616    0.40801647   -0.88027986    0.36005662    0.88027986    0.30897669
    0.56065521    0.65862641    0.50187348    0.65862641    0.01264621   -0.75236383   -0.50187348    0.75236383   -0.42669858
    0.45702464    0.48328017    0.74670527    0.48328017    0.56985208   -0.66461183   -0.74670527    0.66461183    0.02687672
   -0.78614836    0.32336777    0.52669160    0.32336777    0.94145687   -0.09535327   -0.52669160    0.09535327   -0.84469149
    0.89210562   -0.15360044   -0.42491702   -0.15360044    0.78133158   -0.60491972    0.42491702    0.60491972    0.67343719
   -0.40221243    0.44299819    0.80123515    0.44299819    0.86004446   -0.25313263   -0.80123515    0.25313263   -0.54216797
    0.89661186    0.30189857   -0.32395127    0.30189857    0.11844096    0.94595401    0.32395127   -0.94595401    0.01505282
    0.10487472   -0.92293817    0.37038687   -0.92293817    0.04838475    0.38189535   -0.37038687   -0.38189535   -0.84674052
    0.33999164   -0.91552861   -0.21497219   -0.91552861   -0.26997277   -0.29819803    0.21497219    0.29819803   -0.92998112
   -0.23523559    0.29027078   -0.92758131    0.29027078    0.93178862    0.21797441    0.92758131   -0.21797441   -0.30344697
    0.99806051   -0.05635500   -0.02644498   -0.05635500   -0.63748314   -0.76840052    0.02644498    0.76840052   -0.63942263
    0.26734642   -0.66358742   -0.69869709   -0.66358742    0.39896798   -0.63283196    0.69869709    0.63283196   -0.33368560
    0.07323322    0.50237320   -0.86154400    0.50237320    0.72767817    0.46701783    0.86154400   -0.46701783   -0.19908862
    0.99491285   -0.05616850   -0.08362730   -0.05616850    0.37982973   -0.92334960    0.08362730    0.92334960    0.37474258
    0.94691721   -0.11987031    0.29829331   -0.11987031    0.72931166    0.67359900   -0.29829331   -0.67359900    0.67622887
    0.86146233    0.44315180    0.24799021    0.44315180   -0.41754593   -0.79326659   -0.24799021    0.79326659   -0.55608361
    0.66774754   -0.39324817   -0.63203568   -0.39324817    0.53455838   -0.74806631    0.63203568    0.74806631    0.20230592
    0.40367769   -0.21445328   -0.88941223   -0.21445328    0.92287693   -0.31985617    0.88941223    0.31985617    0.32655462
    0.91478461    0.38561403   -0.12029526    0.38561403   -0.74496847    0.54435631    0.12029526   -0.54435631   -0.83018387
   -0.50981269   -0.28586108   -0.81140277   -0.28586108    0.94587636   -0.15362732    0.81140277    0.15362732   -0.56393633
    0.01178835    0.21315659   -0.97694693    0.21315659    0.95402227    0.21072680    0.97694693   -0.21072680   -0.03418938
    0.06852103   -0.31963983    0.94505833   -0.31963983    0.89031463    0.32429963   -0.94505833   -0.32429963   -0.04116435
    0.86803254   -0.43378580    0.24155620   -0.43378580   -0.42588266    0.79401124   -0.24155620   -0.79401124   -0.55785012
    0.42698271   -0.39005199   -0.81580955   -0.39005199    0.73449222   -0.55532030    0.81580955    0.55532030    0.16147492
   -0.69675478   -0.63516966    0.33330509   -0.63516966    0.76222816    0.12477070   -0.33330509   -0.12477070   -0.93452661
    0.71181492    0.23157704   -0.66309245    0.23157704    0.81391151    0.53284155    0.66309245   -0.53284155    0.52572643
   -0.07228260    0.53675748    0.84063466    0.53675748    0.73131281   -0.42080040   -0.84063466    0.42080040   -0.34096979
    0.86848838   -0.46579333    0.16960101   -0.46579333   -0.64976624    0.60069993   -0.16960101   -0.60069993   -0.78127786
    0.37022466   -0.39871363    0.83902392   -0.39871363    0.74757258    0.53118986   -0.83902392   -0.53118986    0.11779725
    0.86395785    0.47129511    0.17736332    0.47129511   -0.63272254   -0.61444536   -0.17736332    0.61444536   -0.76876469
    0.95042952   -0.23719506   -0.20105281   -0.23719506   -0.13497987   -0.96203895    0.20105281    0.96203895   -0.18455035
    0.87025185   -0.48217974    0.10081869   -0.48217974   -0.79191233    0.37466993   -0.10081869   -0.37466993   -0.92166048
    0.59421482   -0.45742900    0.66156440   -0.45742900    0.48435453    0.74576095   -0.66156440   -0.74576095    0.07856935
    0.96649848   -0.17107317   -0.19134959   -0.17107317    0.12642691   -0.97711320    0.19134959    0.97711320    0.09292538
   -0.43160730   -0.64881231   -0.62670386   -0.64881231    0.70595469   -0.28402564    0.62670386    0.28402564   -0.72565261
   -0.53215613    0.80011675    0.27680867    0.80011675    0.58216607   -0.14455397   -0.27680867    0.14455397   -0.94999006
   -0.19430603    0.22928577    0.95376790    0.22928577    0.95598116   -0.18310667   -0.95376790    0.18310667   -0.23832486
