# Rotation matrices: 26 entries, row-major flattening of 3x3 -> 1x9
# https://github.com/Neurophysics-CFIN/GFO
# Col:  1    2    3    4    5    6    7    8    9
#       R11  R12  R13  R21  R22  R23  R31  R32  R33
# where Rij = R(i,j), i = row index, j = column index

    0.55580866    0.54310528    0.62937540    0.54310528    0.33595432   -0.76952671   -0.62937540    0.76952671   -0.10823702
    0.98715157   -0.04262800   -0.15399558   -0.04262800    0.85857058   -0.51092017    0.15399558    0.51092017    0.84572214
    0.26938026    0.69664379   -0.66492233    0.69664379    0.33575217    0.63400150    0.66492233   -0.63400150   -0.39486757
   -0.41735882    0.26872739   -0.86809976    0.26872739    0.94905001    0.16458936    0.86809976   -0.16458936   -0.46830881
    0.98664373    0.00527434    0.16280765    0.00527434    0.99791718   -0.06429213   -0.16280765    0.06429213    0.98456091
    0.65042626   -0.62257511    0.43513896   -0.62257511   -0.10877827    0.77496292   -0.43513896   -0.77496292   -0.45835201
    0.98609332    0.09868373   -0.13372169    0.09868373    0.29972671    0.94890749    0.13372169   -0.94890749    0.28582003
   -0.08112043    0.59521130    0.79946418    0.59521130    0.67230617   -0.44014534   -0.79946418    0.44014534   -0.40881426
    0.74052115   -0.14445021   -0.65632504   -0.14445021    0.91958550   -0.36537194    0.65632504    0.36537194    0.66010664
    0.45983477   -0.39077936   -0.79739794   -0.39077936    0.71729297   -0.57687285    0.79739794    0.57687285    0.17712774
    0.35902181   -0.05353722   -0.93179241   -0.05353722    0.99552834   -0.07782726    0.93179241    0.07782726    0.35455016
    0.94157024   -0.24223617    0.23402378   -0.24223617   -0.00425463    0.97020799   -0.23402378   -0.97020799   -0.06268439
    0.07459411    0.31087611   -0.94751874    0.31087611    0.89556587    0.31830459    0.94751874   -0.31830459   -0.02984001
    0.94953529   -0.01129527   -0.31345677   -0.01129527    0.99747184   -0.07015950    0.31345677    0.07015950    0.94700713
   -0.61275510    0.46902558    0.63603946    0.46902558    0.86359678   -0.18497463   -0.63603946    0.18497463   -0.74915833
    0.26813928   -0.89666252   -0.35227497   -0.89666252   -0.09857470   -0.43160092    0.35227497    0.43160092   -0.83043542
    0.56552488   -0.58260004   -0.58374549   -0.58260004    0.21877503   -0.78276093    0.58374549    0.78276093   -0.21570009
    0.27142333    0.87458301   -0.40178842    0.87458301   -0.04984893    0.48230659    0.40178842   -0.48230659   -0.77842560
    0.61785384    0.68567831    0.38484008    0.68567831   -0.23030085   -0.69051196   -0.38484008    0.69051196   -0.61244701
   -0.79561240   -0.00696060   -0.60576601   -0.00696060    0.99997302   -0.00234822    0.60576601    0.00234822   -0.79563939
    0.89388189   -0.39342142   -0.21492967   -0.39342142   -0.45856729   -0.79682848    0.21492967    0.79682848   -0.56468540
    0.89927452    0.33115529   -0.28572978    0.33115529   -0.08873972    0.93939419    0.28572978   -0.93939419   -0.18946519
    0.83643113    0.53282107    0.12839266    0.53282107   -0.73564988   -0.41823553   -0.12839266    0.41823553   -0.89921875
    0.98751795    0.13938427   -0.07335071    0.13938427   -0.55647284    0.81909096    0.07335071   -0.81909096   -0.56895489
   -0.12926749   -0.65459935   -0.74484200   -0.65459935    0.62055021   -0.43176049    0.74484200    0.43176049   -0.50871728
   -0.07440016   -0.24676390   -0.96621540   -0.24676390    0.94332426   -0.22191646    0.96621540    0.22191646   -0.13107590
