# Rotation matrices: 45 entries, row-major flattening of 3x3 -> 1x9
# https://github.com/Neurophysics-CFIN/GFO
# Col:  1    2    3    4    5    6    7    8    9
#       R11  R12  R13  R21  R22  R23  R31  R32  R33
# where Rij = R(i,j), i = row index, j = column index

    0.96849948   -0.01522879    0.24854946   -0.01522879    0.99263770    0.12016020   -0.24854946   -0.12016020    0.96113719
    0.83446670   -0.08830400   -0.54393725   -0.08830400    0.95289409   -0.29016418    0.54393725    0.29016418    0.78736080
    0.99642964    0.01054912   -0.08376567    0.01054912    0.96883115    0.24749732    0.08376567   -0.24749732    0.96526079
    0.81037618    0.13003670    0.57129755    0.13003670    0.91082585   -0.39177383   -0.57129755    0.39177383    0.72120203
    0.71463800    0.07815206   -0.69511494    0.07815206    0.97859650    0.19037105    0.69511494   -0.19037105    0.69323451
    0.84057345   -0.09990659    0.53240487   -0.09990659    0.93739232    0.33363799   -0.53240487   -0.33363799    0.77796577
    0.96994999   -0.06278792   -0.23506315   -0.06278792    0.86880792   -0.49115219    0.23506315    0.49115219    0.83875791
    0.99453479    0.03344378   -0.09890431    0.03344378    0.79534431    0.60523462    0.09890431   -0.60523462    0.78987910
    0.53621327    0.09298115    0.83894567    0.09298115    0.98135890   -0.16819398   -0.83894567    0.16819398    0.51757217
    0.62040500   -0.21739576   -0.75354942   -0.21739576    0.87549647   -0.43156113    0.75354942    0.43156113    0.49590147
    0.99997308    0.00365383   -0.00636257    0.00365383    0.50400987    0.86369017    0.00636257   -0.86369017    0.50398295
    0.99218337    0.03878916    0.11860672    0.03878916    0.80751301   -0.58857297   -0.11860672    0.58857297    0.79969638
    0.70754624    0.24346913   -0.66340117    0.24346913    0.79731081    0.55228457    0.66340117   -0.55228457    0.50485705
    0.54864139   -0.10859376    0.82897528   -0.10859376    0.97387309    0.19944571   -0.82897528   -0.19944571    0.52251448
    0.85971693   -0.30017043   -0.41326084   -0.30017043    0.35771092   -0.88427406    0.41326084    0.88427406    0.21742784
    0.99860804   -0.03385439    0.04044590   -0.03385439    0.17661695    0.98369728   -0.04044590   -0.98369728    0.17522498
    0.68951276    0.38696226    0.61223555    0.38696226    0.51772642   -0.76303313   -0.61223555    0.76303313    0.20723918
    0.18924721    0.00549719   -0.98191409    0.00549719    0.99996273    0.00665772    0.98191409   -0.00665772    0.18920994
    0.55295782   -0.40815516    0.72639315   -0.40815516    0.62734918    0.66320613   -0.72639315   -0.66320613    0.18030700
    0.92183472    0.24803610    0.29782351    0.24803610    0.21292540   -0.94506130   -0.29782351    0.94506130    0.13476012
    0.59198430    0.42165824   -0.68684709    0.42165824    0.56424306    0.70981272    0.68684709   -0.70981272    0.15622736
    0.18252995    0.06004548    0.98136505    0.06004548    0.99558949   -0.07208403   -0.98136505    0.07208403    0.17811944
    0.27714034   -0.24905475    0.92798974   -0.24905475    0.91419044    0.31973046   -0.92798974   -0.31973046    0.19133079
    0.99527374   -0.06156396   -0.07510031   -0.06156396    0.19807138   -0.97825232    0.07510031    0.97825232    0.19334513
    0.89498856    0.26577378   -0.35827331    0.26577378    0.32735227    0.90675509    0.35827331   -0.90675509    0.22234083
    0.18381810    0.37988194    0.90658735    0.37988194    0.82318857   -0.42196006   -0.90658735    0.42196006    0.00700667
    0.58171901   -0.40715509   -0.70415035   -0.40715509    0.60367486   -0.68542059    0.70415035    0.68542059    0.18539388
    0.85304573   -0.31671713    0.41473274   -0.31671713    0.31740847    0.89383562   -0.41473274   -0.89383562    0.17045419
    0.85932752    0.20067174    0.47041159    0.20067174    0.71373826   -0.67105033   -0.47041159    0.67105033    0.57306578
    0.42401173    0.20753950   -0.88155624    0.20753950    0.92521958    0.31764144    0.88155624   -0.31764144    0.34923131
    0.27290233   -0.28517416   -0.91880358   -0.28517416    0.88815216   -0.36036292    0.91880358    0.36036292    0.16105450
    0.98322448   -0.08368270   -0.16207045   -0.08368270    0.58255879   -0.80846921    0.16207045    0.80846921    0.56578327
    0.91158666    0.17751968   -0.37080524    0.17751968    0.64356922    0.74451691    0.37080524   -0.74451691    0.55515588
    0.53379322    0.28524524    0.79605273    0.28524524    0.82547477   -0.48705909   -0.79605273    0.48705909    0.35926799
    0.55496292   -0.04695461   -0.83054887   -0.04695461    0.99504595   -0.08762888    0.83054887    0.08762888    0.55000887
    0.71204442   -0.24184289    0.65916975   -0.24184289    0.79688540    0.55361148   -0.65916975   -0.55361148    0.50892982
    0.97531881    0.10954506    0.19171097    0.10954506    0.51379491   -0.85089051   -0.19171097    0.85089051    0.48911373
    0.90182478    0.09289261   -0.42199885    0.09289261    0.91210574    0.39929196    0.42199885   -0.39929196    0.81393053
    0.80854687    0.01037395    0.58834033    0.01037395    0.99943788   -0.03187942   -0.58834033    0.03187942    0.80798475
    0.84980423   -0.20583071   -0.48524890   -0.20583071    0.71792628   -0.66499292    0.48524890    0.66499292    0.56773050
    0.91772084   -0.17881372    0.35470286   -0.17881372    0.61139193    0.77086028   -0.35470286   -0.77086028    0.52911276
    0.96256715    0.03784513    0.26838822    0.03784513    0.96173806   -0.27134415   -0.26838822    0.27134415    0.92430521
    0.91451351    0.00281406   -0.40454558    0.00281406    0.99990737    0.01331689    0.40454558   -0.01331689    0.91442088
    0.96889171   -0.06861326    0.23778367   -0.06861326    0.84866478    0.52446192   -0.23778367   -0.52446192    0.81755649
    0.99615609   -0.00754171   -0.08727070   -0.00754171    0.98520327   -0.17122395    0.08727070    0.17122395    0.98135935
