# Rotation matrices: 65 entries, row-major flattening of 3x3 -> 1x9
# https://github.com/Neurophysics-CFIN/GFO
# Col:  1    2    3    4    5    6    7    8    9
#       R11  R12  R13  R21  R22  R23  R31  R32  R33
# where Rij = R(i,j), i = row index, j = column index

    0.96617565    0.06042248    0.25070647    0.06042248    0.89206365   -0.44785217   -0.25070647    0.44785217    0.85823930
    0.95781378   -0.00738887   -0.28729455   -0.00738887    0.99870585   -0.05031931    0.28729455    0.05031931    0.95651963
    0.95567439    0.09021428   -0.28026387    0.09021428    0.81639020    0.57041076    0.28026387   -0.57041076    0.77206459
    0.93835259    0.02389713    0.34485265    0.02389713    0.99073647   -0.13367940   -0.34485265    0.13367940    0.92908905
    0.82342485    0.00020332   -0.56742531    0.00020332    0.99999977    0.00065338    0.56742531   -0.00065338    0.82342461
    0.99901832    0.00116163    0.04428361    0.00116163    0.99862544   -0.05240124   -0.04428361    0.05240124    0.99764376
    0.91255250   -0.13766071   -0.38509409   -0.13766071    0.78329315   -0.60621891    0.38509409    0.60621891    0.69584566
    0.99483889   -0.04076130    0.09291990   -0.04076130    0.67807650    0.73386018   -0.09291990   -0.73386018    0.67291539
    0.82015050    0.10365723    0.56267960    0.10365723    0.94025660   -0.32430342   -0.56267960    0.32430342    0.76040710
    0.56063586   -0.16688534   -0.81107134   -0.16688534    0.93661131   -0.30807229    0.81107134    0.30807229    0.49724717
    0.88567259   -0.18261719    0.42688995   -0.18261719    0.70830235    0.68187884   -0.42688995   -0.68187884    0.59397493
    0.99572579   -0.02925767   -0.08760218   -0.02925767    0.79972653   -0.59965112    0.08760218    0.59965112    0.79545232
    0.68844686    0.11713768   -0.71576510    0.11713768    0.95595860    0.26911320    0.71576510   -0.26911320    0.64440546
    0.78003512   -0.14442461    0.60884049   -0.14442461    0.90517364    0.39975269   -0.60884049   -0.39975269    0.68520876
    0.94004911   -0.21271275   -0.26657260   -0.21271275    0.24527033   -0.94583072    0.26657260    0.94583072    0.18531944
    0.99582257    0.05238519   -0.07478773    0.05238519    0.34308723    0.93784164    0.07478773   -0.93784164    0.33890979
    0.33012098    0.24650394    0.91118381    0.24650394    0.90929079   -0.33529995   -0.91118381    0.33529995    0.23941177
    0.29404522   -0.05134950   -0.95441115   -0.05134950    0.99626496   -0.06942164    0.95441115    0.06942164    0.29031018
    0.77591271   -0.32478459    0.54080905   -0.32478459    0.52926813    0.78383048   -0.54080905   -0.78383048    0.30518084
    0.98550214   -0.07930206   -0.14998907   -0.07930206    0.56622452   -0.82042732    0.14998907    0.82042732    0.55172665
    0.81012683    0.18078531   -0.55768377    0.18078531    0.82786758    0.53099146    0.55768377   -0.53099146    0.63799442
    0.64374812    0.22244783    0.73219213    0.22244783    0.86110098   -0.45718931   -0.73219213    0.45718931    0.50484910
    0.73289233   -0.23829088   -0.63724900   -0.23829088    0.78741702   -0.56849968    0.63724900    0.56849968    0.52030935
    0.96687606   -0.13377857    0.21737979   -0.13377857    0.45970473    0.87793784   -0.21737979   -0.87793784    0.42658080
    0.94169110    0.17580265    0.28689945    0.17580265    0.46995103   -0.86500836   -0.28689945    0.86500836    0.41164213
    0.57384622    0.29035088   -0.76576555    0.29035088    0.80217556    0.52173819    0.76576555   -0.52173819    0.37602179
    0.39859353   -0.20237529    0.89452079   -0.20237529    0.93190004    0.30100924   -0.89452079   -0.30100924    0.33049356
    0.91656817   -0.25418294    0.30869698   -0.25418294    0.22560771    0.94047445   -0.30869698   -0.94047445    0.14217588
    0.89403718    0.26926792   -0.35803954    0.26926792    0.31574857    0.90983385    0.35803954   -0.90983385    0.20978575
    0.30250057    0.40484317   -0.86289942    0.40484317    0.76502060    0.50084477    0.86289942   -0.50084477    0.06752118
    0.36201186   -0.28934437   -0.88613049   -0.28934437    0.86877473   -0.40188344    0.88613049    0.40188344    0.23078659
    0.71519059   -0.43598982   -0.54627401   -0.43598982    0.33258130   -0.83624312    0.54627401    0.83624312    0.04777189
    0.94364760    0.21884431    0.24826673    0.21884431    0.15011897   -0.96414286   -0.24826673    0.96414286    0.09376657
    0.74892157    0.40273548    0.52623247    0.40273548    0.35400318   -0.84408879   -0.52623247    0.84408879    0.10292476
    0.09838213    0.19870084   -0.97510970    0.19870084    0.95620980    0.21489716    0.97510970   -0.21489716    0.05459193
    0.48821268   -0.43707249    0.75539130   -0.43707249    0.62673487    0.64511320   -0.75539130   -0.64511320    0.11494755
    0.99999431    0.00197051    0.00273856    0.00197051    0.31775148   -0.94817199   -0.00273856    0.94817199    0.31774578
    0.51933251    0.39492994    0.75784173    0.39492994    0.67551445   -0.62266409   -0.75784173    0.62266409    0.19484696
    0.02324119   -0.08464142    0.99614039   -0.08464142    0.99266536    0.08632094   -0.99614039   -0.08632094    0.01590656
    0.59150592   -0.38249215   -0.70980315   -0.38249215    0.64185468   -0.66462194    0.70980315    0.66462194    0.23336060
    0.99979499   -0.01397157    0.01465514   -0.01397157    0.04782737    0.99875790   -0.01465514   -0.99875790    0.04762236
    0.62868404    0.41905742   -0.65509332    0.41905742    0.52706283    0.73932108    0.65509332   -0.73932108    0.15574686
    0.41057228    0.15687505   -0.89823194    0.15687505    0.95824801    0.23906269    0.89823194   -0.23906269    0.36882029
    0.60110909   -0.08770954    0.79433928   -0.08770954    0.98071412    0.17466212   -0.79433928   -0.17466212    0.58182321
    0.86584518   -0.24806692   -0.43448238   -0.24806692    0.54129718   -0.80340535    0.43448238    0.80340535    0.40714236
    0.97208837    0.10543996   -0.20958676    0.10543996    0.60168627    0.79174241    0.20958676   -0.79174241    0.57377464
    0.30153589    0.01588137    0.95332255    0.01588137    0.99963890   -0.02167623   -0.95332255    0.02167623    0.30117478
    0.20000384   -0.34049583    0.91872795   -0.34049583    0.85507754    0.39103068   -0.91872795   -0.39103068    0.05508138
    0.64209739   -0.27125138    0.71703113   -0.27125138    0.79442086    0.54343186   -0.71703113   -0.54343186    0.43651825
    0.77983143    0.28645441    0.55660292    0.28645441    0.62730317   -0.72417857   -0.55660292    0.72417857    0.40713460
    0.83240080    0.25633410   -0.49132650    0.25633410    0.60795056    0.75145788    0.49132650   -0.75145788    0.44035136
    0.56183389    0.08922715    0.82242397    0.08922715    0.98182998   -0.16747656   -0.82242397    0.16747656    0.54366388
    0.79009852   -0.10483784   -0.60394814   -0.10483784    0.94763747   -0.30164921    0.60394814    0.30164921    0.73773600
    0.99999995    0.00008529   -0.00031944    0.00008529    0.86691469    0.49845653    0.00031944   -0.49845653    0.86691464
    0.88037979    0.16188329    0.44578607    0.16188329    0.78092162   -0.60328701   -0.44578607    0.60328701    0.66130142
    0.59075775   -0.00780185   -0.80681126   -0.00780185    0.99985126   -0.01538117    0.80681126    0.01538117    0.59060901
    0.94621462   -0.08450611    0.31230851   -0.08450611    0.86722632    0.49069056   -0.31230851   -0.49069056    0.81344094
    0.98585259    0.06771277    0.15332857    0.06771277    0.67591104   -0.73386596   -0.15332857    0.73386596    0.66176363
    0.89658012    0.06858170   -0.43753929    0.06858170    0.95452084    0.29014913    0.43753929   -0.29014913    0.85110096
    0.76747662    0.01098264    0.64098286    0.01098264    0.99948126   -0.03027515   -0.64098286    0.03027515    0.76695788
    0.94068158   -0.06110641   -0.33374266   -0.06110641    0.93705169   -0.34380246    0.33374266    0.34380246    0.87773328
    0.88711012   -0.04705975    0.45915250   -0.04705975    0.98038247    0.19140424   -0.45915250   -0.19140424    0.86749259
    0.99977221   -0.00362311   -0.02103350   -0.00362311    0.94237361   -0.33454274    0.02103350    0.33454274    0.94214582
    0.98717217    0.01921550   -0.15849883    0.01921550    0.97121607    0.23742389    0.15849883   -0.23742389    0.95838824
    0.98546561   -0.01886292    0.16882450   -0.01886292    0.97551945    0.21910271   -0.16882450   -0.21910271    0.96098506
