# Rotation matrices: 6 entries, row-major flattening of 3x3 -> 1x9
# https://github.com/Neurophysics-CFIN/GFO
# Col:  1    2    3    4    5    6    7    8    9
#       R11  R12  R13  R21  R22  R23  R31  R32  R33
# where Rij = R(i,j), i = row index, j = column index

    0.78236752   -0.09097166    0.61613734   -0.09097166    0.96197331    0.25754903   -0.61613734   -0.25754903    0.74434083
    0.73975737    0.31470047    0.59474587    0.31470047    0.61944595   -0.71920117   -0.59474587    0.71920117    0.35920331
    0.97378367   -0.04162461   -0.22363534   -0.04162461    0.93391111   -0.35507383    0.22363534    0.35507383    0.90769478
    0.92534629    0.14005315   -0.35230576    0.14005315    0.73725504    0.66093882    0.35230576   -0.66093882    0.66260133
    0.23284398   -0.05408266   -0.97100914   -0.05408266    0.99618730   -0.06845381    0.97100914    0.06845381    0.22903128
    0.85535211   -0.34400797   -0.38733871   -0.34400797    0.18186512   -0.92118597    0.38733871    0.92118597    0.03721723
