# Rotation matrices: 28 entries, row-major flattening of 3x3 -> 1x9
# https://github.com/Neurophysics-CFIN/GFO
# Col:  1    2    3    4    5    6    7    8    9
#       R11  R12  R13  R21  R22  R23  R31  R32  R33
# where Rij = R(i,j), i = row index, j = column index

    0.16844942    0.92793730    0.33250138    0.92793730   -0.03549639   -0.37104229   -0.33250138    0.37104229   -0.86704697
   -0.66391025   -0.70407406    0.25199781   -0.70407406    0.70207510    0.10663142   -0.25199781   -0.10663142   -0.96183514
    0.27042762    0.65573656   -0.70489607    0.65573656    0.41062677    0.63355760    0.70489607   -0.63355760   -0.31894561
   -0.43993355   -0.08596615   -0.89390620   -0.08596615    0.99486769   -0.05336751    0.89390620    0.05336751   -0.44506586
    0.04533379   -0.68553773   -0.72662430   -0.68553773    0.50772115   -0.52178276    0.72662430    0.52178276   -0.44694506
    0.96442081   -0.18207800   -0.19167707   -0.18207800    0.06820811   -0.98091552    0.19167707    0.98091552    0.03262893
    0.83360547   -0.44784660   -0.32331927   -0.44784660   -0.20536758   -0.87020548    0.32331927    0.87020548   -0.37176211
    0.98966441   -0.12286216    0.07395437   -0.12286216   -0.46049791    0.87911693   -0.07395437   -0.87911693   -0.47083350
    0.46191292   -0.20328876   -0.86331346   -0.20328876    0.92319771   -0.32615896    0.86331346    0.32615896    0.38511063
    0.99375455   -0.01292679    0.11083674   -0.01292679    0.97324420    0.22940929   -0.11083674   -0.22940929    0.96699876
    0.81754215   -0.05014382    0.57368147   -0.05014382    0.98621927    0.15766151   -0.57368147   -0.15766151    0.80376142
   -0.02038053    0.30139416   -0.95328180    0.30139416    0.91097592    0.28157492    0.95328180   -0.28157492   -0.10940461
    0.56742910    0.43007700   -0.70218088    0.43007700    0.57240252    0.69813260    0.70218088   -0.69813260    0.13983162
    0.66579038    0.66322610   -0.34183960    0.66322610   -0.31614661    0.67836750    0.34183960   -0.67836750   -0.65035623
    0.52346008   -0.48752395    0.69879177   -0.48752395    0.50123884    0.71489861   -0.69879177   -0.71489861    0.02469891
    0.86884385    0.37123971   -0.32755374    0.37123971   -0.05080024    0.92714638    0.32755374   -0.92714638   -0.18195639
   -0.02113398    0.96539859   -0.25992099    0.96539859    0.08729466    0.24573402    0.25992099   -0.24573402   -0.93383932
   -0.27304622    0.27113821    0.92300045    0.27113821    0.94225196   -0.19658413   -0.92300045    0.19658413   -0.33079426
    0.93739292   -0.11085177    0.33016117   -0.11085177    0.80372644    0.58458164   -0.33016117   -0.58458164    0.74111936
   -0.10966513   -0.82508458    0.55426438   -0.82508458    0.38651352    0.41211982   -0.55426438   -0.41211982   -0.72315161
    0.71862863    0.02635056   -0.69489463    0.02635056    0.99753226    0.06507720    0.69489463   -0.06507720    0.71616088
    0.72372766    0.12613669    0.67845989    0.12613669    0.94241022   -0.30976204   -0.67845989    0.30976204    0.66613787
    0.79835923   -0.28666566   -0.52957090   -0.28666566    0.59245741   -0.75287251    0.52957090    0.75287251    0.39081664
    0.03406630   -0.25930595   -0.96519423   -0.25930595    0.93038904   -0.25910744    0.96519423    0.25910744   -0.03554466
    0.93070676   -0.34834243    0.11154588   -0.34834243   -0.75114405    0.56074965   -0.11154588   -0.56074965   -0.82043729
    0.96141692    0.25018505    0.11438943    0.25018505   -0.62228011   -0.74173776   -0.11438943    0.74173776   -0.66086318
    0.75791751    0.22485993   -0.61237167    0.22485993    0.79113736    0.56880549    0.61237167   -0.56880549    0.54905487
    0.95345784    0.17793749   -0.24342636    0.17793749    0.31971892    0.93065464    0.24342636   -0.93065464    0.27317676
