# Rotation matrices: 37 entries, row-major flattening of 3x3 -> 1x9
# https://github.com/Neurophysics-CFIN/GFO
# Col:  1    2    3    4    5    6    7    8    9
#       R11  R12  R13  R21  R22  R23  R31  R32  R33
# where Rij = R(i,j), i = row index, j = column index

    0.92405412   -0.00983012    0.38213525   -0.00983012    0.99872763    0.04946199   -0.38213525   -0.04946199    0.92278175
    0.96234903   -0.05707183   -0.26575767   -0.05707183    0.91348977   -0.40283897    0.26575767    0.40283897    0.87583881
    0.99999960    0.00014961   -0.00088111    0.00014961    0.94395421    0.33007641    0.00088111   -0.33007641    0.94395381
    0.97850039    0.04241943    0.20183553    0.04241943    0.91630511   -0.39822800   -0.20183553    0.39822800    0.89480550
    0.75496347   -0.08738447   -0.64991854   -0.08738447    0.96883711   -0.23177275    0.64991854    0.23177275    0.72380058
    0.71374613   -0.26331349    0.64902424   -0.26331349    0.75778844    0.59701146   -0.64902424   -0.59701146    0.47153458
    0.99884364   -0.01921763   -0.04406881   -0.01921763    0.68062016   -0.73238438    0.04406881    0.73238438    0.67946381
    0.91196740    0.11295932   -0.39440543    0.11295932    0.85505587    0.50608265    0.39440543   -0.50608265    0.76702328
    0.57540348    0.27796502    0.76918547    0.27796502    0.81802830   -0.50355253   -0.76918547    0.50355253    0.39343177
    0.48243990   -0.24076557   -0.84218982   -0.24076557    0.88799744   -0.39178118    0.84218982    0.39178118    0.37043733
    0.67916066   -0.36906962   -0.63445127   -0.36906962    0.57544986   -0.72982537    0.63445127    0.72982537    0.25461052
    0.89055323    0.29798524   -0.34368553    0.29798524    0.18869054    0.93573537    0.34368553   -0.93573537    0.07924377
    0.50774810    0.25520146   -0.82283904    0.25520146    0.86769419    0.42658997    0.82283904   -0.42658997    0.37544229
    0.42575058    0.07980324    0.90131453    0.07980324    0.98890977   -0.12525536   -0.90131453    0.12525536    0.41466035
    0.94358070   -0.18777216   -0.27275829   -0.18777216    0.37506526   -0.90778173    0.27275829    0.90778173    0.31864596
    0.98908483    0.07834357   -0.12479374    0.07834357    0.43768922    0.89570666    0.12479374   -0.89570666    0.42677406
    0.46875390    0.47345226   -0.74572967    0.47345226    0.57805423    0.66460234    0.74572967   -0.66460234    0.04680813
    0.04365505   -0.12666172   -0.99098489   -0.12666172    0.98322447   -0.13124956    0.99098489    0.13124956    0.02687953
    0.77975982   -0.37968986    0.49780542   -0.37968986    0.34542194    0.85820702   -0.49780542   -0.85820702    0.12518176
    0.99092512   -0.09142530    0.09853334   -0.09142530    0.07893139    0.99267883   -0.09853334   -0.99267883    0.06985651
    0.78902809    0.32741902    0.51983792    0.32741902    0.49186026   -0.80676531   -0.51983792    0.80676531    0.28088835
    0.40822874    0.01057962   -0.91281837    0.01057962    0.99981086    0.01631927    0.91281837   -0.01631927    0.40803960
    0.41141358   -0.18178885    0.89313587   -0.18178885    0.94385330    0.27585098   -0.89313587   -0.27585098    0.35526688
    0.98680959    0.09278899    0.13265384    0.09278899    0.34726860   -0.93316382   -0.13265384    0.93316382    0.33407819
    0.81146666    0.26432841   -0.52120279    0.26432841    0.62940503    0.73073922    0.52120279   -0.73073922    0.44087169
    0.09497611    0.26895874    0.95845748    0.26895874    0.92006973   -0.28483835   -0.95845748    0.28483835    0.01504584
    0.35101512   -0.43453679    0.82943726   -0.43453679    0.70904989    0.55536117   -0.82943726   -0.55536117    0.06006502
    0.94276336   -0.16184205    0.29155514   -0.16184205    0.54237618    0.82439992   -0.29155514   -0.82439992    0.48513954
    0.90451548    0.15928546    0.39557540    0.15928546    0.73428304   -0.65989132   -0.39557540    0.65989132    0.63879852
    0.71601913    0.08977703   -0.69228368    0.08977703    0.97161811    0.21885690    0.69228368   -0.21885690    0.68763723
    0.71205524   -0.06733008    0.69888769   -0.06733008    0.98425622    0.16342081   -0.69888769   -0.16342081    0.69631146
    0.86096787   -0.18504411   -0.47380693   -0.18504411    0.75371648   -0.63061093    0.47380693    0.63061093    0.61468435
    0.99993125    0.00428612   -0.01091456    0.00428612    0.73279422    0.68043681    0.01091456   -0.68043681    0.73272547
    0.78365499    0.09703100    0.61357139    0.09703100    0.95648148   -0.27518750   -0.61357139    0.27518750    0.74013647
    0.92180580    0.01421563   -0.38739126    0.01421563    0.99741561    0.07042734    0.38739126   -0.07042734    0.91922141
    0.91584177   -0.10349808    0.38797164   -0.10349808    0.87271769    0.47712889   -0.38797164   -0.47712889    0.78855946
    0.99989653   -0.00062115   -0.01437166   -0.00062115    0.99627109   -0.08627586    0.01437166    0.08627586    0.99616762
