# Rotation matrices: 64 entries, row-major flattening of 3x3 -> 1x9
# https://github.com/Neurophysics-CFIN/GFO
# Col:  1    2    3    4    5    6    7    8    9
#       R11  R12  R13  R21  R22  R23  R31  R32  R33
# where Rij = R(i,j), i = row index, j = column index

    0.92180272   -0.23279731    0.30997607   -0.23279731    0.30695052    0.92281460   -0.30997607   -0.92281460    0.22875324
    0.04802357    0.93950276    0.33915823    0.93950276    0.07280747   -0.33471427   -0.33915823    0.33471427   -0.87916896
    0.99622743    0.00767315   -0.08644094    0.00767315    0.98439336    0.17581477    0.08644094   -0.17581477    0.98062079
    0.77641139   -0.06737378    0.62661481   -0.06737378    0.97969831    0.18881736   -0.62661481   -0.18881736    0.75610970
    0.81308768    0.48096476    0.32796543    0.48096476   -0.23762361   -0.84392412   -0.32796543    0.84392412   -0.42453593
    0.70935949   -0.43499058   -0.55461005   -0.43499058    0.34896617   -0.83006374    0.55461005    0.83006374    0.05832567
    0.49819574   -0.27819875   -0.82122254   -0.27819875    0.84576746   -0.45528327    0.82122254    0.45528327    0.34396321
    0.94527153    0.31387463    0.08913169    0.31387463   -0.80011019   -0.51118137   -0.08913169    0.51118137   -0.85483867
    0.01118021   -0.30621525    0.95189664   -0.30621525    0.90517202    0.29478099   -0.95189664   -0.29478099   -0.08364777
    0.99857940   -0.04369418    0.03049604   -0.04369418   -0.34392231    0.93798095   -0.03049604   -0.93798095   -0.34534291
    0.14173348    0.29705772    0.94428191    0.29705772    0.89718428   -0.32682882   -0.94428191    0.32682882    0.03891776
   -0.21190745   -0.87102154    0.44318925   -0.87102154    0.37397981    0.31852877   -0.44318925   -0.31852877   -0.83792763
    0.74397791    0.30395275   -0.59507109    0.30395275    0.63914334    0.70647612    0.59507109   -0.70647612    0.38312125
    0.88292826   -0.11789277    0.45446559   -0.11789277    0.88128043    0.45765281   -0.45446559   -0.45765281    0.76420870
    0.77800748    0.26375511    0.57020839    0.26375511    0.68662567   -0.67747947   -0.57020839    0.67747947    0.46463314
    0.68820995    0.43162322   -0.58315389    0.43162322    0.40248702    0.80728285    0.58315389   -0.80728285    0.09069697
    0.37421313   -0.46055780   -0.80489195   -0.46055780    0.66104516   -0.59237303    0.80489195    0.59237303    0.03525829
   -0.37444132    0.15511078   -0.91418507    0.15511078    0.98249517    0.10316916    0.91418507   -0.10316916   -0.39194615
   -0.86741756   -0.28465562   -0.40811513   -0.28465562    0.95660916   -0.06221012    0.40811513    0.06221012   -0.91080840
   -0.63934955    0.22013298   -0.73673171    0.22013298    0.97044039    0.09892884    0.73673171   -0.09892884   -0.66890916
    0.10877841    0.00785578    0.99403498    0.00785578    0.99993075   -0.00876205   -0.99403498    0.00876205    0.10870916
    0.54652715   -0.69515434   -0.46697806   -0.69515434   -0.06564166   -0.71585726    0.46697806    0.71585726   -0.51911451
   -0.14037687   -0.32495983   -0.93525154   -0.32495983    0.90740001   -0.26650767    0.93525154    0.26650767   -0.23297686
    0.98004383   -0.06722459    0.18706936   -0.06722459    0.77354643    0.63016409   -0.18706936   -0.63016409    0.75359026
   -0.90984385    0.38891475   -0.14467029    0.38891475    0.92080259    0.02946021    0.14467029   -0.02946021   -0.98904125
    0.24764856    0.53664482    0.80664895    0.53664482    0.61721657   -0.57537470   -0.80664895    0.57537470   -0.13513486
    0.99689682   -0.03430921   -0.07084917   -0.03430921    0.62067221   -0.78331914    0.07084917    0.78331914    0.61756904
    0.97858897   -0.09919871    0.18034204   -0.09919871    0.54040594    0.83553637   -0.18034204   -0.83553637    0.51899491
    0.30682828    0.58075059   -0.75404586    0.58075059    0.51343767    0.63175194    0.75404586   -0.63175194   -0.17973405
   -0.36820976   -0.24671081    0.89641249   -0.24671081    0.95551397    0.16163797   -0.89641249   -0.16163797   -0.41269580
    0.87286511    0.06212473    0.48399072    0.06212473    0.96964262   -0.23650308   -0.48399072    0.23650308    0.84250773
    0.99012371   -0.03544501   -0.13564180   -0.03544501    0.87279149   -0.48680454    0.13564180    0.48680454    0.86291520
   -0.04201912   -0.72449236   -0.68800088   -0.72449236    0.49627683   -0.47835147    0.68800088    0.47835147   -0.54574230
    0.95111718    0.14615706    0.27205556    0.14615706    0.56299813   -0.81343175   -0.27205556    0.81343175    0.51411531
    0.71689878   -0.36978212    0.59103073   -0.36978212    0.51699673    0.77199454   -0.59103073   -0.77199454    0.23389551
   -0.15325983    0.41367687    0.89743126    0.41367687    0.85161318   -0.32191060   -0.89743126    0.32191060   -0.30164665
   -0.51686100    0.22279698    0.82656894    0.22279698    0.96727552   -0.12140668   -0.82656894    0.12140668   -0.54958548
    0.77319709   -0.20100488   -0.60146761   -0.20100488    0.82185871   -0.53305281    0.60146761    0.53305281    0.59505580
   -0.06450058    0.68841464    0.72244374    0.68841464    0.55480088   -0.46720580   -0.72244374    0.46720580   -0.50969970
    0.48437111   -0.85134984   -0.20146481   -0.85134984   -0.40565545   -0.33263659    0.20146481    0.33263659   -0.92128434
    0.95825644    0.25838523    0.12239966    0.25838523   -0.59935857   -0.75763208   -0.12239966    0.75763208   -0.64110214
    0.49869650   -0.33885682    0.79779563   -0.33885682    0.77094925    0.53927109   -0.79779563   -0.53927109    0.26964575
    0.98182385    0.03327088    0.18685547    0.03327088    0.93909867   -0.34203323   -0.18685547    0.34203323    0.92092253
   -0.19775451    0.04866681    0.97904275    0.04866681    0.99802258   -0.03978018   -0.97904275    0.03978018   -0.19973192
    0.68613569    0.52955440   -0.49878848    0.52955440    0.10653152    0.84155996    0.49878848   -0.84155996   -0.20733279
    0.53928290   -0.10596289    0.83543152   -0.10596289    0.97562900    0.19214555   -0.83543152   -0.19214555    0.51491191
   -0.20533227    0.69128715   -0.69279199    0.69128715    0.60353014    0.39733292    0.69279199   -0.39733292   -0.60180213
    0.78037514    0.00317168   -0.62530360    0.00317168    0.99995420    0.00903023    0.62530360   -0.00903023    0.78032933
    0.93051416   -0.00028875   -0.36625579   -0.00028875    0.99999880   -0.00152198    0.36625579    0.00152198    0.93051296
    0.99213513   -0.01257703   -0.12453792   -0.01257703    0.97988756   -0.19915368    0.12453792    0.19915368    0.97202269
    0.33364828    0.83882765   -0.43017090    0.83882765   -0.05594659    0.54151468    0.43017090   -0.54151468   -0.72229831
   -0.46948761   -0.52073414    0.71303390   -0.52073414    0.81547034    0.25267385   -0.71303390   -0.25267385   -0.65401727
    0.93759610    0.26539802   -0.22467187    0.26539802   -0.12871318    0.95550866    0.22467187   -0.95550866   -0.19111709
    0.62678077   -0.70105347    0.34010279   -0.70105347   -0.31685593    0.63884768   -0.34010279   -0.63884768   -0.69007516
    0.91489783    0.37831435   -0.14085530    0.37831435   -0.68176376    0.62616006    0.14085530   -0.62616006   -0.76686593
   -0.37002297    0.70789677    0.60163541    0.70789677    0.63422669   -0.31086761   -0.60163541    0.31086761   -0.73579628
    0.70446327   -0.33308335   -0.62672720   -0.33308335    0.62459991   -0.70635008    0.62672720    0.70635008    0.32906318
    0.99805545   -0.04456693   -0.04357869   -0.04456693   -0.02142592   -0.99877661    0.04357869    0.99877661   -0.02337047
    0.90114583   -0.32141866    0.29090590   -0.32141866   -0.04507428    0.94586382   -0.29090590   -0.94586382   -0.14392845
    0.92152605    0.25156802   -0.29580952    0.25156802    0.19353531    0.94829195    0.29580952   -0.94829195    0.11506136
    0.78187289   -0.51474265    0.35173113   -0.51474265   -0.21470458    0.83002527   -0.35173113   -0.83002527   -0.43283169
    0.99913155    0.02414685   -0.03395698    0.02414685    0.32860836    0.94415755    0.03395698   -0.94415755    0.32773991
    0.45298499    0.25315606    0.85481963    0.25315606    0.88284052   -0.39560665   -0.85481963    0.39560665    0.33582552
    0.89742648    0.14937068   -0.41510734    0.14937068    0.78248185    0.60449197    0.41510734   -0.60449197    0.67990834
