# Rotation matrices: 84 entries, row-major flattening of 3x3 -> 1x9
# https://github.com/Neurophysics-CFIN/GFO
# Col:  1    2    3    4    5    6    7    8    9
#       R11  R12  R13  R21  R22  R23  R31  R32  R33
# where Rij = R(i,j), i = row index, j = column index

    0.07504198    0.25340834   -0.96444436    0.25340834    0.93057438    0.26422631    0.96444436   -0.26422631    0.00561636
    0.82558446   -0.03243079    0.56334585   -0.03243079    0.99396983    0.10474841   -0.56334585   -0.10474841    0.81955428
    0.75764683   -0.45803368    0.46494776   -0.45803368    0.13434243    0.87872479   -0.46494776   -0.87872479   -0.10801074
    0.76280368   -0.14645141   -0.62982738   -0.14645141    0.90957695   -0.38887242    0.62982738    0.38887242    0.67238063
   -0.48677349   -0.46386348   -0.74019068   -0.46386348    0.85527767   -0.23093459    0.74019068    0.23093459   -0.63149582
   -0.21689232    0.12832726   -0.96772405    0.12832726    0.98646726    0.10205124    0.96772405   -0.10205124   -0.23042506
   -0.62134030    0.76513324    0.16884125    0.76513324    0.63892289   -0.07967856   -0.16884125    0.07967856   -0.98241741
    0.21806759    0.46901679    0.85584448    0.46901679    0.71867550   -0.51335055   -0.85584448    0.51335055   -0.06325692
    0.47073386   -0.51549211   -0.71601503   -0.51549211    0.49792345   -0.69738090    0.71601503    0.69738090   -0.03134269
    0.67523811    0.61834549    0.40212231    0.61834549   -0.17732762   -0.76563945   -0.40212231    0.76563945   -0.50208951
    0.20899967   -0.15349441    0.96579429   -0.15349441    0.97021426    0.18741335   -0.96579429   -0.18741335    0.17921393
    0.94181349   -0.23605438   -0.23930247   -0.23605438    0.04236094   -0.97081609    0.23930247    0.97081609   -0.01582557
    0.96284280    0.15118419   -0.22377910    0.15118419    0.38486595    0.91050620    0.22377910   -0.91050620    0.34770875
    0.56468534    0.75470418    0.33399411    0.75470418   -0.30842917   -0.57904494   -0.33399411    0.57904494   -0.74374383
   -0.86647683    0.37177672   -0.33316659    0.37177672    0.92594715    0.06636224    0.33316659   -0.06636224   -0.94052968
    0.71963021    0.15326098    0.67723218    0.15326098    0.91622162   -0.37020133   -0.67723218    0.37020133    0.63585183
    0.95666115   -0.26907313   -0.11135126   -0.26907313   -0.67056443   -0.69133421    0.11135126    0.69133421   -0.71390328
    0.82689701   -0.48438111   -0.28568562   -0.48438111   -0.35540734   -0.79941263    0.28568562    0.79941263   -0.52851033
    0.95178747   -0.03142160    0.30514470   -0.03142160    0.97952157    0.19887228   -0.30514470   -0.19887228    0.93130904
    0.66243389    0.03064490    0.74849331    0.03064490    0.99721800   -0.06794965   -0.74849331    0.06794965    0.65965189
   -0.09305146    0.99405045   -0.05661388    0.99405045    0.09598374    0.05148619    0.05661388   -0.05148619   -0.99706772
   -0.48412677    0.17629818    0.85705322    0.17629818    0.97905769   -0.10180864   -0.85705322    0.10180864   -0.50506908
    0.05417837   -0.01086013   -0.99847221   -0.01086013    0.99987530   -0.01146468    0.99847221    0.01146468    0.05405367
    0.96092808   -0.16395817   -0.22301335   -0.16395817    0.31197959   -0.93583463    0.22301335    0.93583463    0.27290766
    0.07512592    0.66973482   -0.73879048    0.66973482    0.51502076    0.53498494    0.73879048   -0.53498494   -0.40985332
    0.01279355   -0.75038890   -0.66087277   -0.75038890    0.42961930   -0.50233828    0.66087277    0.50233828   -0.55758715
    0.73232158    0.03773722   -0.67991250    0.03773722    0.99467982    0.09585385    0.67991250   -0.09585385    0.72700140
    0.79263022    0.20204199   -0.57525330    0.20204199    0.80314892    0.56047377    0.57525330   -0.56047377    0.59577915
    0.97943894    0.03162754    0.19924622    0.03162754    0.95134970   -0.30648564   -0.19924622    0.30648564    0.93078864
    0.99971435    0.01585427    0.01788454    0.01585427    0.12004352   -0.99264203   -0.01788454    0.99264203    0.11975788
    0.77147023   -0.37193485    0.51623459   -0.37193485    0.39467173    0.84017778   -0.51623459   -0.84017778    0.16614196
    0.71910923    0.51512154    0.46640296    0.51512154    0.05532603   -0.85532966   -0.46640296    0.85532966   -0.22556474
    0.54725388    0.41380026    0.72751807    0.41380026    0.62179543   -0.66493593   -0.72751807    0.66493593    0.16904931
    0.82394264    0.20393971    0.52870325    0.20393971    0.76376219   -0.61243441   -0.52870325    0.61243441    0.58770483
   -0.54119141   -0.30230726    0.78467966   -0.30230726    0.94070193    0.15391622   -0.78467966   -0.15391622   -0.60048948
    0.96409384    0.04567966   -0.26160358    0.04567966    0.94188653    0.33281096    0.26160358   -0.33281096    0.90598037
    0.50800549   -0.67768886   -0.53166552   -0.67768886    0.06652983   -0.73233298    0.53166552    0.73233298   -0.42546468
    0.76623757    0.40064115    0.50236109    0.40064115    0.31334849   -0.86098746   -0.50236109    0.86098746    0.07958605
   -0.16564787   -0.84517881   -0.50816687   -0.84517881    0.38718438   -0.36845764    0.50816687    0.36845764   -0.77846349
    0.99853740    0.01478121    0.05200563    0.01478121    0.85061987   -0.52557336   -0.05200563    0.52557336    0.84915726
    0.97257758   -0.05646366    0.22562073   -0.05646366    0.88373950    0.46456038   -0.22562073   -0.46456038    0.85631708
   -0.80036178    0.39901978    0.44744189    0.39901978    0.91156401   -0.09916794   -0.44744189    0.09916794   -0.88879777
    0.95378326   -0.29759578   -0.04164415   -0.29759578   -0.91625930   -0.26815227    0.04164415    0.26815227   -0.96247604
    0.99468147   -0.01630505   -0.10170017   -0.01630505    0.95001351   -0.31178274    0.10170017    0.31178274    0.94469498
    0.72444729    0.63300802   -0.27290469    0.63300802   -0.45416518    0.62692490    0.27290469   -0.62692490   -0.72971789
    0.15421161   -0.72680364    0.66930954   -0.72680364    0.37544245    0.57515167   -0.66930954   -0.57515167   -0.47034594
    0.47787925    0.28019238   -0.83254048    0.28019238    0.84963676    0.44677691    0.83254048   -0.44677691    0.32751601
    0.99999758    0.00141003   -0.00168719    0.00141003    0.17755126    0.98411054    0.00168719   -0.98411054    0.17754885
    0.99717045    0.06824401   -0.03152547    0.06824401   -0.64592935    0.76034073    0.03152547   -0.76034073   -0.64875890
    0.23633573   -0.63530374   -0.73521057   -0.63530374    0.47148131   -0.61163268    0.73521057    0.61163268   -0.29218297
    0.92114136   -0.08544673   -0.37973340   -0.08544673    0.90741479   -0.41145747    0.37973340    0.41145747    0.82855615
   -0.29517501    0.59894825    0.74440091    0.59894825    0.72301890   -0.34424508   -0.74440091    0.34424508   -0.57215611
    0.88044689   -0.16865290   -0.44313596   -0.16865290    0.76208232   -0.62512938    0.44313596    0.62512938    0.64252920
    0.50732084   -0.21262404   -0.83511471   -0.21262404    0.90823849   -0.36040790    0.83511471    0.36040790    0.41555933
    0.57651451    0.45073988   -0.68151638    0.45073988    0.52025171    0.72537695    0.68151638   -0.72537695    0.09676621
    0.98690462    0.06777697   -0.14637470    0.06777697    0.64921078    0.75758276    0.14637470   -0.75758276    0.63611540
   -0.17475049   -0.49930818   -0.84861864   -0.49930818    0.78777735   -0.36069126    0.84861864    0.36069126   -0.38697314
    0.14513658   -0.52731829    0.83718026   -0.52731829    0.67472631    0.51641052   -0.83718026   -0.51641052   -0.18013711
    0.90052433    0.09842443    0.42351925    0.09842443    0.90261570   -0.41904360   -0.42351925    0.41904360    0.80314003
    0.89831303   -0.38305888    0.21517339   -0.38305888   -0.44299816    0.81056679   -0.21517339   -0.81056679   -0.54468513
    0.99946284   -0.01707735    0.02797151   -0.01707735    0.45708303    0.88926007   -0.02797151   -0.88926007    0.45654587
   -0.63629952    0.54592143   -0.54506212    0.54592143    0.81786329    0.18185002    0.54506212   -0.18185002   -0.81843623
    0.82105205    0.48862174   -0.29516492    0.48862174   -0.33419355    0.80595500    0.29516492   -0.80595500   -0.51314150
    0.18206183   -0.23796923   -0.95405667   -0.23796923    0.93076573   -0.27757126    0.95405667    0.27757126    0.11282755
    0.99899451    0.02444396    0.03758272    0.02444396    0.40575500   -0.91365495   -0.03758272    0.91365495    0.40474951
    0.56919047    0.63002065   -0.52829556    0.63002065    0.07865080    0.77258529    0.52829556   -0.77258529   -0.35215873
   -0.21317185    0.25664075    0.94270530    0.25664075    0.94570887   -0.19942484   -0.94270530    0.19942484   -0.26746299
    0.46299083   -0.78512256   -0.41136609   -0.78512256   -0.14787133   -0.60142883    0.41136609    0.60142883   -0.68488051
    0.85819091   -0.25240529   -0.44698986   -0.25240529    0.55074509   -0.79559501    0.44698986    0.79559501    0.40893600
    0.32218134    0.67935545    0.65929914    0.67935545    0.31910427   -0.66079394   -0.65929914    0.66079394   -0.35871439
    0.12613144   -0.44920856   -0.88447867   -0.44920856    0.76908617   -0.45466265    0.88447867    0.45466265   -0.10478239
    0.44177953   -0.61556353    0.65261964   -0.61556353    0.32120286    0.71965983   -0.65261964   -0.71965983   -0.23701760
    0.44735332   -0.04307879    0.89331922   -0.04307879    0.99664201    0.06963420   -0.89331922   -0.06963420    0.44399533
    0.84701438    0.10262583   -0.52156934    0.10262583    0.93115652    0.34987922    0.52156934   -0.34987922    0.77817091
    0.94124012   -0.19684899    0.27444036   -0.19684899    0.34054452    0.91939105   -0.27444036   -0.91939105    0.28178464
   -0.01210011    0.45923423   -0.88823280    0.45923423    0.79162528    0.40303020    0.88823280   -0.40303020   -0.22047483
    0.95050951   -0.02482002   -0.30970250   -0.02482002    0.98755249   -0.15531920    0.30970250    0.15531920    0.93806200
   -0.35317472    0.37624768   -0.85656599    0.37624768    0.89538504    0.23816656    0.85656599   -0.23816656   -0.45778968
    0.89457220    0.34679246   -0.28191411    0.34679246   -0.14073341    0.92732362    0.28191411   -0.92732362   -0.24616121
    0.97952129   -0.06518284   -0.19049736   -0.06518284    0.79252591   -0.60634469    0.19049736    0.60634469    0.77204719
    0.96986580    0.23414783    0.06734332    0.23414783   -0.81936825   -0.52326901   -0.06734332    0.52326901   -0.84950245
    0.33844262   -0.07480044   -0.93800932   -0.07480044    0.99154252   -0.10605808    0.93800932    0.10605808    0.32998514
   -0.67910681   -0.46985682    0.56395789   -0.46985682    0.86852210    0.15780977   -0.56395789   -0.15780977   -0.81058471
    0.93600247    0.23822239   -0.25913214    0.23822239    0.11324845    0.96458534    0.25913214   -0.96458534    0.04925092
