# Rotation matrices: 47 entries, row-major flattening of 3x3 -> 1x9
# https://github.com/Neurophysics-CFIN/GFO
# Col:  1    2    3    4    5    6    7    8    9
#       R11  R12  R13  R21  R22  R23  R31  R32  R33
# where Rij = R(i,j), i = row index, j = column index

    0.99804799    0.00173663    0.06242757    0.00173663    0.99845500   -0.05553922   -0.06242757    0.05553922    0.99650298
    0.93420032    0.01576641   -0.35640031    0.01576641    0.99622218    0.08539787    0.35640031   -0.08539787    0.93042250
    0.95086080   -0.03549208    0.30757770   -0.03549208    0.97436491    0.22215610   -0.30757770   -0.22215610    0.92522572
    0.96535539    0.04748456    0.25658173    0.04748456    0.93491676   -0.35167579   -0.25658173    0.35167579    0.90027216
    0.78613615   -0.10790869   -0.60856033   -0.10790869    0.94555281   -0.30705960    0.60856033    0.30705960    0.73168896
    0.82664694   -0.16512934    0.53794714   -0.16512934    0.84270424    0.51242742   -0.53794714   -0.51242742    0.66935119
    0.99771154   -0.03132865   -0.05991832   -0.03132865    0.57111645   -0.82027100    0.05991832    0.82027100    0.56882798
    0.96518714    0.08094402   -0.24872041    0.08094402    0.81179557    0.57830444    0.24872041   -0.57830444    0.77698271
    0.86502048    0.03082369    0.50078884    0.03082369    0.99296116   -0.11435927   -0.50078884    0.11435927    0.85798164
    0.49978391   -0.03270011   -0.86553264   -0.03270011    0.99786233   -0.05658156    0.86553264    0.05658156    0.49764624
    0.98249201   -0.05422667    0.17823838   -0.05422667    0.83204631    0.55204928   -0.17823838   -0.55204928    0.81453832
    0.80839879    0.16074043    0.56626312    0.16074043    0.86514967   -0.47505638   -0.56626312    0.47505638    0.67354845
    0.75744261    0.02625698   -0.65237357    0.02625698    0.99715767    0.07061981    0.65237357   -0.07061981    0.75460027
    0.19027635   -0.17804305    0.96545097   -0.17804305    0.96085167    0.21228457   -0.96545097   -0.21228457    0.15112802
    0.79098977   -0.25432567   -0.55646530   -0.25432567    0.69053406   -0.67711237    0.55646530    0.67711237    0.48152383
    0.99105352   -0.07890828    0.10764013   -0.07890828    0.30402586    0.94939020   -0.10764013   -0.94939020    0.29507938
    0.75258947    0.30935286    0.58130018    0.30935286    0.61319678   -0.72683597   -0.58130018    0.72683597    0.36578625
    0.17269964   -0.03912351   -0.98419723   -0.03912351    0.99814983   -0.04654326    0.98419723    0.04654326    0.17084946
    0.63413351   -0.39081852    0.66718482   -0.39081852    0.58252773    0.71268670   -0.66718482   -0.71268670    0.21666124
    0.99998664   -0.00348634   -0.00381541   -0.00348634    0.08995971   -0.99593930    0.00381541    0.99593930    0.08994635
    0.49463596    0.45577446   -0.74000331    0.45577446    0.58894907    0.66738942    0.74000331   -0.66738942    0.08358503
    0.22338364    0.13775738    0.96494697    0.13775738    0.97556439   -0.17116375   -0.96494697    0.17116375    0.19894803
    0.63429456   -0.41967947   -0.64926078   -0.41967947    0.51838055   -0.74508439    0.64926078    0.74508439    0.15267511
    0.86168298   -0.33255962    0.38328389   -0.33255962    0.20041727    0.92154057   -0.38328389   -0.92154057    0.06210025
    0.95193198    0.19020777   -0.24009687    0.19020777    0.24733752    0.95007640    0.24009687   -0.95007640    0.19926950
    0.44999082    0.33699905    0.82700659    0.33699905    0.79351552   -0.50671960   -0.82700659    0.50671960    0.24350634
    0.53647161   -0.23348609   -0.81097624   -0.23348609    0.88238961   -0.40850070    0.81097624    0.40850070    0.41886122
    0.89491490   -0.20756108    0.39502622   -0.20756108    0.59003130    0.78024449   -0.39502622   -0.78024449    0.48494620
    0.77617363    0.40814624    0.48059456    0.40814624    0.25574739   -0.87636175   -0.48059456    0.87636175    0.03192103
    0.23493832    0.28091896   -0.93053131    0.28091896    0.89685085    0.34167688    0.93053131   -0.34167688    0.13178917
    0.27404630   -0.38719943   -0.88032677   -0.38719943    0.79348077   -0.46953687    0.88032677    0.46953687    0.06752706
    0.93690332   -0.19841047   -0.28782885   -0.19841047    0.37608894   -0.90509138    0.28782885    0.90509138    0.31299226
    0.91653545    0.18900720   -0.35247561    0.18900720    0.57198930    0.79818827    0.35247561   -0.79818827    0.48852475
    0.59470617    0.13269504    0.79291651    0.13269504    0.95655504   -0.25960447   -0.79291651    0.25960447    0.55126121
    0.53242777    0.17683980   -0.82779729    0.17683980    0.93311768    0.31307999    0.82779729   -0.31307999    0.46554545
    0.54292414   -0.25896340    0.79885626   -0.25896340    0.85328028    0.45260438   -0.79885626   -0.45260438    0.39620442
    0.95496367    0.16897372    0.24391037    0.16897372    0.36602031   -0.91513770   -0.24391037    0.91513770    0.32098399
    0.70630006    0.29438224   -0.64380069    0.29438224    0.70493387    0.64529631    0.64380069   -0.64529631    0.41123393
    0.49093063   -0.05080120    0.86971625   -0.05080120    0.99493043    0.08679099   -0.86971625   -0.08679099    0.48586106
    0.92954194   -0.11851852   -0.34914918   -0.11851852    0.80063829   -0.58730885    0.34914918    0.58730885    0.73018023
    0.99983176   -0.00814952    0.01643271   -0.00814952    0.60523498    0.79600515   -0.01643271   -0.79600515    0.60506674
    0.94706261    0.12734571    0.29471253    0.12734571    0.69365829   -0.70895786   -0.29471253    0.70895786    0.64072090
    0.82443017    0.13503461   -0.54961854    0.13503461    0.89614191    0.42272370    0.54961854   -0.42272370    0.72057208
    0.75711177   -0.06631994    0.64991033   -0.06631994    0.98189153    0.17745616   -0.64991033   -0.17745616    0.73900330
    0.99992832   -0.00340354   -0.01147890   -0.00340354    0.83838484   -0.54506814    0.01147890    0.54506814    0.83831316
    0.99575451    0.01433207   -0.09092609    0.01433207    0.95161731    0.30695127    0.09092609   -0.30695127    0.94737182
    0.96581153   -0.03461013   -0.25692457   -0.03461013    0.96496301   -0.26009329    0.25692457    0.26009329    0.93077454
