# Rotation matrices: 38 entries, row-major flattening of 3x3 -> 1x9
# https://github.com/Neurophysics-CFIN/GFO
# Col:  1    2    3    4    5    6    7    8    9
#       R11  R12  R13  R21  R22  R23  R31  R32  R33
# where Rij = R(i,j), i = row index, j = column index

    0.85754430    0.48736086   -0.16461217    0.48736086   -0.66732961    0.56316124    0.16461217   -0.56316124   -0.80978531
    0.62387431   -0.34590749    0.70080585   -0.34590749    0.68188295    0.64450264   -0.70080585   -0.64450264    0.30575726
    0.13890341    0.43088949   -0.89165021    0.43088949    0.78438453    0.44617840    0.89165021   -0.44617840   -0.07671206
    0.79802168   -0.15224653    0.58308009   -0.15224653    0.88524013    0.43951212   -0.58308009   -0.43951212    0.68326182
    0.55971427    0.38396745   -0.73436294    0.38396745    0.66514699    0.64042836    0.73436294   -0.64042836    0.22486126
   -0.22397792    0.68101994    0.69716980    0.68101994    0.62108127   -0.38790449   -0.69716980    0.38790449   -0.60289665
    0.92625400   -0.03678312   -0.37510068   -0.03678312    0.98165327   -0.18709321    0.37510068    0.18709321    0.90790727
   -0.71268365   -0.02627575   -0.70099330   -0.02627575    0.99959688   -0.01075454    0.70099330    0.01075454   -0.71308676
    0.77016298   -0.60527027   -0.20123840   -0.60527027   -0.59396468   -0.52995647    0.20123840    0.52995647   -0.82380170
    0.59670962    0.67609441   -0.43224297    0.67609441   -0.13343554    0.72463184    0.43224297   -0.72463184   -0.53672592
    0.37228332    0.14863043   -0.91614089    0.14863043    0.96480736    0.21692337    0.91614089   -0.21692337    0.33709069
    0.99872983    0.00540189    0.05009536    0.00540189    0.97702635   -0.21305006   -0.05009536    0.21305006    0.97575618
    1.00000000   -0.00003327   -0.00006096   -0.00003327    0.54103397   -0.84100074    0.00006096    0.84100074    0.54103396
    0.90975133   -0.19688577    0.36549763   -0.19688577    0.57047561    0.79736665   -0.36549763   -0.79736665    0.48022693
   -0.66444922   -0.13779084    0.73452088   -0.13779084    0.98859303    0.06080705   -0.73452088   -0.06080705   -0.67585618
   -0.09209686    0.66481124   -0.74131248    0.66481124    0.59529782    0.45127212    0.74131248   -0.45127212   -0.49679904
    0.54416180   -0.39325181   -0.74110792   -0.39325181    0.66074149   -0.63935412    0.74110792    0.63935412    0.20490329
   -0.27106710   -0.36269120    0.89161523   -0.36269120    0.89650829    0.25441693   -0.89161523   -0.25441693   -0.37455881
    0.02144611    0.01346220   -0.99967937    0.01346220    0.99981480    0.01375282    0.99967937   -0.01375282    0.02126090
    0.75681057   -0.17907647   -0.62862499   -0.17907647    0.86813414   -0.46289818    0.62862499    0.46289818    0.62494471
    0.99685570   -0.06161691   -0.04982043   -0.06161691   -0.20746750   -0.97629944    0.04982043    0.97629944   -0.21061180
    0.97692339   -0.13589803   -0.16477993   -0.13589803    0.19969747   -0.97038788    0.16477993    0.97038788    0.17662086
    0.86993107   -0.23733275   -0.43231134   -0.23733275    0.56694626   -0.78882514    0.43231134    0.78882514    0.43687733
    0.36829017    0.08477092    0.92583813    0.08477092    0.98862435   -0.12424082   -0.92583813    0.12424082    0.35691452
    0.65996060    0.41138262    0.62866234    0.41138262    0.50230573   -0.76056117   -0.62866234    0.76056117    0.16226633
    0.86492207    0.20817043   -0.45670000    0.20817043    0.67918574    0.70382655    0.45670000   -0.70382655    0.54410780
    0.99940537    0.01588850   -0.03060174    0.01588850    0.57546129    0.81767466    0.03060174   -0.81767466    0.57486666
    0.11253665   -0.36163602   -0.92550251   -0.36163602    0.85263548   -0.37713675    0.92550251    0.37713675   -0.03482787
    0.92339987    0.29149999   -0.24972072    0.29149999   -0.10929633    0.95030630    0.24972072   -0.95030630   -0.18589646
   -0.29310198   -0.39611357   -0.87016393   -0.39611357    0.87865926   -0.26655573    0.87016393    0.26655573   -0.41444272
    0.94566574    0.32366899    0.03089797    0.32366899   -0.92809516   -0.18405912   -0.03089797    0.18405912   -0.98242942
    0.88335545    0.28100862   -0.37512305    0.28100862    0.32302157    0.90370970    0.37512305   -0.90370970    0.20637702
    0.97140284    0.06605423   -0.22806438    0.06605423    0.84742674    0.52678720    0.22806438   -0.52678720    0.81882958
    0.87076178    0.08437421    0.48441193    0.08437421    0.94491562   -0.31625221   -0.48441193    0.31625221    0.81567740
    0.77639499   -0.40282544    0.48470866   -0.40282544    0.27430814    0.87320485   -0.48470866   -0.87320485    0.05070313
    0.70584938   -0.66281293    0.24991131   -0.66281293   -0.49352392    0.56312801   -0.24991131   -0.56312801   -0.78767454
   -0.55766922    0.69312446    0.45670945    0.69312446    0.69157668   -0.20322446   -0.45670945    0.20322446   -0.86609254
    0.93062318   -0.02017479    0.36542232   -0.02017479    0.99413317    0.10626486   -0.36542232   -0.10626486    0.92475635
