# Rotation matrices: 81 entries, row-major flattening of 3x3 -> 1x9
# https://github.com/Neurophysics-CFIN/GFO
# Col:  1    2    3    4    5    6    7    8    9
#       R11  R12  R13  R21  R22  R23  R31  R32  R33
# where Rij = R(i,j), i = row index, j = column index

    0.70961735   -0.43367221    0.55531219   -0.43367221    0.35233186    0.82933146   -0.55531219   -0.82933146    0.06194921
   -0.60500305   -0.59802099   -0.52568261   -0.59802099    0.77717856   -0.19586831    0.52568261    0.19586831   -0.82782450
    0.46262294   -0.47562782   -0.74816990   -0.47562782    0.57902590   -0.66219875    0.74816990    0.66219875    0.04164883
   -0.71227187   -0.04100244   -0.70070506   -0.04100244    0.99901815   -0.01677924    0.70070506    0.01677924   -0.71325372
   -0.47820783    0.73505418    0.48063773    0.73505418    0.63448668   -0.23900210   -0.48063773    0.23900210   -0.84372114
   -0.18422172   -0.23854060    0.95349921   -0.23854060    0.95195020    0.19206562   -0.95349921   -0.19206562   -0.23227152
    0.66972424    0.38042566   -0.63776623    0.38042566    0.56180956    0.73460625    0.63776623   -0.73460625    0.23153380
    0.97149745    0.01038517   -0.23682241    0.01038517    0.99621607    0.08628843    0.23682241   -0.08628843    0.96771352
   -0.49604425    0.01497301   -0.86816813    0.01497301    0.99985014    0.00868897    0.86816813   -0.00868897   -0.49619411
    0.64556942   -0.55127510    0.52852236   -0.55127510    0.14255639    0.82205440   -0.52852236   -0.82205440   -0.21187419
   -0.03048503    0.05776993    0.99786437    0.05776993    0.99676137   -0.05594119   -0.99786437    0.05594119   -0.03372366
    0.91823874   -0.39335450   -0.04593317   -0.39335450   -0.89243366   -0.22098508    0.04593317    0.22098508   -0.97419492
    0.71310851    0.03742554   -0.70005398    0.03742554    0.99511777    0.09132338    0.70005398   -0.09132338    0.70822628
    0.38142707   -0.63434109   -0.67240224   -0.63434109    0.34948881   -0.68954257    0.67240224    0.68954257   -0.26908412
    0.85533914   -0.23584003   -0.46127479   -0.23584003    0.61551091   -0.75201449    0.46127479    0.75201449    0.47085005
    0.99969219    0.00462774    0.02437456    0.00462774    0.93042587   -0.36645092   -0.02437456    0.36645092    0.93011806
    0.47787617    0.34845808    0.80635683    0.34845808    0.76744399   -0.53815117   -0.80635683    0.53815117    0.24532016
   -0.17925119   -0.85928009    0.47906862   -0.85928009    0.37387194    0.34908095   -0.47906862   -0.34908095   -0.80537926
    0.96017275    0.03661878    0.27699704    0.03661878    0.96633121   -0.25468226   -0.27699704    0.25468226    0.92650396
    0.53049409   -0.20770208   -0.82184905   -0.20770208    0.90811584   -0.36357318    0.82184905    0.36357318    0.43860994
    0.98819286    0.06598544    0.13827796    0.06598544    0.63123348   -0.77278083   -0.13827796    0.77278083    0.61942634
    0.62211313   -0.32919296   -0.71035713   -0.32919296    0.71322634   -0.61882161    0.71035713    0.61882161    0.33533946
    0.01996355   -0.83928632   -0.54332304   -0.83928632    0.28124966   -0.46529249    0.54332304    0.46529249   -0.69878678
    0.39834451   -0.16758051    0.90179733   -0.16758051    0.95332341    0.25117972   -0.90179733   -0.25117972    0.35166792
   -0.74884475    0.42531524   -0.50827009    0.42531524    0.89656426    0.12361018    0.50827009   -0.12361018   -0.85228049
    0.83006555    0.46103299   -0.31375113    0.46103299   -0.25078473    0.85120832    0.31375113   -0.85120832   -0.42071918
    0.71839389    0.69497608   -0.03030622    0.69497608   -0.71513236    0.07479276    0.03030622   -0.07479276   -0.99673847
   -0.88324442   -0.36623991   -0.29282694   -0.36623991    0.92877628   -0.05694689    0.29282694    0.05694689   -0.95446814
    0.71509431   -0.09087866   -0.69309537   -0.09087866    0.97101170   -0.22108221    0.69309537    0.22108221    0.68610601
    0.94686386    0.24015880   -0.21394529    0.24015880   -0.08544290    0.96696601    0.21394529   -0.96696601   -0.13857904
   -0.00127325   -0.67450501   -0.73826917   -0.67450501    0.54562153   -0.49733302    0.73826917    0.49733302   -0.45565172
    0.87228317   -0.27276492    0.40585881   -0.27276492    0.41745579    0.86679292   -0.40585881   -0.86679292    0.28973896
    0.82373433    0.36173190   -0.43659111    0.36173190    0.25765486    0.89597099    0.43659111   -0.89597099    0.08138919
    0.28144466    0.25217136   -0.92585015    0.25217136    0.91150244    0.32491985    0.92585015   -0.32491985    0.19294710
    0.37314285    0.74299115    0.55563348    0.74299115    0.11935942   -0.65857230   -0.55563348    0.65857230   -0.50749774
    0.99958689   -0.01174549    0.02623153   -0.01174549    0.66605382    0.74581121   -0.02623153   -0.74581121    0.66564071
   -0.25479930    0.41612740   -0.87287760    0.41612740    0.86200023    0.28947122    0.87287760   -0.28947122   -0.39279907
    0.35202271    0.42999712   -0.83137385    0.42999712    0.71465431    0.55169891    0.83137385   -0.55169891    0.06667702
    0.31498990   -0.34381166   -0.88463264   -0.34381166    0.82743838   -0.44400369    0.88463264    0.44400369    0.14242828
    0.61567517   -0.75385394    0.22945225   -0.75385394   -0.47868601    0.45007104   -0.22945225   -0.45007104   -0.86301085
    0.99602082    0.04745181   -0.07543768    0.04745181    0.43413553    0.89959694    0.07543768   -0.89959694    0.43015636
   -0.84233538   -0.20956039    0.49654361   -0.20956039    0.97616310    0.05648042   -0.49654361   -0.05648042   -0.86617228
   -0.47027130    0.50993018   -0.72028891    0.50993018    0.82314231    0.24981584    0.72028891   -0.24981584   -0.64712899
    0.65201090   -0.12430199    0.74795107   -0.12430199    0.95559922    0.26716874   -0.74795107   -0.26716874    0.60761013
   -0.37422271    0.39930890    0.83696461    0.39930890    0.88397252   -0.24319742   -0.83696461    0.24319742   -0.49025020
    0.94835677   -0.18312623   -0.25900624   -0.18312623    0.35063682   -0.91843269    0.25900624    0.91843269    0.29899359
   -0.23891284    0.04291276   -0.97009234    0.04291276    0.99851361    0.03360151    0.97009234   -0.03360151   -0.24039923
    0.89233014    0.12822486   -0.43278783    0.12822486    0.84729603    0.51541034    0.43278783   -0.51541034    0.73962617
    0.57969072   -0.73153275    0.35891295   -0.73153275   -0.27320568    0.62467471   -0.35891295   -0.62467471   -0.69351496
    0.47990723   -0.71930672   -0.50228170   -0.71930672    0.00517335   -0.69467337    0.50228170    0.69467337   -0.51491942
    0.89564685    0.23899505   -0.37509744    0.23899505    0.45264101    0.85906780    0.37509744   -0.85906780    0.34828786
    0.00561112    0.33199695   -0.94326377    0.33199695    0.88915607    0.31492779    0.94326377   -0.31492779   -0.10523281
    0.96990184   -0.02353881   -0.24235584   -0.02353881    0.98159105   -0.18953874    0.24235584    0.18953874    0.95149289
    0.99736313   -0.04929681   -0.05325980   -0.04929681    0.07838549   -0.99570354    0.05325980    0.99570354    0.07574862
    0.71635530    0.65750175   -0.23350916    0.65750175   -0.52411999    0.54128521    0.23350916   -0.54128521   -0.80776469
    0.99871751   -0.01709980   -0.04765440   -0.01709980    0.77200442   -0.63538710    0.04765440    0.63538710    0.77072193
    0.51826716   -0.04298236   -0.85413797   -0.04298236    0.99616492   -0.07621001    0.85413797    0.07621001    0.51443208
    0.30845449    0.05384498   -0.94971393    0.05384498    0.99580753    0.07394644    0.94971393   -0.07394644    0.30426203
   -0.00997724   -0.23429265   -0.97211492   -0.23429265    0.94564922   -0.22550942    0.97211492    0.22550942   -0.06432801
    0.74041628    0.30789859    0.59747987    0.30789859    0.63479397   -0.70868546   -0.59747987    0.70868546    0.37521025
    0.99936510    0.01998494    0.02949589    0.01998494    0.37093224   -0.92844487   -0.02949589    0.92844487    0.37029734
    0.90033564   -0.29837816   -0.31680625   -0.29837816    0.10670644   -0.94846413    0.31680625    0.94846413    0.00704208
    0.99732009   -0.01887505    0.07068504   -0.01887505    0.86706002    0.49784602   -0.07068504   -0.49784602    0.86438010
    0.97852178    0.13298473   -0.15751248    0.13298473    0.17661049    0.97525576    0.15751248   -0.97525576    0.15513228
    0.98611437   -0.10271390    0.13049254   -0.10271390    0.24021125    0.96527116   -0.13049254   -0.96527116    0.22632562
    0.94890393   -0.05946951    0.30991081   -0.05946951    0.93078484    0.36069789   -0.30991081   -0.36069789    0.87968877
   -0.20828054    0.72165060    0.66018151    0.72165060    0.56899116   -0.39429617   -0.66018151    0.39429617   -0.63928937
    0.57421106    0.46573779    0.67332753    0.46573779    0.49056523   -0.73650123   -0.67332753    0.73650123    0.06477630
    0.88576680    0.17493089    0.42990272    0.17493089    0.73211977   -0.65833109   -0.42990272    0.65833109    0.61788657
    0.89987040   -0.37397102   -0.22445252   -0.37397102   -0.39673311   -0.83830097    0.22445252    0.83830097   -0.49686271
    0.86112367    0.47789161    0.17345211    0.47789161   -0.64448751   -0.59687139   -0.17345211    0.59687139   -0.78336384
    0.73312472    0.49656690   -0.46470363    0.49656690    0.07605275    0.86466022    0.46470363   -0.86466022   -0.19082253
    0.69358774    0.22292640    0.68501085    0.22292640    0.83781269   -0.49837106   -0.68501085    0.49837106    0.53140044
    0.76058243   -0.19819157   -0.61825113   -0.19819157    0.83593560   -0.51179271    0.61825113    0.51179271    0.59651803
    0.56272525    0.28867565   -0.77460097    0.28867565    0.80942501    0.51136828    0.77460097   -0.51136828    0.37215026
    0.10974143   -0.49706832   -0.86074381   -0.49706832    0.72246613   -0.48058900    0.86074381    0.48058900   -0.16779245
    0.68771189   -0.66270775   -0.29643007   -0.66270775   -0.40633458   -0.62905536    0.29643007    0.62905536   -0.71862269
    0.94886161    0.13575786   -0.28501133    0.13575786    0.63960160    0.75662382    0.28501133   -0.75662382    0.58846320
    0.93670228   -0.30779506    0.16688629   -0.30779506   -0.49670169    0.81151071   -0.16688629   -0.81151071   -0.55999941
    0.86031961    0.11517756    0.49657256    0.11517756    0.90502698   -0.40946343   -0.49657256    0.40946343    0.76534658
    0.49473373    0.84248557    0.21320554    0.84248557   -0.40476809   -0.35550086   -0.21320554    0.35550086   -0.91003436
