# Rotation matrices: 6 entries, row-major flattening of 3x3 -> 1x9
# https://github.com/Neurophysics-CFIN/GFO
# Col:  1    2    3    4    5    6    7    8    9
#       R11  R12  R13  R21  R22  R23  R31  R32  R33
# where Rij = R(i,j), i = row index, j = column index

   -0.13997487    0.96699935    0.21288330    0.96699935    0.17972952   -0.18058119   -0.21288330    0.18058119   -0.96024535
   -0.67405191   -0.07542258   -0.73482342   -0.07542258    0.99660192   -0.03310667    0.73482342    0.03310667   -0.67744999
    0.29977499    0.10898851   -0.94776392    0.10898851    0.98303617    0.14751741    0.94776392   -0.14751741    0.28281117
    0.69305731    0.54179267   -0.47553367    0.54179267    0.04366741    0.83937707    0.47553367   -0.83937707   -0.26327528
    0.85572433   -0.21135248   -0.47229864   -0.21135248    0.69038528   -0.69188026    0.47229864    0.69188026    0.54610961
    0.88519773   -0.38620908   -0.25935983   -0.38620908   -0.29925527   -0.87251867    0.25935983    0.87251867   -0.41405754
