# Rotation matrices: 92 entries, row-major flattening of 3x3 -> 1x9
# https://github.com/Neurophysics-CFIN/GFO
# Col:  1    2    3    4    5    6    7    8    9
#       R11  R12  R13  R21  R22  R23  R31  R32  R33
# where Rij = R(i,j), i = row index, j = column index

    0.13641808   -0.08973952    0.98657839   -0.08973952    0.99067468    0.10252075   -0.98657839   -0.10252075    0.12709276
    0.37680009    0.01069644    0.92623284    0.01069644    0.99981641   -0.01589761   -0.92623284    0.01589761    0.37661650
    0.36310010    0.75698687    0.54325795    0.75698687    0.10028386   -0.64568880   -0.54325795    0.64568880   -0.53661604
    0.21920346   -0.27359704   -0.93653324   -0.27359704    0.90412952   -0.32816836    0.93653324    0.32816836    0.12333298
   -0.83789031   -0.40956791    0.36082399   -0.40956791    0.90872911    0.08040846   -0.36082399   -0.08040846   -0.92916119
    0.99840466    0.01825073    0.05343261    0.01825073    0.79121103   -0.61127082   -0.05343261    0.61127082    0.78961569
    0.99145230    0.09774436   -0.08641977    0.09774436   -0.11772289    0.98822435    0.08641977   -0.98822435   -0.12627059
    0.61066455   -0.08625061   -0.78717828   -0.08625061    0.98089265   -0.17438589    0.78717828    0.17438589    0.59155720
    0.61230810    0.27394864   -0.74164070    0.27394864    0.80642398    0.52405392    0.74164070   -0.52405392    0.41873208
    0.66508549   -0.36099687    0.65371443   -0.36099687    0.61088954    0.70462418   -0.65371443   -0.70462418    0.27597503
    0.69288418    0.48149448    0.53672580    0.48149448    0.24511564   -0.84147572   -0.53672580    0.84147572   -0.06200018
    0.87343876    0.26022407    0.41156794    0.26022407    0.46495021   -0.84622972   -0.41156794    0.84622972    0.33838897
   -0.02672123    0.86404492    0.50270504    0.86404492    0.27285654   -0.42305518   -0.50270504    0.42305518   -0.75386469
    0.95092313   -0.12653847    0.28237069   -0.12653847    0.67373661    0.72805700   -0.28237069   -0.72805700    0.62465975
    0.40900984    0.49734978    0.76508440    0.49734978    0.58145360   -0.64385939   -0.76508440    0.64385939   -0.00953656
    0.45778983    0.34534644    0.81924618    0.34534644    0.78004070   -0.52179721   -0.81924618    0.52179721    0.23783054
    0.61100525    0.72770010   -0.31164908    0.72770010   -0.36132283    0.58300804    0.31164908   -0.58300804   -0.75031759
    0.75188822   -0.14274688   -0.64365164   -0.14274688    0.91787302   -0.37031400    0.64365164    0.37031400    0.66976124
    0.46539762    0.16207743   -0.87013560    0.16207743    0.95086237    0.26380231    0.87013560   -0.26380231    0.41625999
    0.96528045    0.21504621   -0.14828613    0.21504621   -0.33195491    0.91845580    0.14828613   -0.91845580   -0.36667446
    0.07937073   -0.98869006   -0.12724877   -0.98869006   -0.06178249   -0.13665608    0.12724877    0.13665608   -0.98241176
    0.42970200   -0.15680824    0.88925101   -0.15680824    0.95688425    0.24450706   -0.88925101   -0.24450706    0.38658625
    0.14185225   -0.06023269   -0.98805362   -0.06023269    0.99577232   -0.06935068    0.98805362    0.06935068    0.13762457
    0.86991874    0.35615610   -0.34116597    0.35615610    0.02486210    0.93409566    0.34116597   -0.93409566   -0.10521916
    0.93070494    0.12452073   -0.34392282    0.12452073    0.77624074    0.61801691    0.34392282   -0.61801691    0.70694567
    0.03504912    0.82431325   -0.56504798    0.82431325    0.29582702    0.48269456    0.56504798   -0.48269456   -0.66912386
    0.28470246   -0.95290317    0.10449905   -0.95290317   -0.26943601    0.13921127   -0.10449905   -0.13921127   -0.98473355
    0.91177763    0.02297661    0.41004101    0.02297661    0.99401598   -0.10679096   -0.41004101    0.10679096    0.90579361
    0.72634437   -0.55863975   -0.40043163   -0.55863975   -0.14040543   -0.81743987    0.40043163    0.81743987   -0.41406106
    0.98734635   -0.03131501   -0.15545597   -0.03131501    0.92250224   -0.38471935    0.15545597    0.38471935    0.90984859
    0.85642650    0.50488423   -0.10782196    0.50488423   -0.77545351    0.37916194    0.10782196   -0.37916194   -0.91902701
    0.85073409    0.45655115    0.26040845    0.45655115   -0.39642699   -0.79649651   -0.26040845    0.79649651   -0.54569291
    0.38921322   -0.00699022   -0.92112117   -0.00699022    0.99992000   -0.01054188    0.92112117    0.01054188    0.38913322
    0.79526400    0.05307088   -0.60393597    0.05307088    0.98624317    0.15654996    0.60393597   -0.15654996    0.78150717
    0.38760982    0.18518607    0.90303087    0.18518607    0.94399995   -0.27307547   -0.90303087    0.27307547    0.33160977
    0.78296334   -0.00899413    0.62200282   -0.00899413    0.99962728    0.02577616   -0.62200282   -0.02577616    0.78259062
    0.69742518    0.56379052    0.44242329    0.56379052   -0.05051620   -0.82437150   -0.44242329    0.82437150   -0.35309102
    0.98838077    0.08467510   -0.12622832    0.08467510    0.38293070    0.91988815    0.12622832   -0.91988815    0.37131146
    0.38626094   -0.73752992    0.55394233   -0.73752992    0.11371067    0.66567222   -0.55394233   -0.66567222   -0.50002839
   -0.18476138   -0.68397829   -0.70571731   -0.68397829    0.60513036   -0.40741986    0.70571731    0.40741986   -0.57963103
    0.80649721   -0.41501923    0.42109533   -0.41501923    0.10987864    0.90315321   -0.42109533   -0.90315321   -0.08362415
    0.97359085   -0.15065023   -0.17153823   -0.15065023    0.14062013   -0.97853487    0.17153823    0.97853487    0.11421098
   -0.28043071    0.65148661    0.70492823    0.65148661    0.66852185   -0.35866939   -0.70492823    0.35866939   -0.61190886
    0.57407116   -0.49640606    0.65117074   -0.49640606    0.42145507    0.75891808   -0.65117074   -0.75891808   -0.00447378
    0.98579033   -0.09077209    0.14134302   -0.09077209    0.42014329    0.90290644   -0.14134302   -0.90290644    0.40593362
    0.73730838   -0.48878119   -0.46633604   -0.48878119    0.09054178   -0.86769530    0.46633604    0.86769530   -0.17214984
    0.96516231    0.05353775   -0.25611604    0.05353775    0.91772444    0.39359313    0.25611604   -0.39359313    0.88288675
    0.25004147   -0.28673728    0.92480322   -0.28673728    0.89036958    0.35358696   -0.92480322   -0.35358696    0.14041105
    0.89638464   -0.41838274   -0.14645978   -0.41838274   -0.68936449   -0.59138184    0.14645978    0.59138184   -0.79297985
    0.43038808   -0.18099111   -0.88431234   -0.18099111    0.94249105   -0.28098546    0.88431234    0.28098546    0.37287913
    0.99067219    0.00840071   -0.13600751    0.00840071    0.99243424    0.12248965    0.13600751   -0.12248965    0.98310643
    0.35174448   -0.89340760   -0.27946140   -0.89340760   -0.23126934   -0.38514588    0.27946140    0.38514588   -0.87952486
    0.94854624    0.29879238    0.10480047    0.29879238   -0.73508974   -0.60857719   -0.10480047    0.60857719   -0.78654350
    0.64757337    0.37499578   -0.66334524    0.37499578    0.60098977    0.70582538    0.66334524   -0.70582538    0.24856314
   -0.39529623   -0.72362555   -0.56577996   -0.72362555    0.62471487   -0.29342359    0.56577996    0.29342359   -0.77058136
    0.88374760   -0.13699629    0.44746195   -0.13699629    0.83855832    0.52730633   -0.44746195   -0.52730633    0.72230591
    0.94083163   -0.25516621   -0.22299340   -0.25516621   -0.10041551   -0.96166882    0.22299340    0.96166882   -0.15958389
    0.81377322   -0.54394152    0.20469678   -0.54394152   -0.58877458    0.59788972   -0.20469678   -0.59788972   -0.77500136
   -0.13958551   -0.90085272    0.41107208   -0.90085272    0.28786772    0.32495622   -0.41107208   -0.32495622   -0.85171779
    0.47952237   -0.62175121    0.61926063   -0.62175121    0.25726958    0.73975523   -0.61926063   -0.73975523   -0.26320805
    0.37041340   -0.44154591    0.81720935   -0.44154591    0.69033205    0.57313076   -0.81720935   -0.57313076    0.06074545
    0.98952015   -0.08025207   -0.12003947   -0.08025207    0.38544959   -0.91923241    0.12003947    0.91923241    0.37496974
    0.61697718    0.19668691    0.76200618    0.19668691    0.89899886   -0.39129952   -0.76200618    0.39129952    0.51597604
    0.37635719    0.33340459   -0.86440537    0.33340459    0.82175916    0.46211824    0.86440537   -0.46211824    0.19811634
    0.99872634    0.03794668    0.03325277    0.03794668   -0.13056134   -0.99071378   -0.03325277    0.99071378   -0.13183500
    0.80156009   -0.03814598   -0.59669616   -0.03814598    0.99266722   -0.11470254    0.59669616    0.11470254    0.79422731
    0.89282420    0.39772937   -0.21136767    0.39772937   -0.47597363    0.78438539    0.21136767   -0.78438539   -0.58314943
    0.92697804    0.07060015    0.36841190    0.07060015    0.93174133   -0.35619337   -0.36841190    0.35619337    0.85871937
    0.78771863   -0.53662902    0.30253704   -0.53662902   -0.35655193    0.76478756   -0.30253704   -0.76478756   -0.56883331
    0.92313520   -0.03007403    0.38329747   -0.03007403    0.98823327    0.14996850   -0.38329747   -0.14996850    0.91136847
   -0.51789117    0.59397733   -0.61561325    0.59397733    0.76756630    0.24090022    0.61561325   -0.24090022   -0.75032487
    0.30788001   -0.83859535    0.44940821   -0.83859535   -0.01606971    0.54451777   -0.44940821   -0.54451777   -0.70818970
    0.21165809    0.15840869   -0.96442083    0.15840869    0.96816951    0.19378982    0.96442083   -0.19378982    0.17982759
    0.45793344   -0.36937415   -0.80861592   -0.36937415    0.74830164   -0.55100580    0.80861592    0.55100580    0.20623509
   -0.54792257    0.24656956   -0.79936494    0.24656956    0.96072378    0.12733134    0.79936494   -0.12733134   -0.58719879
    0.92099626    0.03536424   -0.38796296    0.03536424    0.98417000    0.17366286    0.38796296   -0.17366286    0.90516626
    0.25587113    0.70308786   -0.66347376    0.70308786    0.33568961    0.62688112    0.66347376   -0.62688112   -0.40843926
    0.53456935    0.70974744   -0.45879645    0.70974744   -0.08231254    0.69963077    0.45879645   -0.69963077   -0.54774319
    0.61896152    0.03879016   -0.78446285    0.03879016    0.99605112    0.07985923    0.78446285   -0.07985923    0.61501263
    0.99460326   -0.09298297    0.04602744   -0.09298297   -0.60204692    0.79302817   -0.04602744   -0.79302817   -0.60744366
    0.11872148    0.37638191   -0.91882635    0.37638191    0.83925247    0.39241808    0.91882635   -0.39241808   -0.04202604
    0.98744612    0.00995951    0.15764187    0.00995951    0.99209870   -0.12506387   -0.15764187    0.12506387    0.97954483
    0.92242886    0.24327228   -0.29990597    0.24327228    0.23706929    0.94054067    0.29990597   -0.94054067    0.15949815
    0.78617448   -0.23849252    0.57013245   -0.23849252    0.73399489    0.63590316   -0.57013245   -0.63590316    0.52016936
    0.77901522   -0.49620334    0.38329822   -0.49620334   -0.11418424    0.86066498   -0.38329822   -0.86066498   -0.33516902
   -0.00923372   -0.66847831    0.74367431   -0.66847831    0.55722520    0.49258179   -0.74367431   -0.49258179   -0.45200852
    0.99988530   -0.01359663   -0.00667244   -0.01359663   -0.61173522   -0.79094573    0.00667244    0.79094573   -0.61184992
   -0.55336217   -0.29030307   -0.78071406   -0.29030307    0.94574615   -0.14590525    0.78071406    0.14590525   -0.60761601
    0.11956646    0.13412587    0.98372461    0.13412587    0.97956717   -0.14986130   -0.98372461    0.14986130    0.09913363
    0.99999932    0.00114625    0.00022035    0.00114625   -0.92872334   -0.37077169   -0.00022035    0.37077169   -0.92872402
    0.53510633    0.57690041   -0.61712814    0.57690041    0.28410710    0.76581269    0.61712814   -0.76581269   -0.18078657
    0.03199357   -0.60503726   -0.79555410   -0.60503726    0.62183093   -0.49724863    0.79555410    0.49724863   -0.34617550
