# Rotation matrices: 10 entries, row-major flattening of 3x3 -> 1x9
# https://github.com/Neurophysics-CFIN/GFO
# Col:  1    2    3    4    5    6    7    8    9
#       R11  R12  R13  R21  R22  R23  R31  R32  R33
# where Rij = R(i,j), i = row index, j = column index

    0.37525925   -0.17853102    0.90956427   -0.17853102    0.94898152    0.25992452   -0.90956427   -0.25992452    0.32424077
    0.08682552    0.90305739   -0.42065269    0.90305739    0.10694762    0.41599226    0.42065269   -0.41599226   -0.80622686
    0.89449046    0.18278960   -0.40801320    0.18278960    0.68332685    0.70686093    0.40801320   -0.70686093    0.57781732
   -0.43908488   -0.85120803    0.28748802   -0.85120803    0.49651676    0.17004703   -0.28748802   -0.17004703   -0.94256811
    0.43404872   -0.71122373    0.55295797   -0.71122373    0.10621425    0.69489520   -0.55295797   -0.69489520   -0.45973703
    0.89687572   -0.25398958    0.36208180   -0.25398958    0.37443725    0.89178811   -0.36208180   -0.89178811    0.27131298
   -0.46728793    0.02193379    0.88383307    0.02193379    0.99967212   -0.01321200   -0.88383307    0.01321200   -0.46761581
    0.21319306   -0.93055658   -0.29767966   -0.93055658   -0.10056927   -0.35206573    0.29767966    0.35206573   -0.88737621
    0.20976649    0.53308597   -0.81964466    0.53308597    0.64038396    0.55292652    0.81964466   -0.55292652   -0.14984955
    0.98197682    0.10941745    0.15410825    0.10941745    0.33573454   -0.93558011   -0.15410825    0.93558011    0.31771136
