# Rotation matrices: 85 entries, row-major flattening of 3x3 -> 1x9
# https://github.com/Neurophysics-CFIN/GFO
# Col:  1    2    3    4    5    6    7    8    9
#       R11  R12  R13  R21  R22  R23  R31  R32  R33
# where Rij = R(i,j), i = row index, j = column index

    0.99964571    0.01917223    0.01846273    0.01917223   -0.03750662   -0.99911245   -0.01846273    0.99911245   -0.03786091
    0.88620646    0.45729160   -0.07431357    0.45729160   -0.83767553    0.29863707    0.07431357   -0.29863707   -0.95146907
    0.96674155   -0.09222288   -0.23854920   -0.09222288    0.74427375   -0.66147677    0.23854920    0.66147677    0.71101530
    0.99473112   -0.06335834   -0.08059604   -0.06335834    0.23811543   -0.96916808    0.08059604    0.96916808    0.23284655
   -0.29315783    0.61395063   -0.73288683    0.61395063    0.70851557    0.34795160    0.73288683   -0.34795160   -0.58464226
    0.18653645    0.52224334    0.83214545    0.52224334    0.66471994   -0.53423711   -0.83214545    0.53423711   -0.14874360
    0.74915328   -0.04667755    0.66075001   -0.04667755    0.99131424    0.12295233   -0.66075001   -0.12295233    0.74046752
    0.59154573   -0.28559792    0.75399435   -0.28559792    0.80030525    0.52720521   -0.75399435   -0.52720521    0.39185099
    0.88809868   -0.20151151   -0.41312690   -0.20151151    0.63711874   -0.74395754    0.41312690    0.74395754    0.52521743
    0.90027784    0.22256755    0.37411697    0.22256755    0.50325674   -0.83498284   -0.37411697    0.83498284    0.40353457
    0.90079791   -0.24843863   -0.35614797   -0.24843863    0.37781802   -0.89192589    0.35614797    0.89192589    0.27861593
    0.99814375   -0.05827321    0.01769969   -0.05827321   -0.82937355    0.55564714   -0.01769969   -0.55564714   -0.83122980
    0.96611413   -0.20406566   -0.15805283   -0.20406566   -0.22891317   -0.95181719    0.15805283    0.95181719   -0.26279904
    0.21926167    0.21885098   -0.95080417    0.21885098    0.93865326    0.26652263    0.95080417   -0.26652263    0.15791493
    0.46255702   -0.64882524    0.60420758   -0.64882524    0.21670909    0.72942647   -0.60420758   -0.72942647   -0.32073388
   -0.26840807   -0.83701872   -0.47681942   -0.83701872    0.44765383   -0.31465172    0.47681942    0.31465172   -0.82075425
    0.99977521   -0.00481777    0.02064740   -0.00481777    0.89674326    0.44252493   -0.02064740   -0.44252493    0.89651847
    0.60380295   -0.41439971    0.68095145   -0.41439971    0.56656134    0.71223671   -0.68095145   -0.71223671    0.17036429
    0.37399769    0.53958697   -0.75430208    0.53958697    0.53489932    0.65017583    0.75430208   -0.65017583   -0.09110299
   -0.33975697   -0.03837078   -0.93973022   -0.03837078    0.99890106   -0.02691397    0.93973022    0.02691397   -0.34085591
    0.56294765   -0.11585607    0.81833203   -0.11585607    0.96928828    0.21692765   -0.81833203   -0.21692765    0.53223593
    0.98539925    0.09956866   -0.13811013    0.09956866    0.32099961    0.94183084    0.13811013   -0.94183084    0.30639885
    0.78239166    0.61978366    0.06108602    0.61978366   -0.76524387   -0.17398285   -0.06108602    0.17398285   -0.98285221
   -0.38206834    0.16495391    0.90929313    0.16495391    0.98031227   -0.10852680   -0.90929313    0.10852680   -0.40175608
   -0.04465782    0.76426236    0.64335738    0.76426236    0.44087246   -0.47067453   -0.64335738    0.47067453   -0.60378536
    0.80515193    0.00781078   -0.59301717    0.00781078    0.99968689    0.02377198    0.59301717   -0.02377198    0.80483882
    0.31165966   -0.39262490    0.86528258   -0.39262490    0.77604929    0.49355161   -0.86528258   -0.49355161    0.08770895
    0.15403385   -0.02061508   -0.98785049   -0.02061508    0.99949764   -0.02407262    0.98785049    0.02407262    0.15353149
    0.77861848   -0.28025356    0.56143674   -0.28025356    0.64521856    0.71073972   -0.56143674   -0.71073972    0.42383704
    0.81403336   -0.49130268   -0.30979246   -0.49130268   -0.29796571   -0.81843638    0.30979246    0.81843638   -0.48393235
    0.42562078    0.81583158    0.39149174    0.81583158   -0.15878351   -0.55606351   -0.39149174    0.55606351   -0.73316273
    0.55430773   -0.80606962    0.20735168   -0.80606962   -0.45784045    0.37501187   -0.20735168   -0.37501187   -0.90353272
    0.24616638    0.33246720    0.91042170    0.33246720    0.85337025   -0.40152806   -0.91042170    0.40152806    0.09953663
    0.37698512   -0.54198100    0.75109175   -0.54198100    0.52851302    0.65339925   -0.75109175   -0.65339925   -0.09450186
    0.99765842   -0.05944518   -0.03382223   -0.05944518   -0.50912315   -0.85863839    0.03382223    0.85863839   -0.51146473
    0.97669082    0.18156445   -0.11449623    0.18156445   -0.41427774    0.89185666    0.11449623   -0.89185666   -0.43758691
    0.50949437   -0.31020305   -0.80261420   -0.31020305    0.80382298   -0.50758515    0.80261420    0.50758515    0.31331736
    0.99125881    0.04516355   -0.12396060    0.04516355    0.76665125    0.64047336    0.12396060   -0.64047336    0.75791005
    0.84551590   -0.31159284    0.43360440   -0.31159284    0.37152047    0.87457558   -0.43360440   -0.87457558    0.21703637
   -0.30817424    0.88227944   -0.35582527    0.88227944    0.40495922    0.23998127    0.35582527   -0.23998127   -0.90321502
    0.74413815    0.51727241    0.42271464    0.51727241   -0.04576258   -0.85459642   -0.42271464    0.85459642   -0.30162443
    0.73072892   -0.42697987   -0.53265697   -0.42697987    0.32294324   -0.84462764    0.53265697    0.84462764    0.05367216
   -0.59910094   -0.12153072    0.79139645   -0.12153072    0.99076374    0.06014566   -0.79139645   -0.06014566   -0.60833720
   -0.00128911    0.86309032   -0.50504796    0.86309032    0.25603416    0.43534081    0.50504796   -0.43534081   -0.74525495
    0.11159886    0.11333133    0.98726982    0.11333133    0.98554258   -0.12594378   -0.98726982    0.12594378    0.09714144
    0.73839748    0.46815378   -0.48538768    0.46815378    0.16221006    0.86863107    0.48538768   -0.86863107   -0.09939246
    0.92853899    0.14396446    0.34218356    0.14396446    0.70997101   -0.68935868   -0.34218356    0.68935868    0.63851000
    0.77947212   -0.09307977   -0.61948315   -0.09307977    0.96071316   -0.26146964    0.61948315    0.26146964    0.74018528
    0.73874033   -0.16934617    0.65236845   -0.16934617    0.89023134    0.42285936   -0.65236845   -0.42285936    0.62897167
    0.58557404    0.03703301    0.80977256    0.03703301    0.99669074   -0.07236110   -0.80977256    0.07236110    0.58226478
    0.99041146   -0.00705955   -0.13796847   -0.00705955    0.99480241   -0.10157913    0.13796847    0.10157913    0.98521388
    0.93960689    0.01825851   -0.34176823    0.01825851    0.99447995    0.10332597    0.34176823   -0.10332597    0.93408684
    0.40231156    0.16465681    0.90057401    0.16465681    0.95463880   -0.24809857   -0.90057401    0.24809857    0.35695035
   -0.31472458   -0.26415101    0.91168673   -0.26415101    0.94692747    0.18317370   -0.91168673   -0.18317370   -0.36779710
    0.64050888    0.72652058   -0.24882970    0.72652058   -0.46827592    0.50287722    0.24882970   -0.50287722   -0.82776704
    0.47092745    0.64004621   -0.60709817    0.64004621    0.22570326    0.73443781    0.60709817   -0.73443781   -0.30336929
    0.96759961    0.11571243   -0.22441398    0.11571243    0.58675296    0.80145592    0.22441398   -0.80145592    0.55435257
    0.94337677    0.25273554   -0.21486046    0.25273554   -0.12807506    0.95902113    0.21486046   -0.95902113   -0.18469829
    0.06862766   -0.97254785   -0.22235317   -0.97254785   -0.01554370   -0.23218329    0.22235317    0.23218329   -0.94691604
    0.77359144    0.23034871    0.59033529    0.23034871    0.76564256   -0.60060881   -0.59033529    0.60060881    0.53923400
    0.90150519   -0.00809966    0.43269248   -0.00809966    0.99933393    0.03558219   -0.43269248   -0.03558219    0.90083912
    0.10994760   -0.15165610    0.98229932   -0.15165610    0.97415931    0.16737406   -0.98229932   -0.16737406    0.08410691
   -0.34879765    0.78226524    0.51614077    0.78226524    0.54630785   -0.29934734   -0.51614077    0.29934734   -0.80248980
   -0.50707988    0.43122643    0.74626655    0.43122643    0.87661156   -0.21353205   -0.74626655    0.21353205   -0.63046832
   -0.00144329   -0.36394195    0.93142051   -0.36394195    0.86773715    0.33849445   -0.93142051   -0.33849445   -0.13370614
    0.79116573    0.05595904    0.60903643    0.05595904    0.98500527   -0.16319684   -0.60903643    0.16319684    0.77617100
    0.98369405   -0.08896878   -0.15630285   -0.08896878    0.51456731   -0.85282181    0.15630285    0.85282181    0.49826135
    0.89335935   -0.11587592   -0.43414495   -0.11587592    0.87408902   -0.47174268    0.43414495    0.47174268    0.76744837
    0.85006963    0.22133122   -0.47790598    0.22133122    0.67326495    0.70549756    0.47790598   -0.70549756    0.52333457
    0.98518223    0.15611444   -0.07102288    0.15611444   -0.64476326    0.74827042    0.07102288   -0.74827042   -0.65958102
    0.57131980   -0.77289698   -0.27608684   -0.77289698   -0.39350906   -0.49777593    0.27608684    0.49777593   -0.82218926
   -0.58279019   -0.70453520    0.40495154   -0.70453520    0.68639568    0.18025296   -0.40495154   -0.18025296   -0.89639451
    0.87661737   -0.16798389    0.45091396   -0.16798389    0.77129206    0.61391365   -0.45091396   -0.61391365    0.64790944
    0.37295750   -0.22203580    0.90089001   -0.22203580    0.92137711    0.31900522   -0.90089001   -0.31900522    0.29433461
    0.65650661    0.31871389   -0.68368160    0.31871389    0.70427802    0.63436104    0.68368160   -0.63436104    0.36078463
    0.61137293   -0.17521983   -0.77170017   -0.17521983    0.92099884   -0.34793555    0.77170017    0.34793555    0.53237177
    0.93356982   -0.32935137   -0.14133319   -0.32935137   -0.63287713   -0.70070980    0.14133319    0.70070980   -0.69930731
    0.65669399    0.42757391   -0.62123550    0.42757391    0.46747379    0.77372399    0.62123550   -0.77372399    0.12416778
    0.53413863    0.29651699    0.79169035    0.29651699    0.81126934   -0.50390449   -0.79169035    0.50390449    0.34540797
   -0.15376257    0.53236401    0.83243356    0.53236401    0.75435896   -0.38409780   -0.83243356    0.38409780   -0.39940361
    0.15848603   -0.78083125    0.60430517   -0.78083125    0.27547557    0.56072790   -0.60430517   -0.56072790   -0.56603841
    0.91440969    0.26711899   -0.30414201    0.26711899    0.16634775    0.94919749    0.30414201   -0.94919749    0.08075744
    0.92843029   -0.25662480   -0.26862782   -0.25662480    0.07983017   -0.96320863    0.26862782    0.96320863    0.00826046
    0.98801936    0.00268379    0.15430663    0.00268379    0.99939880   -0.03456629   -0.15430663    0.03456629    0.98741817
    0.42686350    0.86928848    0.24924906    0.86928848   -0.31846856   -0.37804142   -0.24924906    0.37804142   -0.89160507
