# Rotation matrices: 31 entries, row-major flattening of 3x3 -> 1x9
# https://github.com/Neurophysics-CFIN/GFO
# Col:  1    2    3    4    5    6    7    8    9
#       R11  R12  R13  R21  R22  R23  R31  R32  R33
# where Rij = R(i,j), i = row index, j = column index

    0.34423340    0.16422142    0.92441046    0.16422142    0.95887458   -0.23149699   -0.92441046    0.23149699    0.30310798
    0.74937113    0.43413458   -0.49997008    0.43413458    0.24800032    0.86603869    0.49997008   -0.86603869   -0.00262855
    0.97269478    0.13889726    0.18593660    0.13889726    0.29345203   -0.94582951   -0.18593660    0.94582951    0.26614681
    0.59465135   -0.49838287    0.63087581   -0.49838287    0.38723003    0.77567224   -0.63087581   -0.77567224   -0.01811863
    0.27353076   -0.08163596   -0.95839266   -0.08163596    0.99082627   -0.10769802    0.95839266    0.10769802    0.26435704
   -0.05058942    0.31003862    0.94937704    0.31003862    0.90850475   -0.28016991   -0.94937704    0.28016991   -0.14208467
    0.21039056   -0.34191379    0.91587705   -0.34191379    0.85194575    0.39658972   -0.91587705   -0.39658972    0.06233631
    0.79775052   -0.11750297    0.59142807   -0.11750297    0.93173308    0.34360808   -0.59142807   -0.34360808    0.72948360
    0.67998983   -0.29232151    0.67242990   -0.29232151    0.73297140    0.61424836   -0.67242990   -0.61424836    0.41296123
    0.99111324   -0.04863736    0.12381011   -0.04863736    0.73380691    0.67761481   -0.12381011   -0.67761481    0.72492015
   -0.35881510    0.89589787   -0.26195177    0.89589787    0.40931405    0.17271079    0.26195177   -0.17271079   -0.94950106
    0.58683267    0.33284118   -0.73813560    0.33284118    0.73186832    0.59463056    0.73813560   -0.59463056    0.31870099
    0.97393399   -0.03347667    0.22434773   -0.03347667    0.95700580    0.28813055   -0.22434773   -0.28813055    0.93093979
    0.99602409    0.06877830    0.05661757    0.06877830   -0.18978033   -0.97941461   -0.05661757    0.97941461   -0.19375623
    0.07923912   -0.63614023    0.76749382   -0.63614023    0.56050001    0.53025026   -0.76749382   -0.53025026   -0.36026087
    0.85919230   -0.16666698   -0.48374653   -0.16666698    0.80272469   -0.57258641    0.48374653    0.57258641    0.66191699
   -0.69341818    0.27179170   -0.66730839    0.27179170    0.95637774    0.10710224    0.66730839   -0.10710224   -0.73704044
    0.27351326    0.58642965   -0.76242426    0.58642965    0.52662627    0.61543890    0.76242426   -0.61543890   -0.19986047
    0.95363111    0.12230164    0.27500913    0.12230164    0.67741969   -0.72535844   -0.27500913    0.72535844    0.63105080
    0.93084266   -0.23652048   -0.27854981   -0.23652048    0.19109177   -0.95264999    0.27854981    0.95264999    0.12193443
   -0.39867618    0.61247248    0.68259414    0.61247248    0.73180172   -0.29890416   -0.68259414    0.29890416   -0.66687446
   -0.36022941   -0.25188053   -0.89821544   -0.25188053    0.95335802   -0.16632707    0.89821544    0.16632707   -0.40687140
   -0.47776099   -0.79539058    0.37295881   -0.79539058    0.57188871    0.20074147   -0.37295881   -0.20074147   -0.90587228
    0.03508096    0.78811814   -0.61452350    0.78811814    0.35628776    0.50192513    0.61452350   -0.50192513   -0.60863128
    0.83736575   -0.44776959   -0.31356179   -0.44776959   -0.23281293   -0.86330790    0.31356179    0.86330790   -0.39544718
    0.97917747   -0.09626834   -0.17872851   -0.09626834    0.55492461   -0.82631174    0.17872851    0.82631174    0.53410208
    0.99992637   -0.00303072   -0.01175047   -0.00303072    0.87525494   -0.48365236    0.01175047    0.48365236    0.87518131
    0.66547293   -0.05135896   -0.74465296   -0.05135896    0.99211501   -0.11432439    0.74465296    0.11432439    0.65758794
    0.77068589    0.52893766    0.35534239    0.52893766   -0.22005160   -0.81963543   -0.35534239    0.81963543   -0.44936571
   -0.05522012    0.97942631    0.19410006    0.97942631    0.09092341   -0.18015834   -0.19410006    0.18015834   -0.96429671
    0.94472921    0.09767529   -0.31296366    0.09767529    0.82738691    0.55307363    0.31296366   -0.55307363    0.77211612
