# Rotation matrices: 90 entries, row-major flattening of 3x3 -> 1x9
# https://github.com/Neurophysics-CFIN/GFO
# Col:  1    2    3    4    5    6    7    8    9
#       R11  R12  R13  R21  R22  R23  R31  R32  R33
# where Rij = R(i,j), i = row index, j = column index

    0.92644913    0.01932200    0.37592375    0.01932200    0.99492406   -0.09875613   -0.37592375    0.09875613    0.92137319
    0.98810465    0.00509948   -0.15369836    0.00509948    0.99781387    0.06588983    0.15369836   -0.06588983    0.98591853
    0.82161794   -0.02491368    0.56949388   -0.02491368    0.99652044    0.07953819   -0.56949388   -0.07953819    0.81813838
    0.98310728    0.03137975    0.18032024    0.03137975    0.94170930   -0.33496104   -0.18032024    0.33496104    0.92481658
    0.92154852   -0.01516638   -0.38796690   -0.01516638    0.99706801   -0.07500247    0.38796690    0.07500247    0.91861652
    0.94524312   -0.07763197    0.31699955   -0.07763197    0.88993670    0.44942846   -0.31699955   -0.44942846    0.83517983
    0.94207362   -0.05665482   -0.33058665   -0.05665482    0.94458884   -0.32332979    0.33058665    0.32332979    0.88666246
    0.99812569   -0.01356111    0.05967580   -0.01356111    0.90188185    0.43176987   -0.05967580   -0.43176987    0.90000754
    0.89763025    0.08296272    0.43287080    0.08296272    0.93276517   -0.35080811   -0.43287080    0.35080811    0.83039541
    0.82181996   -0.11882476   -0.55721866   -0.11882476    0.92075810   -0.37159816    0.55721866    0.37159816    0.74257806
    0.94226404   -0.12387363    0.31111704   -0.12387363    0.73422673    0.66750762   -0.31111704   -0.66750762    0.67649077
    0.97587498    0.06624820    0.20803655    0.06624820    0.81807999   -0.57127603   -0.20803655    0.57127603    0.79395497
    0.88219789    0.11354130   -0.45698496    0.11354130    0.89056541    0.44045616    0.45698496   -0.44045616    0.77276330
    0.64855527   -0.06914982    0.75802003   -0.06914982    0.98639417    0.14914707   -0.75802003   -0.14914707    0.63494944
    0.94751979   -0.09594112   -0.30496157   -0.09594112    0.82460631   -0.55751209    0.30496157    0.55751209    0.77212610
    0.97695746    0.06428187   -0.20352386    0.06428187    0.82067263    0.56777133    0.20352386   -0.56777133    0.79763009
    0.69999297    0.27751498    0.65802377    0.27751498    0.74329080   -0.60869058   -0.65802377    0.60869058    0.44328377
    0.78991554   -0.03730763   -0.61207971   -0.03730763    0.99337476   -0.10869555    0.61207971    0.10869555    0.78329031
    0.81942170   -0.18908747    0.54110443   -0.18908747    0.80200240    0.56660223   -0.54110443   -0.56660223    0.62142410
    0.90334335   -0.23766514   -0.35705191   -0.23766514    0.41561475   -0.87794058    0.35705191    0.87794058    0.31895811
    0.97277850    0.15386903   -0.17328099    0.15386903    0.13025800    0.97946780    0.17328099   -0.97946780    0.10303651
    0.31950598    0.08483909    0.94377871    0.08483909    0.98942287   -0.11766352   -0.94377871    0.11766352    0.30892885
    0.62975988   -0.11699249   -0.76792919   -0.11699249    0.96303144   -0.24265861    0.76792919    0.24265861    0.59279133
    0.99963895   -0.01547650    0.02196462   -0.01547650    0.33659307    0.94152301   -0.02196462   -0.94152301    0.33623202
    0.92205070    0.15903703    0.35288771    0.15903703    0.67552274   -0.71998351   -0.35288771    0.71998351    0.59757344
    0.68613279    0.15723418   -0.71028108    0.15723418    0.92123234    0.35582073    0.71028108   -0.35582073    0.60736513
    0.45202430   -0.37719328    0.80833116   -0.37719328    0.74036299    0.55640621   -0.80833116   -0.55640621    0.19238729
    0.75564537   -0.30174083   -0.58133686   -0.30174083    0.62739593   -0.71786268    0.58133686    0.71786268    0.38304130
    0.84198423    0.26620151   -0.46925400    0.26620151    0.55154322    0.79052946    0.46925400   -0.79052946    0.39352745
    0.22649513    0.27635156    0.93398596    0.27635156    0.90126735   -0.33368694   -0.93398596    0.33368694    0.12776248
    0.24219272    0.27316067   -0.93098117    0.27316067    0.90153598    0.33558327    0.93098117   -0.33558327    0.14372869
    0.87288133   -0.23287192    0.42877600   -0.23287192    0.57339604    0.78548562   -0.42877600   -0.78548562    0.44627736
    0.98742496    0.10209082    0.12070382    0.10209082    0.17117280   -0.97993741   -0.12070382    0.97993741    0.15859777
    0.64811089    0.34523042   -0.67879911    0.34523042    0.66130227    0.66595440    0.67879911   -0.66595440    0.30941316
    0.42050001   -0.07477457    0.90420601   -0.07477457    0.99035162    0.11667233   -0.90420601   -0.11667233    0.41085163
    0.65306972   -0.23345190   -0.72041665   -0.23345190    0.84290853   -0.48477358    0.72041665    0.48477358    0.49597825
    0.87168917   -0.33320136   -0.35935336   -0.33320136    0.13473282   -0.93317947    0.35935336    0.93317947    0.00642199
    0.86154369    0.31992131    0.39419896    0.31992131    0.26078020   -0.91084798   -0.39419896    0.91084798    0.12232389
    0.46140260    0.13068628   -0.87751282    0.13068628    0.96829004    0.21292135    0.87751282   -0.21292135    0.42969263
    0.49603071   -0.49179868    0.71560295   -0.49179868    0.52007801    0.69832150   -0.71560295   -0.69832150    0.01610872
    0.98314639   -0.11536186   -0.14182672   -0.11536186    0.21035568   -0.97079459    0.14182672    0.97079459    0.19350207
    0.66214495    0.40449940    0.63082826    0.40449940    0.51571016   -0.75526370   -0.63082826    0.75526370    0.17785511
    0.04775507    0.07663239    0.99591512    0.07663239    0.99383297   -0.08014677   -0.99591512    0.08014677    0.04158804
    0.19905355   -0.37631383   -0.90485666   -0.37631383    0.82319405   -0.42513464    0.90485666    0.42513464    0.02224760
    0.72868281   -0.40002740   -0.55587719   -0.40002740    0.41020354   -0.81957985    0.55587719    0.81957985    0.13888635
    0.62849506    0.45373168   -0.63176066    0.45373168    0.44584200    0.77159087    0.63176066   -0.77159087    0.07433705
    0.46402816    0.37106613    0.80435551    0.37106613    0.74310204   -0.55687457   -0.80435551    0.55687457    0.20713020
    0.15366004   -0.15940658   -0.97518108   -0.15940658    0.96997606   -0.18367357    0.97518108    0.18367357    0.12363610
    0.74893879   -0.37505918    0.54627952   -0.37505918    0.43970085    0.81608442   -0.54627952   -0.81608442    0.18863963
    0.84810309    0.32610939   -0.41758090    0.32610939    0.29987163    0.89650972    0.41758090   -0.89650972    0.14797472
    0.36456706    0.43889542   -0.82125615    0.43889542    0.69685363    0.56724407    0.82125615   -0.56724407    0.06142068
    0.41302683   -0.23840624    0.87896036   -0.23840624    0.90316843    0.35700035   -0.87896036   -0.35700035    0.31619526
    0.51084973   -0.37455538   -0.77378344   -0.37455538    0.71319297   -0.59250658    0.77378344    0.59250658    0.22404270
    0.99172791   -0.08738267    0.09402136   -0.08738267    0.07692814    0.99320005   -0.09402136   -0.99320005    0.06865606
    0.84252265    0.27048175    0.46582744    0.27048175    0.53542287   -0.80010123   -0.46582744    0.80010123    0.37794552
    0.41308105   -0.06586733   -0.90830917   -0.06586733    0.99260800   -0.10193554    0.90830917    0.10193554    0.40568905
    0.68353723   -0.30763695    0.66191870   -0.30763695    0.70094273    0.64345846   -0.66191870   -0.64345846    0.38447996
    0.99624307   -0.04576297   -0.07352210   -0.04576297    0.44256393   -0.89556849    0.07352210    0.89556849    0.43880699
    0.92284836    0.15169424   -0.35403356    0.15169424    0.70174138    0.69609475    0.35403356   -0.69609475    0.62458974
    0.16650752   -0.14674758    0.97505918   -0.14674758    0.97416311    0.17167230   -0.97505918   -0.17167230    0.14067063
    0.41338810   -0.23922732   -0.87856734   -0.23922732    0.90244025   -0.35829022    0.87856734    0.35829022    0.31582835
    0.93372135   -0.21116037    0.28909468   -0.21116037    0.32725389    0.92104082   -0.28909468   -0.92104082    0.26097524
    0.96566545    0.14201767    0.21753441    0.14201767    0.41257365   -0.89978551   -0.21753441    0.89978551    0.37823910
    0.51458473    0.27542157   -0.81200093    0.27542157    0.84372754    0.46072422    0.81200093   -0.46072422    0.35831227
    0.64077363   -0.19493522    0.74256946   -0.19493522    0.89421784    0.40295746   -0.74256946   -0.40295746    0.53499147
    0.94388654   -0.14738245   -0.29556152   -0.14738245    0.61289882   -0.77629469    0.29556152    0.77629469    0.55678536
    0.99269091    0.05363777   -0.10810984    0.05363777    0.60637886    0.79336478    0.10810984   -0.79336478    0.59906977
    0.49583118    0.21943504    0.84023788    0.21943504    0.90449283   -0.36570615   -0.84023788    0.36570615    0.40032401
    0.22312058    0.06131719   -0.97286043    0.06131719    0.99516038    0.07678549    0.97286043   -0.07678549    0.21828096
    0.98374412   -0.08564792    0.15783520   -0.08564792    0.54874395    0.83159155   -0.15783520   -0.83159155    0.53248807
    0.99304364    0.05194506    0.10566952    0.05194506    0.61211211   -0.78906304   -0.10566952    0.78906304    0.60515574
    0.77966749    0.21775102   -0.58711422    0.21775102    0.78480023    0.58023537    0.58711422   -0.58023537    0.56446772
    0.57312731    0.06083147    0.81720537    0.06083147    0.99133121   -0.11645581   -0.81720537    0.11645581    0.56445852
    0.83928220   -0.19153191   -0.50884272   -0.19153191    0.77174605   -0.60640215    0.50884272    0.60640215    0.61102825
    0.99807884   -0.02160949    0.05806602   -0.02160949    0.75693344    0.65313460   -0.05806602   -0.65313460    0.75501227
    0.84961646    0.16139180    0.50210015    0.16139180    0.82679411   -0.53885451   -0.50210015    0.53885451    0.67641057
    0.61575627    0.02016326   -0.78767865    0.02016326    0.99894193    0.04133359    0.78767865   -0.04133359    0.61469820
    0.82453531   -0.10651288    0.55569463   -0.10651288    0.93534316    0.33732505   -0.55569463   -0.33732505    0.75987847
    0.99578710   -0.03412096   -0.08511058   -0.03412096    0.72364879   -0.68932445    0.08511058    0.68932445    0.71943589
    0.96150443    0.14993970   -0.23027660    0.14993970    0.41598693    0.89692417    0.23027660   -0.89692417    0.37749136
    0.70406922    0.15931296    0.69203028    0.15931296    0.91423461   -0.37255129   -0.69203028    0.37255129    0.61830382
    0.91543765    0.04021938   -0.40044513    0.04021938    0.98087094    0.19045892    0.40044513   -0.19045892    0.89630859
    0.93914152   -0.03399602    0.34184423   -0.03399602    0.98100956    0.19095685   -0.34184423   -0.19095685    0.92015108
    0.99844925   -0.01350456   -0.05400671   -0.01350456    0.88239685   -0.47031205    0.05400671    0.47031205    0.88084610
    0.98106042    0.03345266   -0.19079141    0.03345266    0.94091314    0.33699168    0.19079141   -0.33699168    0.92197356
    0.77514357    0.05665058    0.62924014    0.05665058    0.98572739   -0.15853148   -0.62924014    0.15853148    0.76087096
    0.99457288   -0.01095106   -0.10346431   -0.01095106    0.97790252   -0.20877435    0.10346431    0.20877435    0.97247540
    0.78567265    0.06068659   -0.61565869    0.06068659    0.98281665    0.17432317    0.61565869   -0.17432317    0.76848930
    0.99211110    0.00481979    0.12526901    0.00481979    0.99705531   -0.07653421   -0.12526901    0.07653421    0.98916641
    0.99592578   -0.00826979    0.08979669   -0.00826979    0.98321409    0.18226813   -0.08979669   -0.18226813    0.97913987
