# Rotation matrices: 15 entries, row-major flattening of 3x3 -> 1x9
# https://github.com/Neurophysics-CFIN/GFO
# Col:  1    2    3    4    5    6    7    8    9
#       R11  R12  R13  R21  R22  R23  R31  R32  R33
# where Rij = R(i,j), i = row index, j = column index

   -0.72397323   -0.30821348   -0.61714441   -0.30821348    0.94489732   -0.11033363    0.61714441    0.11033363   -0.77907591
    0.45375119   -0.28524914    0.84424096   -0.28524914    0.85104394    0.44085954   -0.84424096   -0.44085954    0.30479513
    0.76675524   -0.39262654    0.50786888   -0.39262654    0.33908226    0.85490796   -0.50786888   -0.85490796    0.10583750
    0.63414555    0.18470202   -0.75082926    0.18470202    0.90675298    0.37905698    0.75082926   -0.37905698    0.54089853
    0.97194212    0.11212173   -0.20677821    0.11212173    0.55195179    0.82630378    0.20677821   -0.82630378    0.52389391
    0.99994656    0.00680230    0.00778551    0.00680230    0.13421225   -0.99092926   -0.00778551    0.99092926    0.13415881
    0.05674481    0.12174387    0.99093817    0.12174387    0.98428679   -0.12789821   -0.99093817    0.12789821    0.04103159
    0.63690792    0.46346621   -0.61607417    0.46346621    0.40841198    0.78638332    0.61607417   -0.78638332    0.04531990
    0.99647557    0.00721107    0.08357294    0.00721107    0.98524597   -0.17099234   -0.08357294    0.17099234    0.98172154
    0.66852948    0.22664479    0.70830818    0.22664479    0.84503039   -0.48430960   -0.70830818    0.48430960    0.51355986
    0.48420743   -0.16256572   -0.85971830   -0.16256572    0.94876310   -0.27096303    0.85971830    0.27096303    0.43297053
    0.97506329   -0.06900635    0.21092580   -0.06900635    0.80904147    0.58368657   -0.21092580   -0.58368657    0.78410477
    0.85262255   -0.19210167   -0.48593389   -0.19210167    0.74960179   -0.63339885    0.48593389    0.63339885    0.60222433
    0.94762262    0.29222914   -0.12889334    0.29222914   -0.63043430    0.71913470    0.12889334   -0.71913470   -0.68281168
   -0.74800815    0.53521057    0.39247097    0.53521057    0.83612757   -0.12016798   -0.39247097    0.12016798   -0.91188058
