# Rotation matrices: 54 entries, row-major flattening of 3x3 -> 1x9
# https://github.com/Neurophysics-CFIN/GFO
# Col:  1    2    3    4    5    6    7    8    9
#       R11  R12  R13  R21  R22  R23  R31  R32  R33
# where Rij = R(i,j), i = row index, j = column index

    0.82885475    0.25243131   -0.49927771    0.25243131    0.62767551    0.73641149    0.49927771   -0.73641149    0.45653026
   -0.11164989    0.31180671   -0.94356286    0.31180671    0.91254133    0.26465998    0.94356286   -0.26465998   -0.19910856
    0.48562734    0.12666138   -0.86494103    0.12666138    0.96881034    0.21298688    0.86494103   -0.21298688    0.45443769
   -0.13605659    0.93242981    0.33475849    0.93242981    0.23469890   -0.27475638   -0.33475849    0.27475638   -0.90135769
    0.99999999    0.00001709   -0.00010757    0.00001709    0.95076651    0.30990814    0.00010757   -0.30990814    0.95076650
    0.23858586    0.26565645   -0.93407892    0.26565645    0.90731279    0.32589898    0.93407892   -0.32589898    0.14589866
    0.99934299   -0.02628134   -0.02495756   -0.02628134   -0.05129123   -0.99833787    0.02495756    0.99833787   -0.05194824
    0.52467671    0.09442796    0.84604829    0.09442796    0.98124089   -0.16807637   -0.84604829    0.16807637    0.50591761
   -0.47729323   -0.59871825    0.64321663   -0.59871825    0.75735112    0.26068320   -0.64321663   -0.26068320   -0.71994211
    0.10317240   -0.99360645    0.04584398   -0.99360645   -0.10082895    0.05079112   -0.04584398   -0.05079112   -0.99765655
    0.53456013    0.60432131   -0.59079711    0.60432131    0.21535677    0.76708358    0.59079711   -0.76708358   -0.25008310
    0.57203481   -0.25429769   -0.77981335   -0.25429769    0.84889585   -0.46336651    0.77981335    0.46336651    0.42093066
    0.90550368   -0.00706895   -0.42427953   -0.00706895    0.99947120   -0.03173890    0.42427953    0.03173890    0.90497488
    0.90957605    0.32335751    0.26098149    0.32335751   -0.15633162   -0.93327399   -0.26098149    0.93327399   -0.24675557
    0.09619554    0.00949075   -0.99531721    0.00949075    0.99990034    0.01045172    0.99531721   -0.01045172    0.09609588
    0.26340607   -0.07503760    0.96176224   -0.07503760    0.99235584    0.09797574   -0.96176224   -0.09797574    0.25576191
    0.06613365   -0.77052324   -0.63397183   -0.77052324    0.36424943   -0.52308344    0.63397183    0.52308344   -0.56961692
    0.58445907   -0.10281018    0.80488363   -0.10281018    0.97456344    0.19913858   -0.80488363   -0.19913858    0.55902251
    0.99989055   -0.00496152    0.01393824   -0.00496152    0.77509112    0.63183000   -0.01393824   -0.63183000    0.77498167
    0.92342803   -0.23946620   -0.29989433   -0.23946620    0.25110897   -0.93787005    0.29989433    0.93787005    0.17453700
    0.99969584    0.01448495    0.01996015    0.01448495    0.31017887   -0.95056786   -0.01996015    0.95056786    0.30987472
    0.75579136   -0.31247422   -0.57544703   -0.31247422    0.60017738   -0.73630630    0.57544703    0.73630630    0.35596874
    0.86498216   -0.47138489    0.17205274   -0.47138489   -0.64573598    0.60068405   -0.17205274   -0.60068405   -0.78075382
    0.93608378    0.04187492    0.34927589    0.04187492    0.97256551   -0.22882923   -0.34927589    0.22882923    0.90864929
    0.29882552   -0.50408442    0.81030994   -0.50408442    0.63760646    0.58254348   -0.81030994   -0.58254348   -0.06356803
    0.30653912    0.49807076   -0.81114690    0.49807076    0.64226608    0.58259746    0.81114690   -0.58259746   -0.05119480
    0.40781176   -0.64785117   -0.64341156   -0.64785117    0.29125385   -0.70388924    0.64341156    0.70388924   -0.30093439
    0.93543077    0.10910354   -0.33625242    0.10910354    0.81564619    0.56817049    0.33625242   -0.56817049    0.75107696
    0.95264662   -0.14487640   -0.26734853   -0.14487640    0.55675448   -0.81794576    0.26734853    0.81794576    0.50940111
   -0.75623086   -0.59350508   -0.27543894   -0.59350508    0.79942940   -0.09308253    0.27543894    0.09308253   -0.95680146
   -0.12526986    0.76783569    0.62828005    0.76783569    0.47606199   -0.42871124   -0.62828005    0.42871124   -0.64920787
    0.84300798   -0.40726431   -0.35138773   -0.40726431   -0.05651365   -0.91156020    0.35138773    0.91156020   -0.21350567
    0.63002714    0.52212195    0.57485170    0.52212195    0.26315858   -0.81125596   -0.57485170    0.81125596   -0.10681428
   -0.76255741    0.15757220   -0.62743700    0.15757220    0.98591308    0.05609271    0.62743700   -0.05609271   -0.77664433
    0.16633915   -0.94539347    0.28028999   -0.94539347   -0.07210122    0.31785626   -0.28028999   -0.31785626   -0.90576207
    0.72425351    0.03886047   -0.68843788    0.03886047    0.99452346    0.09702035    0.68843788   -0.09702035    0.71877697
    0.66559199   -0.46457932   -0.58408335   -0.46457932    0.35457903   -0.81144302    0.58408335    0.81144302    0.02017102
    0.83693786   -0.08161820    0.54117787   -0.08161820    0.95914729    0.27087810   -0.54117787   -0.27087810    0.79608515
    0.46645082   -0.07972656   -0.88094683   -0.07972656    0.98808671   -0.13163709    0.88094683    0.13163709    0.45453753
    0.84657429   -0.17052004   -0.50421710   -0.17052004    0.81048101   -0.56039579    0.50421710    0.56039579    0.65705530
    0.98558901    0.15254841   -0.07309780    0.15254841   -0.61481032    0.77378114    0.07309780   -0.77378114   -0.62922131
   -0.01758320   -0.31769735    0.94802913   -0.31769735    0.90081243    0.29598203   -0.94802913   -0.29598203   -0.11677077
    0.91429643    0.26228868    0.30865302    0.26228868    0.19728721   -0.94460701   -0.30865302    0.94460701    0.11158364
   -0.18599622    0.77258882   -0.60705183    0.77258882    0.49671553    0.39544937    0.60705183   -0.39544937   -0.68928070
    0.05154729    0.66931101   -0.74119205    0.66931101    0.52767574    0.52304980    0.74119205   -0.52304980   -0.42077698
    0.98015882    0.09099860   -0.17609073    0.09099860    0.58264858    0.80761370    0.17609073   -0.80761370    0.56280740
    0.99360319   -0.06094679    0.09506937   -0.06094679    0.41931794    0.90579134   -0.09506937   -0.90579134    0.41292113
    0.92332641   -0.16270916    0.34784203   -0.16270916    0.65471464    0.73815613   -0.34784203   -0.73815613    0.57804105
    0.99638095    0.01814768    0.08304009    0.01814768    0.90899863   -0.41640383   -0.08304009    0.41640383    0.90537959
    0.40434110   -0.29288135    0.86644607   -0.29288135    0.85599227    0.42602552   -0.86644607   -0.42602552    0.26033338
    0.95121963   -0.07964080    0.29805797   -0.07964080    0.86997520    0.48662151   -0.29805797   -0.48662151    0.82119483
    0.56314596    0.32099749   -0.76146388    0.32099749    0.76413314    0.55951868    0.76146388   -0.55951868    0.32727910
    0.91151427    0.19960471    0.35958267    0.19960471    0.54973485   -0.81114090   -0.35958267    0.81114090    0.46124912
    0.54498539    0.76121220   -0.35149241    0.76121220   -0.27346243    0.58802575    0.35149241   -0.58802575   -0.72847704
