# Rotation matrices: 62 entries, row-major flattening of 3x3 -> 1x9
# https://github.com/Neurophysics-CFIN/GFO
# Col:  1    2    3    4    5    6    7    8    9
#       R11  R12  R13  R21  R22  R23  R31  R32  R33
# where Rij = R(i,j), i = row index, j = column index

    0.60252575    0.32551180   -0.72870076    0.32551180    0.73342189    0.59676997    0.72870076   -0.59676997    0.33594764
    0.93804317    0.25057232    0.23935021    0.25057232   -0.01339089   -0.96800527   -0.23935021    0.96800527   -0.07534772
   -0.22553866    0.62262277    0.74931515    0.62262277    0.68368267   -0.38068214   -0.74931515    0.38068214   -0.54185599
    0.81498317   -0.24348881   -0.52584754   -0.24348881    0.67955997   -0.69203428    0.52584754    0.69203428    0.49454314
    0.96873520    0.12854505   -0.21219870    0.12854505    0.47148779    0.87245369    0.21219870   -0.87245369    0.44022299
    0.08948251   -0.33687692    0.93728695   -0.33687692    0.87536093    0.34678119   -0.93728695   -0.34678119   -0.03515656
    0.88673496   -0.37144925    0.27518460   -0.37144925   -0.21815650    0.90245953   -0.27518460   -0.90245953   -0.33142154
    0.82434823   -0.45725997   -0.33371142   -0.45725997   -0.19034771   -0.86872381    0.33371142    0.86872381   -0.36599948
    0.75523464    0.40869446    0.51243485    0.40869446    0.31758660   -0.85563286   -0.51243485    0.85563286    0.07282123
   -0.14261461   -0.71018468    0.68941917   -0.71018468    0.55858933    0.42850400   -0.68941917   -0.42850400   -0.58402528
    0.69108592    0.07519446    0.71885050    0.07519446    0.98169651   -0.17497932   -0.71885050    0.17497932    0.67278243
    0.43847739   -0.26874506    0.85762094   -0.26874506    0.87137845    0.41045790   -0.85762094   -0.41045790    0.30985585
    0.41449910    0.07677187    0.90680570    0.07677187    0.98993354   -0.11890190   -0.90680570    0.11890190    0.40443264
    0.90941993    0.17790064    0.37590792    0.17790064    0.65060046   -0.73828884   -0.37590792    0.73828884    0.56002039
   -0.48255451   -0.29117627   -0.82604935   -0.29117627    0.94281248   -0.16223752    0.82604935    0.16223752   -0.53974203
    0.97474764    0.20558487   -0.08718890    0.20558487   -0.67371029    0.70982343    0.08718890   -0.70982343   -0.69896266
    0.64696803   -0.52428606   -0.55367544   -0.52428606    0.22138531   -0.82226071    0.55367544    0.82226071   -0.13164666
   -0.05469056    0.23416871   -0.97065646    0.23416871    0.94800846    0.21551096    0.97065646   -0.21551096   -0.10668210
    0.31925364   -0.70077899   -0.63795448   -0.70077899    0.27859886   -0.65672786    0.63795448    0.65672786   -0.40214749
   -0.76540050    0.51583624    0.38480520    0.51583624    0.84927668   -0.11243707   -0.38480520    0.11243707   -0.91612383
    0.44138348    0.52142047    0.73027482    0.52142047    0.51329884   -0.68164873   -0.73027482    0.68164873   -0.04531768
    0.90601710   -0.16072545    0.39153588   -0.16072545    0.72513437    0.66958754   -0.39153588   -0.66958754    0.63115147
   -0.52091968    0.71596099   -0.46480378    0.71596099    0.66296699    0.21880273    0.46480378   -0.21880273   -0.85795269
    0.57966961    0.80534285   -0.12412108    0.80534285   -0.54301739    0.23781297    0.12412108   -0.23781297   -0.96334778
    0.52129830   -0.33708011   -0.78398028   -0.33708011    0.76264341   -0.55204350    0.78398028    0.55204350    0.28394171
    0.04575538    0.81171103   -0.58226424    0.81171103    0.30953261    0.49529261    0.58226424   -0.49529261   -0.64471201
    0.84142736    0.20960142   -0.49806349    0.20960142    0.72294871    0.65834065    0.49806349   -0.65834065    0.56437607
    0.67479378    0.55370051    0.48792324    0.55370051    0.05726200   -0.83074473   -0.48792324    0.83074473   -0.26794422
    0.39903016    0.67024750   -0.62573415    0.67024750    0.25248876    0.69786655    0.62573415   -0.69786655   -0.34848108
    0.98619330   -0.14622279   -0.07772812   -0.14622279   -0.54860407   -0.82319650    0.07772812    0.82319650   -0.56241077
    0.98245519    0.03720643   -0.18274978    0.03720643    0.92109812    0.38754863    0.18274978   -0.38754863    0.90355331
    0.92516180    0.21841417    0.31043662    0.21841417    0.36256149   -0.90600465   -0.31043662    0.90600465    0.28772329
    0.27190887   -0.87152846    0.40804865   -0.87152846   -0.04322362    0.48843613   -0.40804865   -0.48843613   -0.77131475
    0.99999990    0.00034439   -0.00030181    0.00034439   -0.13121044    0.99135448    0.00030181   -0.99135448   -0.13121055
    0.03426819   -0.90832148   -0.41686662   -0.90832148    0.14567595   -0.39208494    0.41686662    0.39208494   -0.82005587
   -0.66186809    0.35971820    0.65767275    0.35971820    0.92213751   -0.14235598   -0.65767275    0.14235598   -0.73973058
   -0.12094745    0.58703605   -0.80047510    0.58703605    0.69257138    0.41920586    0.80047510   -0.41920586   -0.42837607
   -0.24509808   -0.34018895    0.90785374   -0.34018895    0.90705268    0.24804617   -0.90785374   -0.24804617   -0.33804540
    0.72810031   -0.67408809   -0.12439928   -0.67408809   -0.67118527   -0.30840813    0.12439928    0.30840813   -0.94308496
    0.41712292   -0.46127094    0.78309488   -0.46127094    0.63496440    0.61971713   -0.78309488   -0.61971713    0.05208732
    0.95132467   -0.00807312    0.30808471   -0.00807312    0.99866102    0.05109783   -0.30808471   -0.05109783    0.94998570
   -0.57500505   -0.24349771    0.78107493   -0.24349771    0.96235495    0.12075514   -0.78107493   -0.12075514   -0.61265010
    0.99669223   -0.02065505   -0.07860000   -0.02065505    0.87102135   -0.49081073    0.07860000    0.49081073    0.86771359
    0.30138594    0.26858654   -0.91489223    0.26858654    0.89674023    0.35173603    0.91489223   -0.35173603    0.19812617
    0.87106478    0.11320321   -0.47794474    0.11320321    0.90060926    0.41962841    0.47794474   -0.41962841    0.77167404
    0.15628009    0.49526048   -0.85457217    0.49526048    0.70928392    0.50163071    0.85457217   -0.50163071   -0.13443599
   -0.40340100    0.17806661    0.89752990    0.17806661    0.97740652   -0.11388057   -0.89752990    0.11388057   -0.42599448
    0.60208211   -0.56362791    0.56552694   -0.56362791    0.20165335    0.80103652   -0.56552694   -0.80103652   -0.19626454
    0.84820635   -0.47411063    0.23614633   -0.47411063   -0.48083201    0.73757691   -0.23614633   -0.73757691   -0.63262565
    0.51338772    0.80627150   -0.29386954    0.80627150   -0.33591726    0.48691463    0.29386954   -0.48691463   -0.82252954
    0.97289448    0.08445756   -0.21527483    0.08445756    0.73684036    0.67077060    0.21527483   -0.67077060    0.70973484
    0.91405026   -0.28112278   -0.29237323   -0.28112278    0.08050894   -0.95628881    0.29237323    0.95628881   -0.00544080
   -0.14893166   -0.73439030   -0.66218596   -0.73439030    0.53058207   -0.42326534    0.66218596    0.42326534   -0.61834959
    0.12909542    0.00464874   -0.99162128    0.00464874    0.99997519    0.00529310    0.99162128   -0.00529310    0.12907060
    0.79659168   -0.03580299    0.60345658   -0.03580299    0.99369812    0.10621763   -0.60345658   -0.10621763    0.79028980
    0.99839827    0.04811935   -0.02975614    0.04811935   -0.44560429    0.89393587    0.02975614   -0.89393587   -0.44720603
   -0.62921451   -0.56404201    0.53473892   -0.56404201    0.80472590    0.18512922   -0.53473892   -0.18512922   -0.82448861
    0.99832488   -0.04545597   -0.03579379   -0.04545597   -0.23348839   -0.97129652    0.03579379    0.97129652   -0.23516352
    0.20683583   -0.10509465    0.97271479   -0.10509465    0.98607491    0.12888520   -0.97271479   -0.12888520    0.19291074
    0.99365996   -0.03547699    0.10668304   -0.03547699    0.80148135    0.59696652   -0.10668304   -0.59696652    0.79514131
    0.97128255   -0.02677235   -0.23641794   -0.02677235    0.97504099   -0.22040486    0.23641794    0.22040486    0.94632355
   -0.34835660    0.93506076    0.06564341    0.93506076    0.35155238   -0.04552251   -0.06564341    0.04552251   -0.99680422
