# Rotation matrices: 56 entries, row-major flattening of 3x3 -> 1x9
# https://github.com/Neurophysics-CFIN/GFO
# Col:  1    2    3    4    5    6    7    8    9
#       R11  R12  R13  R21  R22  R23  R31  R32  R33
# where Rij = R(i,j), i = row index, j = column index

    0.99653271    0.02160004    0.08034916    0.02160004    0.86543897   -0.50054852   -0.08034916    0.50054852    0.86197169
    0.99756777    0.01825186   -0.06727119    0.01825186    0.86303500    0.50481427    0.06727119   -0.50481427    0.86060277
    0.92247835    0.11571824   -0.36829742    0.11571824    0.82726489    0.54976549    0.36829742   -0.54976549    0.74974323
    0.91358646    0.19734227   -0.35555001    0.19734227    0.54933023    0.81196818    0.35555001   -0.81196818    0.46291669
   -0.95603962   -0.04775980   -0.28932204   -0.04775980    0.99883387   -0.00706426    0.28932204    0.00706426   -0.95720575
   -0.33697470   -0.79995785   -0.49650326   -0.79995785    0.52135776   -0.29707494    0.49650326    0.29707494   -0.81561694
    0.66293233    0.12307264   -0.73849431    0.12307264    0.95506280    0.26964451    0.73849431   -0.26964451    0.61799514
   -0.24795806    0.70348683   -0.66605035    0.70348683    0.60343721    0.37545946    0.66605035   -0.37545946   -0.64452085
    0.20883457   -0.79788399   -0.56548144   -0.79788399    0.19534039   -0.57028350    0.56548144    0.57028350   -0.59582504
    0.59001485   -0.77189481    0.23677177   -0.77189481   -0.45327607    0.44577933   -0.23677177   -0.44577933   -0.86326121
    0.92415140    0.05814873    0.37757503    0.05814873    0.95542073   -0.28946495   -0.37757503    0.28946495    0.87957213
    0.99060167    0.12380158    0.05815058    0.12380158   -0.63080457   -0.76600180   -0.05815058    0.76600180   -0.64020290
   -0.34817702   -0.77395265    0.52893294   -0.77395265    0.55569432    0.30364637   -0.52893294   -0.30364637   -0.79248270
    0.99999808   -0.00016583   -0.00195185   -0.00016583    0.98566733   -0.16870060    0.00195185    0.16870060    0.98566541
    0.44205022    0.70688858   -0.55217764    0.70688858    0.10441498    0.69957562    0.55217764   -0.69957562   -0.45353479
    0.73239267   -0.42492193   -0.53201723   -0.42492193    0.32528514   -0.84476679    0.53201723    0.84476679    0.05767781
   -0.70297488   -0.09521289    0.70481262   -0.09521289    0.99467667    0.03940589   -0.70481262   -0.03940589   -0.70829821
   -0.02575722    0.56892859    0.82198347    0.56892859    0.68444801   -0.45590700   -0.82198347    0.45590700   -0.34130922
    0.36512695   -0.24096592   -0.89923175   -0.24096592    0.90854144   -0.34130321    0.89923175    0.34130321    0.27366839
   -0.47740801    0.23314349   -0.84718694    0.23314349    0.96320862    0.13369097    0.84718694   -0.13369097   -0.51419939
    0.99993120   -0.00657224   -0.00971611   -0.00657224    0.37218389   -0.92813574    0.00971611    0.92813574    0.37211509
    0.87720258    0.06143240   -0.47617402    0.06143240    0.96926695    0.23821764    0.47617402   -0.23821764    0.84646953
    0.94097609   -0.20962242    0.26574885   -0.20962242    0.25552960    0.94380245   -0.26574885   -0.94380245    0.19650569
    0.28254894    0.44290553    0.85088236    0.44290553    0.72658022   -0.52527695   -0.85088236    0.52527695    0.00912916
    0.54414778    0.55454834   -0.62958663    0.55454834    0.32538693    0.76589783    0.62958663   -0.76589783   -0.13046528
    0.84598055   -0.45528075   -0.27755422   -0.45528075   -0.34580771   -0.82044894    0.27755422    0.82044894   -0.49982716
    0.66946390    0.38919981   -0.63272553    0.38919981    0.54172483    0.74502196    0.63272553   -0.74502196    0.21118872
    0.99494984    0.07063915    0.07130867    0.07063915    0.01193441   -0.99743054   -0.07130867    0.99743054    0.00688425
    0.05488422   -0.07054232   -0.99599774   -0.07054232    0.99473480   -0.07434009    0.99599774    0.07434009    0.04961902
    0.78267671    0.01402593    0.62227040    0.01402593    0.99909477   -0.04016100   -0.62227040    0.04016100    0.78177148
    0.98843606    0.01352749   -0.15103362    0.01352749    0.98417555    0.17667907    0.15103362   -0.17667907    0.97261161
    0.85782845   -0.17582826   -0.48292315   -0.17582826    0.78254736   -0.59724706    0.48292315    0.59724706    0.64037581
    0.63707584   -0.17539267   -0.75058096   -0.17539267    0.91523686   -0.36273805    0.75058096    0.36273805    0.55231271
    0.71222880   -0.64975197   -0.26561724   -0.64975197   -0.46706000   -0.59973106    0.26561724    0.59973106   -0.75483120
    0.74865743   -0.54117255    0.38294167   -0.54117255   -0.16521339    0.82452217   -0.38294167   -0.82452217   -0.41655596
    0.99552409    0.07715874    0.05457395    0.07715874   -0.33011404   -0.94078225   -0.05457395    0.94078225   -0.33458995
    0.95121019   -0.19917177   -0.23564757   -0.19917177    0.18693278   -0.96197024    0.23564757    0.96197024    0.13814297
    0.44687089    0.80333573   -0.39364719    0.80333573   -0.16672271    0.57171255    0.39364719   -0.57171255   -0.71985182
    0.53538696   -0.28633997    0.79458808   -0.28633997    0.82352932    0.48970285   -0.79458808   -0.48970285    0.35891628
    0.52427080   -0.83411368   -0.17144824   -0.83411368   -0.46248249   -0.30060657    0.17144824    0.30060657   -0.93821170
    0.51938486    0.28858123    0.80433839    0.28858123    0.82672388   -0.48295807   -0.80433839    0.48295807    0.34610874
    0.84752977    0.38160170    0.36888133    0.38160170    0.04492926   -0.92323426   -0.36888133    0.92323426   -0.10754097
    0.22348389    0.16850580    0.96003164    0.16850580    0.96343385   -0.20832909   -0.96003164    0.20832909    0.18691774
    0.06372242   -0.36488402   -0.92886980   -0.36488402    0.85779821   -0.36199708    0.92886980    0.36199708   -0.07847937
   -0.82608707   -0.44571579    0.34484431   -0.44571579    0.89120860    0.08417044   -0.34484431   -0.08417044   -0.93487846
    0.40599925   -0.48827452    0.77249763   -0.48827452    0.59863348    0.63500074   -0.77249763   -0.63500074    0.00463273
    0.90444199    0.37671701   -0.20017238    0.37671701   -0.48512622    0.78913677    0.20017238   -0.78913677   -0.58068423
    0.75037217   -0.33620921    0.56912650   -0.33620921    0.54717936    0.76652339   -0.56912650   -0.76652339    0.29755153
    0.76149300    0.23251171   -0.60503447    0.23251171    0.77333288    0.58982588    0.60503447   -0.58982588    0.53482588
    0.85195432    0.40417505   -0.33289091    0.40417505   -0.10342616    0.90881547    0.33289091   -0.90881547   -0.25147183
   -0.10559633    0.26187790    0.95930672    0.26187790    0.93797010   -0.22722690   -0.95930672    0.22722690   -0.16762624
    0.42133737   -0.00234905   -0.90690093   -0.00234905    0.99999046   -0.00368152    0.90690093    0.00368152    0.42132783
   -0.30489667   -0.17719585   -0.93575619   -0.17719585    0.97593804   -0.12706915    0.93575619    0.12706915   -0.32895863
    0.94738503   -0.29110119    0.13312290   -0.29110119   -0.61056633    0.73652485   -0.13312290   -0.73652485   -0.66318130
    0.29580425   -0.66474051    0.68601742   -0.66474051    0.37250410    0.64758069   -0.68601742   -0.64758069   -0.33169165
    0.63801551   -0.11121915    0.76194915   -0.11121915    0.96582809    0.23410765   -0.76194915   -0.23410765    0.60384360
