# Rotation matrices: 14 entries, row-major flattening of 3x3 -> 1x9
# https://github.com/Neurophysics-CFIN/GFO
# Col:  1    2    3    4    5    6    7    8    9
#       R11  R12  R13  R21  R22  R23  R31  R32  R33
# where Rij = R(i,j), i = row index, j = column index

    0.99998170    0.00071145   -0.00600802    0.00071145    0.97234292    0.23355672    0.00600802   -0.23355672    0.97232462
    0.47485001   -0.19574677   -0.85802137   -0.19574677    0.92703647   -0.31982274    0.85802137    0.31982274    0.40188648
    0.94222015   -0.13121620    0.30822636   -0.13121620    0.70201215    0.69997232   -0.30822636   -0.69997232    0.64423231
    0.83459093    0.22964833    0.50071911    0.22964833    0.68116406   -0.69518139   -0.50071911    0.69518139    0.51575499
    0.06116638    0.13775982    0.98857519    0.13775982    0.97978580   -0.14505865   -0.98857519    0.14505865    0.04095218
    0.56811082   -0.46715544    0.67750712   -0.46715544    0.49469862    0.73282950   -0.67750712   -0.73282950    0.06280943
    0.98155895   -0.11772497   -0.15060827   -0.11772497    0.24846078   -0.96146143    0.15060827    0.96146143    0.23001973
    0.96909297    0.14273359   -0.20121118    0.14273359    0.34083353    0.92922528    0.20121118   -0.92922528    0.30992650
    0.48241651    0.47578400   -0.73546169    0.47578400    0.56263980    0.67606659    0.73546169   -0.67606659    0.04505631
    0.56570244   -0.13151771    0.81405396   -0.13151771    0.96017268    0.24651880   -0.81405396   -0.24651880    0.52587511
    0.99103778   -0.04580893   -0.12548173   -0.04580893    0.76585514   -0.64137933    0.12548173    0.64137933    0.75689292
    0.80198203    0.16335980   -0.57457672    0.16335980    0.86523231    0.47401120    0.57457672   -0.47401120    0.66721434
    0.88004132    0.04697200    0.47256841    0.04697200    0.98160726   -0.18504275   -0.47256841    0.18504275    0.86164858
    0.86598636   -0.04566677   -0.49797809   -0.04566677    0.98443850   -0.16969205    0.49797809    0.16969205    0.85042486
