# Rotation matrices: 34 entries, row-major flattening of 3x3 -> 1x9
# https://github.com/Neurophysics-CFIN/GFO
# Col:  1    2    3    4    5    6    7    8    9
#       R11  R12  R13  R21  R22  R23  R31  R32  R33
# where Rij = R(i,j), i = row index, j = column index

    0.99435256    0.09621202   -0.04479104    0.09621202   -0.63910551    0.76307758    0.04479104   -0.76307758   -0.64475295
   -0.94005318   -0.29008100   -0.17931267   -0.29008100    0.95662645   -0.02681122    0.17931267    0.02681122   -0.98342673
    0.80750397    0.40704734    0.42690725    0.40704734    0.13926776   -0.90272751   -0.42690725    0.90272751   -0.05322827
   -0.25759371   -0.65775363    0.70781752   -0.65775363    0.65597805    0.37020664   -0.70781752   -0.37020664   -0.60161566
    0.72956309   -0.65748203   -0.18829517   -0.65748203   -0.59846017   -0.45778030    0.18829517    0.45778030   -0.86889707
    0.78104708    0.18213018   -0.59732240    0.18213018    0.84849984    0.49686680    0.59732240   -0.49686680    0.62954693
    0.99793505   -0.04903309   -0.04148978   -0.04903309   -0.16430824   -0.98518961    0.04148978    0.98518961   -0.16637319
    0.42834089    0.18552918    0.88436588    0.18552918    0.93978741   -0.28701664   -0.88436588    0.28701664    0.36812830
    0.18162925   -0.55638316   -0.81083204   -0.55638316    0.62173353   -0.55125784    0.81083204    0.55125784   -0.19663722
    0.54125640   -0.78368961    0.30474925   -0.78368961   -0.33880757    0.52061504   -0.30474925   -0.52061504   -0.79755117
   -0.25285188   -0.21210870    0.94396813   -0.21210870    0.96408985    0.15981447   -0.94396813   -0.15981447   -0.28876203
    0.82994108    0.46355300    0.31034887    0.46355300   -0.26357019   -0.84596062   -0.31034887    0.84596062   -0.43362911
    0.32635919    0.58286607   -0.74414839    0.58286607    0.49567655    0.64387258    0.74414839   -0.64387258   -0.17796426
    0.70770437    0.68179640   -0.18522471    0.68179640   -0.59032939    0.43204731    0.18522471   -0.43204731   -0.88262502
    0.97671955    0.07125118   -0.20234176    0.07125118    0.78193159    0.61927882    0.20234176   -0.61927882    0.75865114
    0.24995646    0.61196694    0.75034540    0.61196694    0.50069093   -0.61221324   -0.75034540    0.61221324   -0.24935261
   -0.49595588   -0.19243039   -0.84675753   -0.19243039    0.97524696   -0.10892158    0.84675753    0.10892158   -0.52070892
    0.00143770    0.26993102    0.96287859    0.26993102    0.92703234   -0.26028501   -0.96287859    0.26028501   -0.07152996
    0.60751088   -0.65658102    0.44702560   -0.65658102   -0.09837094    0.74781316   -0.44702560   -0.74781316   -0.49086006
    0.17824243    0.80261268   -0.56924733    0.80261268    0.21608619    0.55598530    0.56924733   -0.55598530   -0.60567138
    0.48664551   -0.37228549   -0.79030352   -0.37228549    0.73001797   -0.57312938    0.79030352    0.57312938    0.21666348
    0.99880272   -0.02964410   -0.03891472   -0.02964410    0.26602618   -0.96350989    0.03891472    0.96350989    0.26482890
    0.81418149   -0.36254966   -0.45350440   -0.36254966    0.29263097   -0.88483041    0.45350440    0.88483041    0.10681246
    0.08287310   -0.78035167   -0.61982523   -0.78035167    0.33602565   -0.52738793    0.61982523    0.52738793   -0.58110125
   -0.57946538   -0.60753982   -0.54324510   -0.60753982    0.76631040   -0.20895870    0.54324510    0.20895870   -0.81315498
    0.98381801   -0.08066483    0.15998532   -0.08066483    0.59789770    0.79750331   -0.15998532   -0.79750331    0.58171571
   -0.07305184    0.95251898    0.29558591    0.95251898    0.15447478   -0.26238358   -0.29558591    0.26238358   -0.91857707
   -0.19880995   -0.96065776    0.19393625   -0.96065776    0.23018379    0.15540943   -0.19393625   -0.15540943   -0.96862616
   -0.59995245    0.55464565   -0.57656332    0.55464565    0.80772441    0.19987365    0.57656332   -0.19987365   -0.79222804
    0.77186460    0.50930603   -0.38056854    0.50930603   -0.13701173    0.84960883    0.38056854   -0.84960883   -0.36514713
    0.15343044   -0.13774381    0.97851200   -0.13774381    0.97758795    0.15921193   -0.97851200   -0.15921193    0.13101839
   -0.44738004    0.31061724    0.83867040    0.31061724    0.93333950   -0.17998416   -0.83867040    0.17998416   -0.51404053
    0.68109430   -0.56117951   -0.47030640   -0.56117951    0.01249039   -0.82759987    0.47030640    0.82759987   -0.30641531
   -0.80033738   -0.08036023    0.59413997   -0.08036023    0.99641302    0.02652016   -0.59413997   -0.02652016   -0.80392436
