# Rotation matrices: 33 entries, row-major flattening of 3x3 -> 1x9
# https://github.com/Neurophysics-CFIN/GFO
# Col:  1    2    3    4    5    6    7    8    9
#       R11  R12  R13  R21  R22  R23  R31  R32  R33
# where Rij = R(i,j), i = row index, j = column index

    0.96405930   -0.13046578    0.23144835   -0.13046578    0.52640538    0.84016430   -0.23144835   -0.84016430    0.49046469
    0.90589405    0.07717532   -0.41641319    0.07717532    0.93670932    0.34149615    0.41641319   -0.34149615    0.84260337
    0.75864046   -0.56937690    0.31666164   -0.56937690   -0.34318311    0.74701760   -0.31666164   -0.74701760   -0.58454265
    0.62298720   -0.30361470   -0.72090572   -0.30361470    0.75549402   -0.58055741    0.72090572    0.58055741    0.37848122
    0.73176213    0.33665892   -0.59260860    0.33665892    0.57746746    0.74376885    0.59260860   -0.74376885    0.30922959
    0.45747342    0.58056258   -0.67354671    0.58056258    0.37873476    0.72076839    0.67354671   -0.72076839   -0.16379183
    0.62520721    0.72942874   -0.27757821    0.72942874   -0.41962784    0.54022791    0.27757821   -0.54022791   -0.79442063
    0.49635337    0.08082937    0.86434944    0.08082937    0.98702783   -0.13871794   -0.86434944    0.13871794    0.48338120
    0.99870003   -0.04207661    0.02877165   -0.04207661   -0.36190974    0.93126307   -0.02877165   -0.93126307   -0.36320971
    0.78399138    0.52469744   -0.33173801    0.52469744   -0.27452046    0.80581084    0.33173801   -0.80581084   -0.49052908
   -0.17421545   -0.40861338   -0.89592638   -0.40861338    0.85780728   -0.31177201    0.89592638    0.31177201   -0.31640817
    0.96250483    0.14043015   -0.23208580    0.14043015    0.47404880    0.86922788    0.23208580   -0.86922788    0.43655363
   -0.35469659    0.06934024    0.93240670    0.06934024    0.99645082   -0.04772530   -0.93240670    0.04772530   -0.35824578
    0.11264324    0.09793031    0.98879783    0.09793031    0.98919223   -0.10912553   -0.98879783    0.10912553    0.10183547
    0.42362876   -0.84177368   -0.33459787   -0.84177368   -0.22938635   -0.48867061    0.33459787    0.48867061   -0.80575759
    0.83667178    0.04176406    0.54610997    0.04176406    0.98932067   -0.13964378   -0.54610997    0.13964378    0.82599244
    0.99134081   -0.08742487    0.09798111   -0.08742487    0.11734182    0.98923596   -0.09798111   -0.98923596    0.10868263
    0.20994352   -0.26262062   -0.94178242   -0.26262062    0.91270296   -0.31305545    0.94178242    0.31305545    0.12264648
    0.98923719   -0.03598985   -0.14182565   -0.03598985    0.87965327   -0.47425189    0.14182565    0.47425189    0.86889046
    0.95090732   -0.01167341   -0.30925556   -0.01167341    0.99722426   -0.07353572    0.30925556    0.07353572    0.94813158
   -0.28262254    0.94429728   -0.16860353    0.94429728    0.30478585    0.12412993    0.16860353   -0.12412993   -0.97783670
    0.73063120   -0.09958931    0.67547022   -0.09958931    0.96318048    0.24973053   -0.67547022   -0.24973053    0.69381168
    0.43916036   -0.53756992   -0.71983106   -0.53756992    0.48473431   -0.68996466    0.71983106    0.68996466   -0.07610533
    0.34641839   -0.72491979   -0.59538693   -0.72491979    0.19595549   -0.66037318    0.59538693    0.66037318   -0.45762612
    0.69866961   -0.00248267   -0.71544016   -0.00248267    0.99997955   -0.00589453    0.71544016    0.00589453    0.69864915
    0.99169851    0.04420610   -0.12074719    0.04420610    0.76459896    0.64298853    0.12074719   -0.64298853    0.75629747
    0.12933686    0.44215641    0.88756391    0.44215641    0.77545588   -0.45073927   -0.88756391    0.45073927   -0.09520727
    0.66946892    0.20166094   -0.71494351    0.20166094    0.87696426    0.43619554    0.71494351   -0.43619554    0.54643318
    0.99917413   -0.00526943    0.04029012   -0.00526943    0.96637861    0.25706928   -0.04029012   -0.25706928    0.96555274
    0.00139415    0.73094674   -0.68243308    0.73094674    0.46497095    0.49951864    0.68243308   -0.49951864   -0.53363490
    0.77876748   -0.45044573    0.43660034   -0.45044573    0.08285929    0.88895050   -0.43660034   -0.88895050   -0.13837323
   -0.19254249   -0.78626320    0.58712654   -0.78626320    0.48160353    0.38710234   -0.58712654   -0.38710234   -0.71093896
    0.89512067    0.31158009   -0.31886806    0.31158009    0.07434430    0.94730712    0.31886806   -0.94730712   -0.03053503
