# Rotation matrices: 9 entries, row-major flattening of 3x3 -> 1x9
# https://github.com/Neurophysics-CFIN/GFO
# Col:  1    2    3    4    5    6    7    8    9
#       R11  R12  R13  R21  R22  R23  R31  R32  R33
# where Rij = R(i,j), i = row index, j = column index

    0.98159754    0.17664258    0.07255118    0.17664258   -0.69556661   -0.69640828   -0.07255118    0.69640828   -0.71396908
    0.74380392    0.38388596   -0.54716296    0.38388596    0.42478267    0.81987271    0.54716296   -0.81987271    0.16858659
   -0.55459821   -0.07782191    0.82847123   -0.07782191    0.99610430    0.04147259   -0.82847123   -0.04147259   -0.55849391
   -0.62722419   -0.57026835   -0.53045624   -0.57026835    0.80014678   -0.18590088    0.53045624    0.18590088   -0.82707741
    0.97519445   -0.02117398   -0.22033487   -0.02117398    0.98192593   -0.18807744    0.22033487    0.18807744    0.95712038
    0.37786935   -0.59056066   -0.71305881   -0.59056066    0.43940731   -0.67687467    0.71305881    0.67687467   -0.18272334
    0.19340790    0.12594401    0.97300128    0.12594401    0.98033468   -0.15192771   -0.97300128    0.15192771    0.17374258
    0.88538233    0.16945385    0.43287819    0.16945385    0.74947488   -0.63997875   -0.43287819    0.63997875    0.63485721
    0.95005171   -0.17289622   -0.25982427   -0.17289622    0.40151904   -0.89938277    0.25982427    0.89938277    0.35157074
