# Rotation matrices: 75 entries, row-major flattening of 3x3 -> 1x9
# https://github.com/Neurophysics-CFIN/GFO
# Col:  1    2    3    4    5    6    7    8    9
#       R11  R12  R13  R21  R22  R23  R31  R32  R33
# where Rij = R(i,j), i = row index, j = column index

    0.95785877    0.04806582    0.28318942    0.04806582    0.94517664   -0.32300277   -0.28318942    0.32300277    0.90303542
    0.99999917   -0.00062600    0.00112925   -0.00062600    0.52986942    0.84807901   -0.00112925   -0.84807901    0.52986859
    0.12361139    0.18045553   -0.97578483    0.18045553    0.96284274    0.20092202    0.97578483   -0.20092202    0.08645413
    0.88619515   -0.03652044   -0.46187057   -0.03652044    0.98828044   -0.14821615    0.46187057    0.14821615    0.87447559
    0.49719537   -0.08849589    0.86311369   -0.08849589    0.98442432    0.15191191   -0.86311369   -0.15191191    0.48161969
    0.99874549   -0.01538501   -0.04765234   -0.01538501    0.81132179   -0.58439734    0.04765234    0.58439734    0.81006728
    0.99970877    0.00232551   -0.02402000    0.00232551    0.98143028    0.19180513    0.02402000   -0.19180513    0.98113905
    0.95780330    0.19528286   -0.21089677    0.19528286    0.09624702    0.97601287    0.21089677   -0.97601287    0.05405032
    0.73636372   -0.15264447    0.65914197   -0.15264447    0.91161939    0.38164086   -0.65914197   -0.38164086    0.64798311
    0.25129333    0.31144404    0.91643563    0.31144404    0.87044674   -0.38121527   -0.91643563    0.38121527    0.12174007
    0.93500246   -0.12185869   -0.33304783   -0.12185869    0.77153687   -0.62440477    0.33304783    0.62440477    0.70653933
    0.47819892   -0.14392007   -0.86637914   -0.14392007    0.96030482   -0.23895954    0.86637914    0.23895954    0.43850374
    0.78769726    0.03019237   -0.61532223    0.03019237    0.99570623    0.08750729    0.61532223   -0.08750729    0.78340349
    0.26857271   -0.18046473    0.94620356   -0.18046473    0.95547402    0.23345638   -0.94620356   -0.23345638    0.22404673
    0.94401910    0.02347402   -0.32905458    0.02347402    0.99015683    0.13797978    0.32905458   -0.13797978    0.93417593
    0.96025094   -0.05449614   -0.27376689   -0.05449614    0.92528556   -0.37533560    0.27376689    0.37533560    0.88553649
    0.56984140   -0.24779977    0.78350243   -0.24779977    0.85725096    0.45134916   -0.78350243   -0.45134916    0.42709236
    0.26197148    0.07955308    0.96179117    0.07955308    0.99142487   -0.10367275   -0.96179117    0.10367275    0.25339635
    0.85631670   -0.32680046   -0.39990394   -0.32680046    0.25670871   -0.90956149    0.39990394    0.90956149    0.11302542
    0.90651189    0.18524273    0.37936964    0.18524273    0.63294937   -0.75170488   -0.37936964    0.75170488    0.53946126
    0.52086935    0.25735217    0.81391952    0.25735217    0.86177019   -0.43717502   -0.81391952    0.43717502    0.38263954
    0.69483895    0.14737157   -0.70390373    0.14737157    0.92882978    0.33993655    0.70390373   -0.33993655    0.62366873
    0.62791707   -0.45299914    0.63286012   -0.45299914    0.44848794    0.77048708   -0.63286012   -0.77048708    0.07640501
    0.84077627   -0.05621617    0.53845613   -0.05621617    0.98015209    0.19010948   -0.53845613   -0.19010948    0.82092837
    0.97726514   -0.12281407   -0.17282809   -0.12281407    0.33655643   -0.93362009    0.17282809    0.93362009    0.31382157
    0.98773423    0.00403457    0.15609232    0.00403457    0.99867291   -0.05134334   -0.15609232    0.05134334    0.98640714
    0.98614988   -0.00753889   -0.16568517   -0.00753889    0.99589644   -0.09018567    0.16568517    0.09018567    0.98204632
    0.28448757   -0.01363302   -0.95858279   -0.01363302    0.99974024   -0.01826436    0.95858279    0.01826436    0.28422781
    0.69187878   -0.01023962    0.72194106   -0.01023962    0.99965971    0.02399187   -0.72194106   -0.02399187    0.69153849
    0.54681036   -0.28258198   -0.78812807   -0.28258198    0.82379876   -0.49142958    0.78812807    0.49142958    0.37060912
    0.22720110   -0.27309289   -0.93477266   -0.27309289    0.90349400   -0.33033144    0.93477266    0.33033144    0.13069510
    0.99559314    0.05994259    0.07211920    0.05994259    0.18465383   -0.98097393   -0.07211920    0.98097393    0.18024697
    0.99364039   -0.02661308    0.10940986   -0.02661308    0.88863217    0.45784781   -0.10940986   -0.45784781    0.88227256
    0.01529002   -0.07416516    0.99712875   -0.07416516    0.99441412    0.07510050   -0.99712875   -0.07510050    0.00970415
    0.73042282    0.33310994    0.59625521    0.33310994    0.58838418   -0.73677800   -0.59625521    0.73677800    0.31880700
    0.75464812    0.42863347    0.49676913    0.42863347    0.25117082   -0.86786322   -0.49676913    0.86786322    0.00581894
    0.36501288    0.36650221   -0.85582809    0.36650221    0.78846205    0.49396733    0.85582809   -0.49396733    0.15347493
    0.69689858   -0.08139657   -0.71253559   -0.08139657    0.97814131   -0.19134833    0.71253559    0.19134833    0.67503989
    0.80289524    0.28824038   -0.52180141    0.28824038    0.57848549    0.76306751    0.52180141   -0.76306751    0.38138073
    0.60624313    0.42659906   -0.67117994    0.42659906    0.53781947    0.72716123    0.67117994   -0.72716123    0.14406260
    0.88635449    0.12193193    0.44666355    0.12193193    0.86917746   -0.47923183   -0.44666355    0.47923183    0.75553194
    0.99242105   -0.05456704   -0.11010405   -0.05456704    0.60712745   -0.79272864    0.11010405    0.79272864    0.59954850
    0.97616804    0.07607709    0.20324429    0.07607709    0.75714451   -0.64880234   -0.20324429    0.64880234    0.73331254
    0.41755547   -0.43309318   -0.79879768   -0.43309318    0.67796126   -0.59396871    0.79879768    0.59396871    0.09551673
    0.93319567    0.20660334   -0.29404236    0.20660334    0.36104534    0.90937414    0.29404236   -0.90937414    0.29424100
    0.76940211   -0.23506393   -0.59394052   -0.23506393    0.76038353   -0.60544350    0.59394052    0.60544350    0.52978564
    0.99927255   -0.02291864    0.03048115   -0.02291864    0.27793484    0.96032649   -0.03048115   -0.96032649    0.27720739
    0.99003225    0.07255010    0.12071712    0.07255010    0.47194520   -0.87863770   -0.12071712    0.87863770    0.46197745
    0.86544552    0.16867626   -0.47175456    0.16867626    0.78854899    0.59138720    0.47175456   -0.59138720    0.65399451
    0.99265838    0.04191523   -0.11345685    0.04191523    0.76069505    0.64775471    0.11345685   -0.64775471    0.75335343
    0.87587488    0.09391721   -0.47331042    0.09391721    0.92893911    0.35812246    0.47331042   -0.35812246    0.80481399
    0.91130308   -0.10414382    0.39834753   -0.10414382    0.87771914    0.46772125   -0.39834753   -0.46772125    0.78902222
    0.89386511   -0.21815897   -0.39167821   -0.21815897    0.55157690   -0.80508980    0.39167821    0.80508980    0.44544201
    0.99987384    0.00265865    0.01565998    0.00265865    0.94397237   -0.33001378   -0.01565998    0.33001378    0.94384621
    0.97819262    0.04563081   -0.20262535    0.04563081    0.90451990    0.42398299    0.20262535   -0.42398299    0.88271252
    0.48564208    0.43085038    0.76060484    0.43085038    0.63909947   -0.63711837   -0.76060484    0.63711837    0.12474155
    0.52133189    0.09696428    0.84782721    0.09696428    0.98035785   -0.17174520   -0.84782721    0.17174520    0.50168974
    0.95076208    0.13877724   -0.27711432    0.13877724    0.60885588    0.78104763    0.27711432   -0.78104763    0.55961796
    0.88190264    0.02457857    0.47079042    0.02457857    0.99488468   -0.09798148   -0.47079042    0.09798148    0.87678732
    0.70344491   -0.36875384   -0.60760667   -0.36875384    0.54147003   -0.75553346    0.60760667    0.75553346    0.24491494
    0.97779197   -0.07862479    0.19427046   -0.07862479    0.72163868    0.68779049   -0.19427046   -0.68779049    0.69943065
    0.94102627   -0.17060250    0.29217176   -0.17060250    0.50647153    0.84521084   -0.29217176   -0.84521084    0.44749781
    0.74997513    0.10492933    0.65309045    0.10492933    0.95596372   -0.27408611   -0.65309045    0.27408611    0.70593886
    0.87374275   -0.29174114    0.38917954   -0.29174114    0.32587718    0.89927258   -0.38917954   -0.89927258    0.19961993
    0.82316466   -0.13199272   -0.55224801   -0.13199272    0.90147852   -0.41220674    0.55224801    0.41220674    0.72464318
    0.97760202   -0.14588585    0.15169578   -0.14588585    0.04979463    0.98804748   -0.15169578   -0.98804748    0.02739665
    0.37722023   -0.36692171    0.85033720   -0.36692171    0.78382159    0.50099120   -0.85033720   -0.50099120    0.16104182
    0.95847904   -0.02928652    0.28365513   -0.02928652    0.97934296    0.20007413   -0.28365513   -0.20007413    0.93782200
    0.43461731    0.18528207   -0.88135030    0.18528207    0.93928104    0.28882810    0.88135030   -0.28882810    0.37389836
    0.55689432    0.03156559   -0.82998333    0.03156559    0.99775136    0.05912565    0.82998333   -0.05912565    0.55464568
    0.85228618   -0.20089901    0.48295740   -0.20089901    0.72676616    0.65684895   -0.48295740   -0.65684895    0.57905234
    0.70652186   -0.32521491    0.62853968   -0.32521491    0.63961630    0.69651005   -0.62853968   -0.69651005    0.34613816
    0.89929774    0.25412227    0.35592899    0.25412227    0.35872214   -0.89818723   -0.35592899    0.89818723    0.25801988
    0.74872120    0.22220692    0.62453234    0.22220692    0.80350146   -0.55227664   -0.62453234    0.55227664    0.55222266
    0.63772380    0.27896910   -0.71797256    0.27896910    0.78518114    0.55287142    0.71797256   -0.55287142    0.42290495
