# Rotation matrices: 42 entries, row-major flattening of 3x3 -> 1x9
# https://github.com/Neurophysics-CFIN/GFO
# Col:  1    2    3    4    5    6    7    8    9
#       R11  R12  R13  R21  R22  R23  R31  R32  R33
# where Rij = R(i,j), i = row index, j = column index

    0.91013006    0.01491588    0.41405409    0.01491588    0.99752439   -0.06872130   -0.41405409    0.06872130    0.90765445
    0.95535962    0.03016823   -0.29390113    0.03016823    0.97961213    0.19862012    0.29390113   -0.19862012    0.93497175
    0.99977318   -0.00521649    0.02064903   -0.00521649    0.88003088    0.47488781   -0.02064903   -0.47488781    0.87980406
    0.85374251    0.11763633    0.50723310    0.11763633    0.90538395   -0.40797255   -0.50723310    0.40797255    0.75912646
    0.81149466   -0.00514343   -0.58433720   -0.00514343    0.99985966   -0.01594383    0.58433720    0.01594383    0.81135432
    0.91669800   -0.07319897    0.39281891   -0.07319897    0.93567874    0.34517706   -0.39281891   -0.34517706    0.85237674
    0.90850992   -0.20147099   -0.36608629   -0.20147099    0.55633923   -0.80616134    0.36608629    0.80616134    0.46484914
    0.89710194    0.20643639   -0.39063042    0.20643639    0.58584268    0.78369150    0.39063042   -0.78369150    0.48294462
    0.60124195    0.12210049    0.78968322    0.12210049    0.96261259   -0.24180254   -0.78968322    0.24180254    0.56385454
    0.62167544   -0.12105684   -0.77386361   -0.12105684    0.96126406   -0.24762199    0.77386361    0.24762199    0.58293950
    0.91980208   -0.14981247    0.36265736   -0.14981247    0.72014516    0.67745640   -0.36265736   -0.67745640    0.63994723
    0.99997671    0.00356404    0.00582023    0.00356404    0.45457553   -0.89070106   -0.00582023    0.89070106    0.45455224
    0.63808377    0.31323314   -0.70337338    0.31323314    0.72890136    0.60875924    0.70337338   -0.60875924    0.36698512
    0.01724150   -0.02290526   -0.99958896   -0.02290526    0.99946614   -0.02329753    0.99958896    0.02329753    0.01670764
    0.56167464   -0.46383808   -0.68511009   -0.46383808    0.50916424   -0.72498691    0.68511009    0.72498691    0.07083887
    0.99310999    0.07004637   -0.09394705    0.07004637    0.28788263    0.95510057    0.09394705   -0.95510057    0.28099263
    0.47885126    0.47306561    0.73953391    0.47306561    0.57058119   -0.67130175   -0.73953391    0.67130175    0.04943245
    0.30748896   -0.26015735   -0.91529705   -0.26015735    0.90226604   -0.34385192    0.91529705    0.34385192    0.20975500
    0.71074482   -0.34289975    0.61421621   -0.34289975    0.59350688    0.72812728   -0.61421621   -0.72812728    0.30425170
    0.99829047    0.03942408    0.04314939    0.03942408    0.09082468   -0.99508624   -0.04314939    0.99508624    0.08911516
    0.69758689    0.28341362    0.65806478    0.28341362    0.73439221   -0.61672102   -0.65806478    0.61672102    0.43197910
    0.28309825    0.28093431   -0.91702306    0.28093431    0.88990948    0.35935642    0.91702306   -0.35935642    0.17300773
    0.32579460   -0.33314199    0.88480184   -0.33314199    0.83538609    0.43720304   -0.88480184   -0.43720304    0.16118069
    0.88816816   -0.29904104   -0.34890081   -0.29904104    0.20035705   -0.93296919    0.34890081    0.93296919    0.08852521
    0.81081739    0.36883044   -0.45446591    0.36883044    0.28092811    0.88602681    0.45446591   -0.88602681    0.09174550
    0.29759534    0.24746806    0.92206105    0.24746806    0.91281317   -0.32485641   -0.92206105    0.32485641    0.21040851
    0.67770554   -0.28526003   -0.67774768   -0.28526003    0.74751882   -0.59986859    0.67774768    0.59986859    0.42522436
    0.93998642   -0.19585263    0.27940521   -0.19585263    0.36084039    0.91183110   -0.27940521   -0.91183110    0.30082682
    0.87952814    0.26716000    0.39377124    0.26716000    0.40754243   -0.87323233   -0.39377124    0.87323233    0.28707056
    0.42245367    0.04241812   -0.90539141    0.04241812    0.99688458    0.06649683    0.90539141   -0.06649683    0.41933825
    0.37122739   -0.06794861    0.92605249   -0.06794861    0.99265710    0.10007430   -0.92605249   -0.10007430    0.36388449
    0.87465563   -0.12323390   -0.46881866   -0.12323390    0.87884104   -0.46092497    0.46881866    0.46092497    0.75349667
    0.99994204    0.00458572   -0.00974076    0.00458572    0.63716646    0.77071258    0.00974076   -0.77071258    0.63710850
    0.95387054    0.11733729    0.27633849    0.11733729    0.70153482   -0.70290886   -0.27633849    0.70290886    0.65540535
    0.70262421    0.13704927   -0.69823829    0.13704927    0.93683917    0.32179166    0.69823829   -0.32179166    0.63946338
    0.67662754   -0.20418986    0.70744730   -0.20418986    0.87106664    0.44670954   -0.70744730   -0.44670954    0.54769417
    0.99106442   -0.04506134   -0.12554197   -0.04506134    0.77275962   -0.63309718    0.12554197    0.63309718    0.76382404
    0.91743560    0.11415540   -0.38115674    0.11415540    0.84216617    0.52699591    0.38115674   -0.52699591    0.75960177
    0.71712624   -0.03879958    0.69586245   -0.03879958    0.99467816    0.09544602   -0.69586245   -0.09544602    0.71180441
    0.97045808   -0.02713764   -0.23973874   -0.02713764    0.97507096   -0.22022754    0.23973874    0.22022754    0.94552904
    0.99794650   -0.00226180    0.06401304   -0.00226180    0.99750877    0.07050636   -0.06401304   -0.07050636    0.99545526
    0.99186392    0.02410799    0.12499911    0.02410799    0.92856575   -0.37038419   -0.12499911    0.37038419    0.92042967
