# Rotation matrices: 46 entries, row-major flattening of 3x3 -> 1x9
# https://github.com/Neurophysics-CFIN/GFO
# Col:  1    2    3    4    5    6    7    8    9
#       R11  R12  R13  R21  R22  R23  R31  R32  R33
# where Rij = R(i,j), i = row index, j = column index

    0.99992832    0.00573701    0.01050942    0.00573701    0.54085061   -0.84109911   -0.01050942    0.84109911    0.54077892
    0.27337823    0.01892981    0.96172034    0.01892981    0.99950684   -0.02505455   -0.96172034    0.02505455    0.27288508
    0.96744316   -0.16803768    0.18925398   -0.16803768    0.13269646    0.97680857   -0.18925398   -0.97680857    0.10013963
   -0.02308412   -0.33636765   -0.94144778   -0.33636765    0.88940969   -0.30952741    0.94144778    0.30952741   -0.13367444
    0.72426864   -0.16849636   -0.66861343   -0.16849636    0.89703375   -0.40858221    0.66861343    0.40858221    0.62130239
    0.54466869    0.40789512   -0.73277390    0.40789512    0.63459919    0.65643388    0.73277390   -0.65643388    0.17926788
    0.99176124    0.08003336    0.10002153    0.08003336    0.22253612   -0.97163385   -0.10002153    0.97163385    0.21429736
    0.86975710    0.25335184   -0.42348014    0.25335184    0.50717348    0.82376447    0.42348014   -0.82376447    0.37693058
    0.97281230    0.14986950   -0.17656544    0.14986950    0.17385914    0.97329961    0.17656544   -0.97329961    0.14667144
    0.22661261   -0.65905710   -0.71714048   -0.65905710    0.43837168   -0.61112520    0.71714048    0.61112520   -0.33501571
    0.28649090   -0.91004033   -0.29958233   -0.91004033   -0.16070473   -0.38210024    0.29958233    0.38210024   -0.87421384
    0.06208975    0.79241877   -0.60680916    0.79241877    0.33050363    0.51267908    0.60680916   -0.51267908   -0.60740662
    0.68895386    0.09964040   -0.71792365    0.09964040    0.96808124    0.22997938    0.71792365   -0.22997938    0.65703510
    0.78040933    0.40254763    0.47845238    0.40254763    0.26206066   -0.87708587   -0.47845238    0.87708587    0.04246999
    0.62368414   -0.68144375    0.38295235   -0.68144375   -0.23397826    0.69346131   -0.38295235   -0.69346131   -0.61029412
    0.88951277    0.22481137    0.39777742    0.22481137    0.54257018   -0.80936855   -0.39777742    0.80936855    0.43208295
    0.91790629   -0.36625069   -0.15267114   -0.36625069   -0.63398105   -0.68112294    0.15267114    0.68112294   -0.71607476
    0.90569541    0.07385421   -0.41744625    0.07385421    0.94216140    0.32692117    0.41744625   -0.32692117    0.84785682
    0.89160322    0.05820727    0.44906082    0.05820727    0.96874366   -0.24113820   -0.44906082    0.24113820    0.86034688
    0.96341368    0.09732634   -0.24972318    0.09732634    0.74109405    0.66430956    0.24972318   -0.66430956    0.70450773
    0.88038422   -0.37323883    0.29260279   -0.37323883   -0.16462250    0.91301271   -0.29260279   -0.91301271   -0.28423828
    0.35310524   -0.49519479    0.79378763   -0.49519479    0.62093079    0.60764057   -0.79378763   -0.60764057   -0.02596397
    0.93321086   -0.06695312   -0.35303650   -0.06695312    0.93288249   -0.35390329    0.35303650    0.35390329    0.86609335
    0.11858277    0.34540083   -0.93093308    0.34540083    0.86464783    0.36480460    0.93093308   -0.36480460   -0.01676940
    0.41625442    0.21070166   -0.88449820    0.21070166    0.92394771    0.31925765    0.88449820   -0.31925765    0.34020212
    0.73598186   -0.42854704    0.52409745   -0.42854704    0.30439414    0.85070068   -0.52409745   -0.85070068    0.04037599
    0.99990763    0.00702900   -0.01163277    0.00702900    0.46511048    0.88522474    0.01163277   -0.88522474    0.46501811
    0.12809164   -0.00587300   -0.99174495   -0.00587300    0.99996044   -0.00668019    0.99174495    0.00668019    0.12805208
    0.58607466    0.38741896    0.71163407    0.38741896    0.63739005   -0.66606342   -0.71163407    0.66606342    0.22346471
    0.38813873   -0.25033146   -0.88695123   -0.25033146    0.89758162   -0.36287932    0.88695123    0.36287932    0.28572035
    0.97763942    0.00067539   -0.21028722    0.00067539    0.99997960    0.00635160    0.21028722   -0.00635160    0.97761902
    0.81998967   -0.04421965    0.57066765   -0.04421965    0.98913741    0.14018487   -0.57066765   -0.14018487    0.80912708
   -0.16723206    0.49519197   -0.85253642    0.49519197    0.78991745    0.36168403    0.85253642   -0.36168403   -0.37731461
   -0.87593931   -0.44248608   -0.19218845   -0.44248608    0.89562886   -0.04533234    0.19218845    0.04533234   -0.98031045
    0.94296801    0.32622542    0.06624426    0.32622542   -0.86602344   -0.37892001   -0.06624426    0.37892001   -0.92305543
    0.95389365    0.09618827    0.28431448    0.09618827    0.79932955   -0.59314424   -0.28431448    0.59314424    0.75322320
    0.39821388   -0.66802004    0.62862941   -0.66802004    0.25845620    0.69781776   -0.62862941   -0.69781776   -0.34332992
    0.64600916    0.05418521    0.76140405    0.05418521    0.99170590   -0.11654775   -0.76140405    0.11654775    0.63771505
    0.89593430   -0.22304581    0.38412537   -0.22304581    0.52194206    0.82330252   -0.38412537   -0.82330252    0.41787636
    0.92079826    0.38540902   -0.05992035    0.38540902   -0.87546531    0.29158253    0.05992035   -0.29158253   -0.95466705
    0.99628407   -0.02702908   -0.08177704   -0.02702908    0.80339489   -0.59483282    0.08177704    0.59483282    0.79967895
    0.56002327   -0.14207823    0.81620323   -0.14207823    0.95411980    0.26357009   -0.81620323   -0.26357009    0.51414307
    0.76010577    0.22294030   -0.61035796    0.22294030    0.79281546    0.56722242    0.61035796   -0.56722242    0.55292123
    0.50713833   -0.04225107   -0.86082841   -0.04225107    0.99637798   -0.07379540    0.86082841    0.07379540    0.50351632
    0.81844408   -0.17710404    0.54661088   -0.17710404    0.82723868    0.53320758   -0.54661088   -0.53320758    0.64568276
   -0.79084000   -0.21628380    0.57253246   -0.21628380    0.97387892    0.06914604   -0.57253246   -0.06914604   -0.81696108
