# Rotation matrices: 51 entries, row-major flattening of 3x3 -> 1x9
# https://github.com/Neurophysics-CFIN/GFO
# Col:  1    2    3    4    5    6    7    8    9
#       R11  R12  R13  R21  R22  R23  R31  R32  R33
# where Rij = R(i,j), i = row index, j = column index

    0.94913933   -0.05633135    0.30977624   -0.05633135    0.93760954    0.34309638   -0.30977624   -0.34309638    0.88674887
    0.99891563   -0.01132150   -0.04515952   -0.01132150    0.88179609   -0.47149495    0.04515952    0.47149495    0.88071172
    0.99894617    0.01053383   -0.04467205    0.01053383    0.89470656    0.44653018    0.04467205   -0.44653018    0.89365273
    0.96979806    0.08571784    0.22835099    0.08571784    0.75671935   -0.64809589   -0.22835099    0.64809589    0.72651741
    0.79045589    0.08175146   -0.60703886    0.08175146    0.96810551    0.23682992    0.60703886   -0.23682992    0.75856141
    0.76283943   -0.07159381    0.64261211   -0.07159381    0.97838733    0.19399113   -0.64261211   -0.19399113    0.74122676
    0.99989370    0.00758123    0.01245424    0.00758123    0.45929824   -0.88824977   -0.01245424    0.88824977    0.45919194
    0.97449621    0.08567224   -0.20740636    0.08567224    0.71221008    0.69671879    0.20740636   -0.69671879    0.68670629
    0.36895369    0.30583007    0.87769080    0.30583007    0.85178262   -0.42536378   -0.87769080    0.42536378    0.22073630
    0.65005993   -0.03425874   -0.75911028   -0.03425874    0.99664611   -0.07431604    0.75911028    0.07431604    0.64670604
    0.83746660   -0.16385787    0.52134470   -0.16385787    0.83480687    0.52559308   -0.52134470   -0.52559308    0.67227347
    0.89913815    0.20807110    0.38504156    0.20807110    0.57076354   -0.79431442   -0.38504156    0.79431442    0.46990169
    0.30327310   -0.04992182   -0.95159510   -0.04992182    0.99642301   -0.06818362    0.95159510    0.06818362    0.29969610
    0.41084981   -0.36340649    0.83614482   -0.36340649    0.77583937    0.51576060   -0.83614482   -0.51576060    0.18668918
    0.98268366   -0.07287815   -0.17035725   -0.07287815    0.69328244   -0.71697157    0.17035725    0.71697157    0.67596610
    0.99358693    0.05935507   -0.09623919    0.05935507    0.45064904    0.89072578    0.09623919   -0.89072578    0.44423598
    0.66822066    0.27893026    0.68969491    0.27893026    0.76550051   -0.57983350   -0.68969491    0.57983350    0.43372117
    0.02949163    0.10447158    0.99409050    0.10447158    0.98875403   -0.10701011   -0.99409050    0.10701011    0.01824565
    0.58668353   -0.49205420    0.64318357   -0.49205420    0.41420836    0.76571150   -0.64318357   -0.76571150    0.00089189
    0.96902183   -0.15911499   -0.18888914   -0.15911499    0.18272826   -0.97020245    0.18888914    0.97020245    0.15175010
    0.47840415    0.47345805   -0.73957213    0.47345805    0.57023714    0.67131742    0.73957213   -0.67131742    0.04864129
    0.53207790   -0.14745542    0.83375656   -0.14745542    0.95353265    0.26274015   -0.83375656   -0.26274015    0.48561055
    0.60278718   -0.35095286   -0.71657498   -0.35095286    0.68991960   -0.63312166    0.71657498    0.63312166    0.29270678
    0.99898803   -0.02924912    0.03416734   -0.02924912    0.15460903    0.98754268   -0.03416734   -0.98754268    0.15359706
    0.74353296    0.38239862    0.54857090    0.38239862    0.42983433   -0.81793260   -0.54857090    0.81793260    0.17336729
    0.63390242    0.28482256   -0.71905760    0.28482256    0.77840911    0.55942414    0.71905760   -0.55942414    0.41231153
    0.26987656   -0.30319816   -0.91391330   -0.30319816    0.87409098   -0.37952053    0.91391330    0.37952053    0.14396754
    0.94274382   -0.16568724    0.28945091   -0.16568724    0.52053628    0.83760953   -0.28945091   -0.83760953    0.46328010
    0.96934220    0.15671047    0.18925520    0.15671047    0.19895846   -0.96739721   -0.18925520    0.96739721    0.16830066
    0.86334732    0.14975176   -0.48187739    0.14975176    0.83589353    0.52806857    0.48187739   -0.52806857    0.69924085
    0.18743212   -0.16180538    0.96885924   -0.16180538    0.96777995    0.19292743   -0.96885924   -0.19292743    0.15521207
    0.86269037   -0.31134174    0.39853689   -0.31134174    0.29405041    0.90365960   -0.39853689   -0.90365960    0.15674078
    0.88243941    0.29842258   -0.36365458    0.29842258    0.24246690    0.92312175    0.36365458   -0.92312175    0.12490631
    0.27714074    0.29767201   -0.91355590    0.29767201    0.87741925    0.37620051    0.91355590   -0.37620051    0.15456000
    0.61567564   -0.18703651   -0.76548080   -0.18703651    0.90897622   -0.37253130    0.76548080    0.37253130    0.52465186
    0.71471974   -0.30134694    0.63116220   -0.30134694    0.68168153    0.66670857   -0.63116220   -0.66670857    0.39640127
    0.87278421   -0.25807203   -0.41430249   -0.25807203    0.47647089   -0.84046078    0.41430249    0.84046078    0.34925510
    0.83656390    0.26848259   -0.47757507    0.26848259    0.55895363    0.78453040    0.47757507   -0.78453040    0.39551752
    0.39975187    0.06985387    0.91395781    0.06985387    0.99187076   -0.10636183   -0.91395781    0.10636183    0.39162263
    0.83788292   -0.19530423   -0.50971410   -0.19530423    0.76471484   -0.61405820    0.50971410    0.61405820    0.60259776
    0.98340841   -0.06577825    0.16905950   -0.06577825    0.73921858    0.67024556   -0.16905950   -0.67024556    0.72262699
    0.83128434    0.14196299    0.53741312    0.14196299    0.88054760   -0.45219734   -0.53741312    0.45219734    0.71183194
    0.51215620    0.13440824   -0.84831035    0.13440824    0.96296852    0.23372216    0.84831035   -0.23372216    0.47512473
    0.88216274    0.01138520    0.47080706    0.01138520    0.99889998   -0.04548844   -0.47080706    0.04548844    0.88106272
    0.91231047   -0.08700674   -0.40014927   -0.08700674    0.91367073   -0.39703353    0.40014927    0.39703353    0.82598120
    0.96138267    0.03002676   -0.27357222    0.03002676    0.97665281    0.21271502    0.27357222   -0.21271502    0.93803548
    0.66818218    0.08117983    0.73955555    0.08117983    0.98013921   -0.18093360   -0.73955555    0.18093360    0.64832139
    0.87603463   -0.02124577   -0.48177997   -0.02124577    0.99635880   -0.08256973    0.48177997    0.08256973    0.87239343
    0.99235488   -0.00485465    0.12332164   -0.00485465    0.99691730    0.07830922   -0.12332164   -0.07830922    0.98927218
    0.96244355    0.04179130    0.26824598    0.04179130    0.95349633   -0.29849328   -0.26824598    0.29849328    0.91593988
    0.99177612   -0.00954032   -0.12762883   -0.00954032    0.98893252   -0.14805895    0.12762883    0.14805895    0.98070864
