# Rotation matrices: 65 entries, row-major flattening of 3x3 -> 1x9
# https://github.com/Neurophysics-CFIN/GFO
# Col:  1    2    3    4    5    6    7    8    9
#       R11  R12  R13  R21  R22  R23  R31  R32  R33
# where Rij = R(i,j), i = row index, j = column index

   -0.96344221    0.09706848    0.24971347    0.09706848    0.99520114   -0.01234531   -0.24971347    0.01234531   -0.96824107
   -0.92681243    0.06212257   -0.37035051    0.06212257    0.99799710    0.01194051    0.37035051   -0.01194051   -0.92881533
    0.81286617    0.44277267   -0.37841902    0.44277267   -0.04763332    0.89536776    0.37841902   -0.89536776   -0.23476715
    0.99995944    0.00795359    0.00422711    0.00795359   -0.55946832   -0.82881357   -0.00422711    0.82881357   -0.55950889
    0.64540186    0.53044277    0.54962433    0.53044277    0.20651154   -0.82218213   -0.54962433    0.82218213   -0.14808660
    0.59611477   -0.57773532    0.55755635   -0.57773532    0.17358182    0.79755329   -0.55755635   -0.79755329   -0.23030341
    0.92351414   -0.10983465    0.36750236   -0.10983465    0.84227608    0.52773796   -0.36750236   -0.52773796    0.76579022
   -0.15527280   -0.74795810    0.64532862   -0.74795810    0.51574959    0.41780502   -0.64532862   -0.41780502   -0.63952321
    0.80867635    0.54533108   -0.22058235    0.54533108   -0.55436084    0.62872735    0.22058235   -0.62872735   -0.74568449
    0.60584391    0.16706687    0.77784434    0.16706687    0.92918709   -0.32969684   -0.77784434    0.32969684    0.53503100
   -0.51328618   -0.30266807    0.80307493   -0.30266807    0.93946422    0.16062073   -0.80307493   -0.16062073   -0.57382196
    0.95288651   -0.12983165    0.27413689   -0.12983165    0.64222012    0.75544494   -0.27413689   -0.75544494    0.59510664
    0.99769543   -0.00003092    0.06785149   -0.00003092    0.99999959    0.00091032   -0.06785149   -0.00091032    0.99769502
    0.69114992   -0.01122081    0.72262430   -0.01122081    0.99959234    0.02625361   -0.72262430   -0.02625361    0.69074226
    0.58924963   -0.54842914   -0.59330460   -0.54842914    0.26774377   -0.79217344    0.59330460    0.79217344   -0.14300660
    0.82651115   -0.04089187   -0.56143314   -0.04089187    0.99036166   -0.13233156    0.56143314    0.13233156    0.81687281
   -0.03823160   -0.76874349   -0.63841350   -0.76874349    0.43079507   -0.47270399    0.63841350    0.47270399   -0.60743653
    0.93089772   -0.20942242    0.29928529   -0.20942242    0.36532122    0.90701855   -0.29928529   -0.90701855    0.29621894
   -0.16539433   -0.29435861   -0.94127452   -0.29435861    0.92565007   -0.23774979    0.94127452    0.23774979   -0.23974427
    0.80734127    0.06951476    0.58597591    0.06951476    0.97491782   -0.21143072   -0.58597591    0.21143072    0.78225909
    0.95542839   -0.04230315   -0.29217636   -0.04230315    0.95984985   -0.27730616    0.29217636    0.27730616    0.91527824
    0.67956360    0.05568897   -0.73149987    0.05568897    0.99032176    0.12712810    0.73149987   -0.12712810    0.66988535
    0.98362466   -0.07722871   -0.16284428   -0.07722871    0.63577718   -0.76799941    0.16284428    0.76799941    0.61940184
    0.53335410   -0.70156738    0.47258504   -0.70156738   -0.05475433    0.71049643   -0.47258504   -0.71049643   -0.52140024
    0.51667161   -0.33084412    0.78967881   -0.33084412    0.77353320    0.54054468   -0.78967881   -0.54054468    0.29020481
    0.33587544   -0.91705756   -0.21492587   -0.91705756   -0.26632052   -0.29678076    0.21492587    0.29678076   -0.93044508
    0.32558511    0.47289264    0.81875936    0.47289264    0.66841265   -0.57410547   -0.81875936    0.57410547   -0.00600224
    0.99920839   -0.01199369    0.03793069   -0.01199369    0.81828258    0.57469102   -0.03793069   -0.57469102    0.81749098
    0.97866561    0.20312303   -0.03089745    0.20312303   -0.93391849    0.29417222    0.03089745   -0.29417222   -0.95525287
    0.58158276    0.34199639   -0.73810566    0.34199639    0.72046675    0.60329605    0.73810566   -0.60329605    0.30204951
    0.87715301    0.21421095    0.42978631    0.21421095    0.62647574   -0.74942765   -0.42978631    0.74942765    0.50362875
    0.85957904   -0.35263792    0.36982479   -0.35263792    0.11442351    0.92873772   -0.36982479   -0.92873772   -0.02599745
    0.19353992    0.68407441   -0.70326702    0.68407441    0.41973842    0.59654158    0.70326702   -0.59654158   -0.38672166
    0.20291259    0.25252588   -0.94607461    0.25252588    0.91999708    0.29972663    0.94607461   -0.29972663    0.12290967
    0.92714233    0.26638405    0.26352730    0.26638405    0.02603993   -0.96351516   -0.26352730    0.96351516   -0.04681774
    0.16578170   -0.34758927   -0.92287492   -0.34758927    0.85517184   -0.38452935    0.92287492    0.38452935    0.02095354
    0.94113715    0.08425140   -0.32735693    0.08425140    0.87940953    0.46855158    0.32735693   -0.46855158    0.82054668
    0.99366506   -0.07959112    0.07934111   -0.07959112    0.00003139    0.99682759   -0.07934111   -0.99682759   -0.00630355
    0.97212777   -0.22391092    0.06950904   -0.22391092   -0.79878299    0.55839917   -0.06950904   -0.55839917   -0.82665522
    0.47665255   -0.69402185   -0.53957022   -0.69402185    0.07964332   -0.71553520    0.53957022    0.71553520   -0.44370414
    0.80404622    0.53676267    0.25572546    0.53676267   -0.47031695   -0.70049111   -0.25572546    0.70049111   -0.66627073
    0.77419885    0.15927304   -0.61257508    0.15927304    0.88765379    0.43209124    0.61257508   -0.43209124    0.66185265
    0.42841967    0.04379307    0.90251801    0.04379307    0.99664468   -0.06914869   -0.90251801    0.06914869    0.42506435
    0.83188872    0.16157414    0.53090013    0.16157414    0.84470879   -0.51025568   -0.53090013    0.51025568    0.67659751
   -0.21504875    0.51875189    0.82743611    0.51875189    0.77852450   -0.35326488   -0.82743611    0.35326488   -0.43652425
   -0.36196688    0.10597852    0.92614714    0.10597852    0.99175351   -0.07206615   -0.92614714    0.07206615   -0.37021337
    0.10896660   -0.06753569   -0.99174856   -0.06753569    0.99488115   -0.07516937    0.99174856    0.07516937    0.10384775
    0.95632055   -0.16338180   -0.24239925   -0.16338180    0.38887485   -0.90668779    0.24239925    0.90668779    0.34519539
    0.99444532    0.01608988   -0.10401737    0.01608988    0.95339346    0.30130054    0.10401737   -0.30130054    0.94783879
    0.91550546   -0.11326703   -0.38603152   -0.11326703    0.84816275   -0.51748482    0.38603152    0.51748482    0.76366820
   -0.04040692    0.43606878   -0.89900573    0.43606878    0.81722922    0.37680289    0.89900573   -0.37680289   -0.22317770
   -0.50048877   -0.68333747   -0.53156457   -0.68333747    0.68880133   -0.24207978    0.53156457    0.24207978   -0.81168743
    0.94652570    0.05853369    0.31727419    0.05853369    0.93592823   -0.34729261   -0.31727419    0.34729261    0.88245393
    0.96991168    0.21235314   -0.11906921    0.21235314   -0.49871630    0.84035005    0.11906921   -0.84035005   -0.52880461
   -0.58091229    0.66343563    0.47158677    0.66343563    0.72158681   -0.19790311   -0.47158677    0.19790311   -0.85932548
    0.81515760    0.24055714   -0.52692538    0.24055714    0.68693473    0.68574991    0.52692538   -0.68574991    0.50209233
    0.36970859   -0.51623658    0.77253825   -0.51623658    0.57717938    0.63274304   -0.77253825   -0.63274304   -0.05311204
    0.60108618   -0.30274360   -0.73962269   -0.30274360    0.77024189   -0.56131431    0.73962269    0.56131431    0.37132806
    0.99945036    0.02655592    0.01984352    0.02655592   -0.28304702   -0.95873832   -0.01984352    0.95873832   -0.28359667
    0.53288583    0.56151823   -0.63303236    0.56151823    0.32499859    0.76096859    0.63303236   -0.76096859   -0.14211558
    0.99588197    0.05499753    0.07207203    0.05499753    0.26549191   -0.96254315   -0.07207203    0.96254315    0.26137388
   -0.38517641   -0.42547601   -0.81890738   -0.42547601    0.86930918   -0.25153868    0.81890738    0.25153868   -0.51586723
    0.39101144   -0.20141464   -0.89807695   -0.20141464    0.93338486   -0.29702667    0.89807695    0.29702667    0.32439630
    0.84248761    0.43701778    0.31500807    0.43701778   -0.21250488   -0.87398921   -0.31500807    0.87398921   -0.37001727
    0.14281485    0.07568238    0.98685161    0.07568238    0.99331787   -0.08713086   -0.98685161    0.08713086    0.13613272
