# Rotation matrices: 35 entries, row-major flattening of 3x3 -> 1x9
# https://github.com/Neurophysics-CFIN/GFO
# Col:  1    2    3    4    5    6    7    8    9
#       R11  R12  R13  R21  R22  R23  R31  R32  R33
# where Rij = R(i,j), i = row index, j = column index

    0.99912920    0.00683864   -0.04115911    0.00683864    0.94629414    0.32323463    0.04115911   -0.32323463    0.94542334
    0.99989846   -0.00317398   -0.01389197   -0.00317398    0.90078209   -0.43425978    0.01389197    0.43425978    0.90068055
    0.90572672   -0.07202875    0.41769723   -0.07202875    0.94496700    0.31913825   -0.41769723   -0.31913825    0.85069372
    0.60995191    0.37051401    0.70048415    0.37051401    0.64804179   -0.66540305   -0.70048415    0.66540305    0.25799370
    0.71897869   -0.03681776   -0.69405627   -0.03681776    0.99517635   -0.09093117    0.69405627    0.09093117    0.71415504
    0.96428321   -0.09812439    0.24602741   -0.09812439    0.73042380    0.67590878   -0.24602741   -0.67590878    0.69470701
    0.99765268   -0.02883694   -0.06210921   -0.02883694    0.64573627   -0.76301579    0.06210921    0.76301579    0.64338896
    0.80782070    0.24579294   -0.53573459    0.24579294    0.68563643    0.68519232    0.53573459   -0.68519232    0.49345713
    0.89684654    0.06471130    0.43758284    0.06471130    0.95940464   -0.27450900   -0.43758284    0.27450900    0.85625117
    0.38190843   -0.07604583   -0.92106622   -0.07604583    0.99064383   -0.11332179    0.92106622    0.11332179    0.37255226
    0.68162890   -0.44549905   -0.58044177   -0.44549905    0.37660987   -0.81221648    0.58044177    0.81221648    0.05823877
    0.94017010    0.19240729    0.28117543    0.19240729    0.38123641   -0.90423351   -0.28117543    0.90423351    0.32140651
    0.58180668    0.16410540   -0.79659927    0.16410540    0.93560255    0.31259763    0.79659927   -0.31259763    0.51740924
    0.56412291   -0.18599299    0.80446998   -0.18599299    0.92063499    0.34327516   -0.80446998   -0.34327516    0.48475790
    0.53703963   -0.28887589   -0.79255230   -0.28887589    0.81974854   -0.49453316    0.79255230    0.49453316    0.35678817
    0.99192417    0.08778318   -0.09154534    0.08778318    0.04580835    0.99508578    0.09154534   -0.99508578    0.03773252
    0.43289571    0.41204769   -0.80175932    0.41204769    0.70061363    0.58254377    0.80175932   -0.58254377    0.13350934
    0.10589178   -0.13328684    0.98540426   -0.13328684    0.98013061    0.14689656   -0.98540426   -0.14689656    0.08602239
    0.34693719   -0.40902570    0.84399796   -0.40902570    0.74381940    0.52861203   -0.84399796   -0.52861203    0.09075659
    0.93318033   -0.21340003    0.28919698   -0.21340003    0.31847052    0.92360000   -0.28919698   -0.92360000    0.25165086
    0.69056401    0.18720989    0.69862279    0.18720989    0.88673734   -0.42266930   -0.69862279    0.42266930    0.57730135
    0.15075044    0.20858719   -0.96631552    0.20858719    0.94876816    0.23734017    0.96631552   -0.23734017    0.09951860
    0.77133247   -0.27437089    0.57425328   -0.27437089    0.67079109    0.68902825   -0.57425328   -0.68902825    0.44212357
    0.96616416   -0.15524731   -0.20597350   -0.15524731    0.28768635   -0.94505811    0.20597350    0.94505811    0.25385051
    0.77703840    0.38914216   -0.49475216    0.38914216    0.32081747    0.86350711    0.49475216   -0.86350711    0.09785588
    0.37285562    0.11031042    0.92130901    0.11031042    0.98059715   -0.16205197   -0.92130901    0.16205197    0.35345277
    0.88338302   -0.11085104   -0.45535314   -0.11085104    0.89462981   -0.43283895    0.45535314    0.43283895    0.77801283
    0.99055815    0.07274638   -0.11620033    0.07274638    0.43951289    0.89528564    0.11620033   -0.89528564    0.43007104
    0.92689284    0.14042328    0.34806746    0.14042328    0.73027677   -0.66856349   -0.34806746    0.66856349    0.65716961
    0.98282924    0.06377563   -0.17314550    0.06377563    0.76312467    0.64309673    0.17314550   -0.64309673    0.74595391
    0.71134704   -0.01548766    0.70267028   -0.01548766    0.99916901    0.03770174   -0.70267028   -0.03770174    0.71051605
    0.85334118   -0.22674028   -0.46946532   -0.22674028    0.64945066   -0.72581175    0.46946532    0.72581175    0.50279183
    0.87194079    0.08601331   -0.48199686    0.08601331    0.94222759    0.32374199    0.48199686   -0.32374199    0.81416838
    0.98976690    0.00217777    0.14267708    0.00217777    0.99953654   -0.03036397   -0.14267708    0.03036397    0.98930343
    0.94987454   -0.01037606   -0.31245912   -0.01037606    0.99785214   -0.06467957    0.31245912    0.06467957    0.94772667
