# Rotation matrices: 43 entries, row-major flattening of 3x3 -> 1x9
# https://github.com/Neurophysics-CFIN/GFO
# Col:  1    2    3    4    5    6    7    8    9
#       R11  R12  R13  R21  R22  R23  R31  R32  R33
# where Rij = R(i,j), i = row index, j = column index

    0.93891641    0.01248914    0.34391858    0.01248914    0.99744647   -0.07031756   -0.34391858    0.07031756    0.93636288
    0.99926553   -0.00098541   -0.03830699   -0.00098541    0.99867791   -0.05139524    0.03830699    0.05139524    0.99794344
    0.99577976    0.03145259   -0.08621717    0.03145259    0.76559009    0.64255937    0.08621717   -0.64255937    0.76136986
    0.93419736    0.08405997    0.34671202    0.08405997    0.89261711   -0.44290927   -0.34671202    0.44290927    0.82681446
    0.91861802   -0.00571137   -0.39510546   -0.00571137    0.99959918   -0.02772843    0.39510546    0.02772843    0.91821719
    0.87890558   -0.08227479    0.46984661   -0.08227479    0.94410031    0.31922635   -0.46984661   -0.31922635    0.82300589
    0.91434206   -0.08541815   -0.39583119   -0.08541815    0.91482096   -0.39472313    0.39583119    0.39472313    0.82916302
    0.90663718    0.18102295   -0.38110328    0.18102295    0.64901114    0.73892843    0.38110328   -0.73892843    0.55564832
    0.46969393   -0.13306531    0.87274351   -0.13306531    0.96661103    0.21899029   -0.87274351   -0.21899029    0.43630495
    0.72277887    0.02789626   -0.69051612    0.02789626    0.99719285    0.06948538    0.69051612   -0.06948538    0.71997172
    0.89817732   -0.22564034    0.37731147   -0.22564034    0.49997820    0.83612693   -0.37731147   -0.83612693    0.39815551
    0.83621616    0.32267437    0.44342281    0.32267437    0.36429169   -0.87359763   -0.44342281    0.87359763    0.20050784
    0.60532304    0.32202873   -0.72792961    0.32202873    0.73724713    0.59393953    0.72792961   -0.59393953    0.34257017
    0.04633160   -0.06554547    0.99677338   -0.06554547    0.99549507    0.06850807   -0.99677338   -0.06850807    0.04182667
    0.68175854   -0.41328745   -0.60365451   -0.41328745    0.46328012   -0.78394197    0.60365451    0.78394197    0.14503866
    0.99133835    0.09041311   -0.09525616    0.09041311    0.05623811    0.99431521    0.09525616   -0.99431521    0.04757647
    0.81571304    0.23313206    0.52939747    0.23313206    0.70507650   -0.66971380   -0.52939747    0.66971380    0.52078954
    0.34421853   -0.07410082   -0.93596083   -0.07410082    0.99162689   -0.10576002    0.93596083    0.10576002    0.33584542
    0.62362942   -0.39226915    0.67617398   -0.39226915    0.59116069    0.70473680   -0.67617398   -0.70473680    0.21479011
    0.99572097    0.05365179    0.07524122    0.05365179    0.32729782   -0.94339685   -0.07524122    0.94339685    0.32301879
    0.51412836    0.31059236    0.79950261    0.31059236    0.80145453   -0.51108025   -0.79950261    0.51108025    0.31558289
    0.38046834    0.10939150    0.91830133    0.10939150    0.98068460   -0.16214565   -0.91830133    0.16214565    0.36115295
    0.27718122   -0.34412108    0.89707929   -0.34412108    0.83617012    0.42708339   -0.89707929   -0.42708339    0.11335134
    0.93732747   -0.19491297   -0.28883584   -0.19491297    0.39381627   -0.89828597    0.28883584    0.89828597    0.33114375
    0.85453320    0.30425097   -0.42095649    0.30425097    0.36364417    0.88045117    0.42095649   -0.88045117    0.21817736
    0.73119556    0.12489183    0.67063782    0.12489183    0.94197280   -0.31159151   -0.67063782    0.31159151    0.67316836
    0.43239004   -0.31438370   -0.84510458   -0.31438370    0.82587143   -0.46808041    0.84510458    0.46808041    0.25826147
    0.92175449   -0.25962594    0.28803304   -0.25962594    0.13853680    0.95572063   -0.28803304   -0.95572063    0.06029129
    0.48115942    0.49834594    0.72120520    0.49834594    0.52133914   -0.69271699   -0.72120520    0.69271699    0.00249856
    0.13771554    0.29065096   -0.94686665    0.29065096    0.90203003    0.31916115    0.94686665   -0.31916115    0.03974557
    0.72799498   -0.21597493    0.65067514   -0.21597493    0.82851357    0.51664310   -0.65067514   -0.51664310    0.55650855
    0.78863433   -0.23861049   -0.56667533   -0.23861049    0.73063285   -0.63971921    0.56667533    0.63971921    0.51926718
    0.99995388    0.00514192   -0.00811167    0.00514192    0.42673150    0.90436375    0.00811167   -0.90436375    0.42668538
    0.98241882    0.07820277    0.16952165    0.07820277    0.65214659   -0.75404851   -0.16952165    0.75404851    0.63456541
    0.45141593    0.14918385   -0.87975442    0.14918385    0.95943043    0.23924347    0.87975442   -0.23924347    0.41084636
    0.95747753   -0.10337492    0.26935183   -0.10337492    0.74868879    0.65481198   -0.26935183   -0.65481198    0.70616632
    0.97454481   -0.08649693   -0.20683495   -0.08649693    0.70608276   -0.70282674    0.20683495    0.70282674    0.68062757
    0.79426671    0.15379994   -0.58778054    0.15379994    0.88502386    0.43940682    0.58778054   -0.43940682    0.67929057
    0.71905828   -0.01639728    0.69475630   -0.01639728    0.99904297    0.04054974   -0.69475630   -0.04054974    0.71810125
    0.67037738   -0.13415546   -0.72979209   -0.13415546    0.94539911   -0.29702328    0.72979209    0.29702328    0.61577649
    0.99302669   -0.01859143    0.11641454   -0.01859143    0.95043366    0.31037110   -0.11641454   -0.31037110    0.94346035
    0.99996118   -0.00192678   -0.00859803   -0.00192678    0.90436658   -0.42675212    0.00859803    0.42675212    0.90432776
    0.95846075    0.05094089   -0.28063859    0.05094089    0.93752958    0.34415594    0.28063859   -0.34415594    0.89599033
