# Rotation matrices: 48 entries, row-major flattening of 3x3 -> 1x9
# https://github.com/Neurophysics-CFIN/GFO
# Col:  1    2    3    4    5    6    7    8    9
#       R11  R12  R13  R21  R22  R23  R31  R32  R33
# where Rij = R(i,j), i = row index, j = column index

    0.99009057    0.05870619   -0.12757052    0.05870619    0.65220824    0.75576319    0.12757052   -0.75576319    0.64229882
    0.98816786    0.14857218   -0.03808660    0.14857218   -0.86557048    0.47824057    0.03808660   -0.47824057   -0.87740263
   -0.04689708   -0.86155064   -0.50550089   -0.86155064    0.29098139   -0.41600519    0.50550089    0.41600519   -0.75591569
    0.97141364   -0.02864152   -0.23565908   -0.02864152    0.97130322   -0.23611379    0.23565908    0.23611379    0.94271686
    0.03469312    0.99116551    0.12801296    0.99116551   -0.01771684   -0.13144217   -0.12801296    0.13144217   -0.98302372
    0.70734904   -0.24141254   -0.66436235   -0.24141254    0.80085487   -0.54804330    0.66436235    0.54804330    0.50820391
    0.59496695    0.41713075    0.68703440    0.41713075    0.57041022   -0.70755503   -0.68703440    0.70755503    0.16537717
   -0.11347426    0.89609334   -0.42911574    0.89609334    0.27884882    0.34534050    0.42911574   -0.34534050   -0.83462544
    0.99259519    0.09819385   -0.07150360    0.09819385   -0.30213023    0.94819581    0.07150360   -0.94819581   -0.30953504
    0.83707349    0.52709256    0.14656537    0.52709256   -0.70522628   -0.47416171   -0.14656537    0.47416171   -0.86815279
    0.87073036    0.32907653    0.36542753    0.32907653    0.16228310   -0.93025418   -0.36542753    0.93025418    0.03301346
    0.52034540    0.59067231    0.61672270    0.59067231    0.27261456   -0.75946529   -0.61672270    0.75946529   -0.20704004
   -0.46198644   -0.65543363    0.59747409   -0.65543363    0.70615785    0.26785790   -0.59747409   -0.26785790   -0.75582859
    0.98547529   -0.09011384    0.14393733   -0.09011384    0.44091808    0.89301217   -0.14393733   -0.89301217    0.42639336
    0.94953446    0.17796128   -0.25829072    0.17796128    0.37243877    0.91083431    0.25829072   -0.91083431    0.32197323
    0.72566152   -0.57662813    0.37538695   -0.57662813   -0.21200640    0.78902046   -0.37538695   -0.78902046   -0.48634488
    0.38328368   -0.35915085   -0.85094317   -0.35915085    0.79084495   -0.49555518    0.85094317    0.49555518    0.17412863
    0.52091644   -0.78484152    0.33566329   -0.78484152   -0.28573858    0.54988840   -0.33566329   -0.54988840   -0.76482214
   -0.36483362    0.00059559   -0.93107254    0.00059559    0.99999974    0.00040630    0.93107254   -0.00040630   -0.36483388
   -0.06579696    0.86631780    0.49514062    0.86631780    0.29582599   -0.40246796   -0.49514062    0.40246796   -0.76997098
    0.99987219   -0.01082528    0.01176525   -0.01082528    0.08313248    0.99647971   -0.01176525   -0.99647971    0.08300466
    0.37325522   -0.57793103   -0.72572465   -0.57793103    0.46708088   -0.66920189    0.72572465    0.66920189   -0.15966391
    0.99906372   -0.01882142   -0.03895430   -0.01882142    0.62164558   -0.78307249    0.03895430    0.78307249    0.62070930
   -0.10591142   -0.17259778    0.97928177   -0.17259778    0.97306295    0.15283490   -0.97928177   -0.15283490   -0.13284847
    0.68849670   -0.39853275   -0.60592404   -0.39853275    0.49012304   -0.77521033    0.60592404    0.77521033    0.17861975
    0.61306072   -0.23876222    0.75309306   -0.23876222    0.85267095    0.46469868   -0.75309306   -0.46469868    0.46573167
    0.42637091    0.26187995    0.86580988    0.26187995    0.88044346   -0.39526978   -0.86580988    0.39526978    0.30681437
    0.94009912   -0.21353726   -0.26573573   -0.21353726    0.23877307   -0.94730632    0.26573573    0.94730632    0.17887220
    0.74346778    0.22835449    0.62857767    0.22835449    0.79672818   -0.55953413   -0.62857767    0.55953413    0.54019596
   -0.39143948   -0.34899430    0.85145646   -0.34899430    0.91246689    0.21355830   -0.85145646   -0.21355830   -0.47897259
    0.97601147   -0.07428777    0.20465322   -0.07428777    0.76994536    0.63377083   -0.20465322   -0.63377083    0.74595683
    0.35267290    0.11615434   -0.92850956    0.11615434    0.97915763    0.16660884    0.92850956   -0.16660884    0.33183053
   -0.50726995    0.44961077   -0.73520565    0.44961077    0.86588345    0.21930801    0.73520565   -0.21930801   -0.64138650
    0.65560978   -0.06780340    0.75204954   -0.06780340    0.98665089    0.14806321   -0.75204954   -0.14806321    0.64226068
    0.88165044    0.24231291    0.40494069    0.24231291    0.50388035   -0.82908929   -0.40494069    0.82908929    0.38553079
    0.88339095    0.01466673   -0.46840721    0.01466673    0.99815526    0.05891483    0.46840721   -0.05891483    0.88154621
    0.79542694   -0.44213938   -0.41449820   -0.44213938    0.04441363   -0.89584608    0.41449820    0.89584608   -0.16015943
    0.65952774    0.05118836   -0.74993527    0.05118836    0.99230408    0.11274914    0.74993527   -0.11274914    0.65183181
   -0.01826750    0.16890073   -0.98546377    0.16890073    0.97198432    0.16345955    0.98546377   -0.16345955   -0.04628318
   -0.86840414   -0.10566697   -0.48446749   -0.10566697    0.99402404   -0.02739890    0.48446749    0.02739890   -0.87438010
   -0.05921581    0.65527171    0.75306871    0.65527171    0.59462368   -0.46587731   -0.75306871    0.46587731   -0.46459213
    0.98847703    0.00941239    0.15107799    0.00941239    0.99231161   -0.12340611   -0.15107799    0.12340611    0.98078865
    0.84445116   -0.23375075    0.48193653   -0.23375075    0.64873146    0.72422930   -0.48193653   -0.72422930    0.49318262
    0.72030108    0.62778764   -0.29504072    0.62778764   -0.40907704    0.66222251    0.29504072   -0.66222251   -0.68877596
   -0.05741575   -0.36519897   -0.92915722   -0.36519897    0.87387148   -0.32090241    0.92915722    0.32090241   -0.18354428
    0.17235329    0.47075485    0.86526540    0.47075485    0.73224067   -0.49215188   -0.86526540    0.49215188   -0.09540604
    0.85597715    0.21005229   -0.47242053    0.21005229    0.69364609    0.68900881    0.47242053   -0.68900881    0.54962324
    0.34245267   -0.91696535   -0.20469664   -0.91696535   -0.27872994   -0.28545432    0.20469664    0.28545432   -0.93627726
