# Rotation matrices: 39 entries, row-major flattening of 3x3 -> 1x9
# https://github.com/Neurophysics-CFIN/GFO
# Col:  1    2    3    4    5    6    7    8    9
#       R11  R12  R13  R21  R22  R23  R31  R32  R33
# where Rij = R(i,j), i = row index, j = column index

    0.96264085   -0.18788828    0.19498867   -0.18788828    0.05506392    0.98064569   -0.19498867   -0.98064569    0.01770478
    0.95167151    0.23291197   -0.20018329    0.23291197   -0.12248461    0.96475361    0.20018329   -0.96475361   -0.17081310
   -0.68982352    0.61968109   -0.37435124    0.61968109    0.77275458    0.13727965    0.37435124   -0.13727965   -0.91706894
    0.57228512   -0.16431051   -0.80342504   -0.16431051    0.93687865   -0.30864293    0.80342504    0.30864293    0.50916377
    0.85379466   -0.51694957    0.06162644   -0.51694957   -0.82781874    0.21789738   -0.06162644   -0.21789738   -0.97402408
   -0.63845391    0.26622877   -0.72214877    0.26622877    0.95674107    0.11734037    0.72214877   -0.11734037   -0.68171284
    0.63181620   -0.76964186   -0.09197659   -0.76964186   -0.60883939   -0.19226547    0.09197659    0.19226547   -0.97702318
    0.07951486    0.82294349   -0.56253125    0.82294349    0.26426190    0.50292113    0.56253125   -0.50292113   -0.65622323
    0.55325051    0.29822431   -0.77780212    0.29822431    0.80092257    0.51921604    0.77780212   -0.51921604    0.35417308
    0.26678973   -0.77567115   -0.57197684   -0.77567115    0.17940902   -0.60510054    0.57197684    0.60510054   -0.55380125
   -0.39997732   -0.46500209   -0.78980453   -0.46500209    0.84554968   -0.26233336    0.78980453    0.26233336   -0.55442764
    0.94554296   -0.17011874    0.27750339   -0.17011874    0.46856488    0.86689479   -0.27750339   -0.86689479    0.41410783
    0.98898544    0.13297692    0.06499952    0.13297692   -0.60540788   -0.78472826   -0.06499952    0.78472826   -0.61642244
    0.88868062    0.40196612   -0.22061276    0.40196612   -0.45147021    0.79661652    0.22061276   -0.79661652   -0.56278959
    0.09875673    0.22153095   -0.97013976    0.22153095    0.94554638    0.23846611    0.97013976   -0.23846611    0.04430310
    0.47961616    0.23081181    0.84657797    0.23081181    0.89762540   -0.37549242   -0.84657797    0.37549242    0.37724155
    0.68433310   -0.53207470    0.49858272   -0.53207470    0.10315754    0.84038981   -0.49858272   -0.84038981   -0.21250936
    0.88660544   -0.43103195    0.16775651   -0.43103195   -0.63842557    0.63767096   -0.16775651   -0.63767096   -0.75182013
   -0.77328021    0.54548479    0.32323995    0.54548479    0.83220156   -0.09943295   -0.32323995    0.09943295   -0.94107865
   -0.18870176    0.78383199    0.59160717    0.78383199    0.48313983   -0.39010679   -0.59160717    0.39010679   -0.70556193
    0.89382647   -0.07991819   -0.44123386   -0.07991819    0.93984454   -0.33212244    0.44123386    0.33212244    0.83367101
    0.33441712    0.50121429   -0.79809111    0.50121429    0.62256276    0.60099904    0.79809111   -0.60099904   -0.04302012
    0.86895013   -0.06679440    0.49037146   -0.06679440    0.96595577    0.24993590   -0.49037146   -0.24993590    0.83490591
    0.97100236   -0.07192359    0.22799431   -0.07192359    0.82160603    0.56550025   -0.22799431   -0.56550025    0.79260839
    0.76608705    0.32070150    0.55701094    0.32070150    0.56030887   -0.76367828   -0.55701094    0.76367828    0.32639592
    0.44315015    0.07640945   -0.89318505    0.07640945    0.98951530    0.12256047    0.89318505   -0.12256047    0.43266545
    0.97659122    0.05453716   -0.20807518    0.05453716    0.87294075    0.48476814    0.20807518   -0.48476814    0.84953197
    0.97780636    0.05459553    0.20227223    0.05459553    0.86569703   -0.49758214   -0.20227223    0.49758214    0.84350338
    0.27932868   -0.01306528    0.96010665   -0.01306528    0.99976314    0.01740608   -0.96010665   -0.01740608    0.27909181
    0.97237705    0.18391790    0.14372572    0.18391790   -0.22455388   -0.95694815   -0.14372572    0.95694815   -0.25217683
    0.04979773   -0.48985233   -0.87038203   -0.48985233    0.74746924   -0.44870306    0.87038203    0.44870306   -0.20273303
    0.55391195   -0.56965502   -0.60718590   -0.56965502    0.27254981   -0.77537717    0.60718590    0.77537717   -0.17353824
    0.81402131   -0.21808061   -0.53834018   -0.21808061    0.74427634   -0.63126348    0.53834018    0.63126348    0.55829765
   -0.74428375   -0.01807010    0.66761903   -0.01807010    0.99981280    0.00691627   -0.66761903   -0.00691627   -0.74447095
    0.98340614   -0.09675197   -0.15346475   -0.09675197    0.43587922   -0.89478956    0.15346475    0.89478956    0.41928535
    0.86402460    0.21975253   -0.45295729    0.21975253    0.64485359    0.73203325    0.45295729   -0.73203325    0.50887819
   -0.08993876   -0.20156584    0.97533698   -0.20156584    0.96272379    0.18037217   -0.97533698   -0.18037217   -0.12721497
    0.76028688    0.39476047   -0.51587598    0.39476047    0.34990697    0.84954652    0.51587598   -0.84954652    0.11019385
    0.45698891   -0.38295658   -0.80281093   -0.38295658    0.72992128   -0.56617947    0.80281093    0.56617947    0.18691019
