# Rotation matrices: 15 entries, row-major flattening of 3x3 -> 1x9
# https://github.com/Neurophysics-CFIN/GFO
# Col:  1    2    3    4    5    6    7    8    9
#       R11  R12  R13  R21  R22  R23  R31  R32  R33
# where Rij = R(i,j), i = row index, j = column index

    0.70104350    0.33550085    0.62926719    0.33550085    0.62348764   -0.70618861   -0.62926719    0.70618861    0.32453113
    0.90237761    0.26231279   -0.34191614    0.26231279    0.29516170    0.91873368    0.34191614   -0.91873368    0.19753931
    0.74564877   -0.17019532    0.64423712   -0.17019532    0.88611634    0.43108163   -0.64423712   -0.43108163    0.63176511
    0.02533062    0.87042368    0.49165127    0.87042368    0.22267243   -0.43906674   -0.49165127    0.43906674   -0.75199695
    0.31041681   -0.91612163    0.25369776   -0.91612163   -0.21708137    0.33704129   -0.25369776   -0.33704129   -0.90666456
    0.53209613   -0.83987102   -0.10719321   -0.83987102   -0.50753898   -0.19240805    0.10719321    0.19240805   -0.97544285
    0.77744587   -0.27109037   -0.56752791   -0.27109037    0.66978824   -0.69129858    0.56752791    0.69129858    0.44723411
    0.99906554    0.02215433    0.03711119    0.02215433    0.47476369   -0.87983443   -0.03711119    0.87983443    0.47382923
    0.16389845   -0.34991028    0.92233405   -0.34991028    0.85356181    0.38599876   -0.92233405   -0.38599876    0.01746026
    0.59279238   -0.04867496   -0.80388304   -0.04867496    0.99418171   -0.09609097    0.80388304    0.09609097    0.58697409
    0.33987998    0.30314282   -0.89027301    0.30314282    0.86078960    0.40883455    0.89027301   -0.40883455    0.20066958
    0.90504637    0.07996856    0.41772731    0.07996856    0.93265165   -0.35180383   -0.41772731    0.35180383    0.83769801
    0.82425258   -0.40752929   -0.39309994   -0.40752929    0.05500678   -0.91153395    0.39309994    0.91153395   -0.12074064
    0.99673952   -0.03375464    0.07328684   -0.03375464    0.65055005    0.75871289   -0.07328684   -0.75871289    0.64728957
    0.42899043    0.07420512    0.90025597    0.07420512    0.99035673   -0.11699209   -0.90025597    0.11699209    0.41934716
