# Rotation matrices: 100 entries, row-major flattening of 3x3 -> 1x9
# https://github.com/Neurophysics-CFIN/GFO
# Col:  1    2    3    4    5    6    7    8    9
#       R11  R12  R13  R21  R22  R23  R31  R32  R33
# where Rij = R(i,j), i = row index, j = column index

    0.99698121   -0.00253640    0.07760182   -0.00253640    0.99786890    0.06520141   -0.07760182   -0.06520141    0.99485011
    0.99046901   -0.00300282   -0.13770304   -0.00300282    0.99905394   -0.04338454    0.13770304    0.04338454    0.98952294
    0.95708635    0.02425561   -0.28878606    0.02425561    0.98629027    0.16322734    0.28878606   -0.16322734    0.94337662
    0.89885515    0.04830940    0.43557505    0.04830940    0.97692618   -0.20804193   -0.43557505    0.20804193    0.87578133
    0.91147889   -0.09664726   -0.39983189   -0.09664726    0.89448061   -0.43653607    0.39983189    0.43653607    0.80595950
    0.97645985   -0.03058706    0.21351955   -0.03058706    0.96025649    0.27743812   -0.21351955   -0.27743812    0.93671634
    0.99986560   -0.00251059   -0.01620148   -0.00251059    0.95310386   -0.30263299    0.01620148    0.30263299    0.95296946
    0.99129088    0.03353800   -0.12734836    0.03353800    0.87084839    0.49040624    0.12734836   -0.49040624    0.86213927
    0.75868314    0.08954156    0.64527684    0.08954156    0.96677526   -0.23943248   -0.64527684    0.23943248    0.72545840
    0.77903088   -0.16967030   -0.60359164   -0.16967030    0.86971930   -0.46346557    0.60359164    0.46346557    0.64875018
    0.90192865   -0.19991544    0.38282964   -0.19991544    0.59247853    0.78038645   -0.38282964   -0.78038645    0.49440718
    0.99651310    0.02347188    0.08006693    0.02347188    0.84200032   -0.53896617   -0.08006693    0.53896617    0.83851342
    0.82143196   -0.07514447   -0.56533428   -0.07514447    0.96837793   -0.23790228    0.56533428    0.23790228    0.78980988
    0.89074063   -0.06504465    0.44983366   -0.06504465    0.96127741    0.26779646   -0.44983366   -0.26779646    0.85201804
    0.86894516   -0.23002114   -0.43820610   -0.23002114    0.59627799   -0.76911822    0.43820610    0.76911822    0.46522315
    0.97536790    0.09331525   -0.19987427    0.09331525    0.64648825    0.75719562    0.19987427   -0.75719562    0.62185615
    0.70082917    0.20742880    0.68250405    0.20742880    0.85618014   -0.47321123   -0.68250405    0.47321123    0.55700930
    0.48281073   -0.03502801   -0.87502390   -0.03502801    0.99762763   -0.05926331    0.87502390    0.05926331    0.48043837
    0.96079387   -0.10333816    0.25728654   -0.10333816    0.72762485    0.67814696   -0.25728654   -0.67814696    0.68841872
    0.99280175    0.04773388    0.10984612    0.04773388    0.68346164   -0.72842410   -0.10984612    0.72842410    0.67626338
    0.93851971    0.11138451   -0.32676328    0.11138451    0.79820347    0.59200061    0.32676328   -0.59200061    0.73672318
    0.81233961   -0.00060691    0.58318435   -0.00060691    0.99999804    0.00188605   -0.58318435   -0.00188605    0.81233765
    0.62121570   -0.13989956   -0.77105069   -0.13989956    0.94832973   -0.28477857    0.77105069    0.28477857    0.56954543
    0.99373297   -0.05361530    0.09808255   -0.05361530    0.54131382    0.83910950   -0.09808255   -0.83910950    0.53504679
    0.81902613    0.23377329    0.52397160    0.23377329    0.69802297   -0.67684118   -0.52397160    0.67684118    0.51704910
    0.82068531    0.18405072   -0.54092601    0.18405072    0.81108815    0.55521288    0.54092601   -0.55521288    0.63177346
    0.54421567   -0.27264615    0.79340619   -0.27264615    0.83690549    0.47460855   -0.79340619   -0.47460855    0.38112116
    0.98808845   -0.06110063   -0.14123710   -0.06110063    0.68658250   -0.72447994    0.14123710    0.72447994    0.67467096
    0.86616809    0.28304070   -0.41187473    0.28304070    0.40139808    0.87107264    0.41187473   -0.87107264    0.26756617
    0.46042715    0.24118056    0.85430602    0.24118056    0.89219609   -0.38186132   -0.85430602    0.38186132    0.35262325
    0.35873208   -0.18463554   -0.91499782   -0.18463554    0.94683925   -0.26344857    0.91499782    0.26344857    0.30557133
    0.80281061   -0.33646332    0.49222714   -0.33646332    0.42589423    0.83988484   -0.49222714   -0.83988484    0.22870483
    0.98973068    0.08672153    0.11363343    0.08672153    0.26766092   -0.95960253   -0.11363343    0.95960253    0.25739160
    0.46444503    0.26717396   -0.84433932    0.26717396    0.86671410    0.42121816    0.84433932   -0.42121816    0.33115914
    0.39908252    0.03364984    0.91629735    0.03364984    0.99811569   -0.05131031   -0.91629735    0.05131031    0.39719822
    0.72813164   -0.36310615   -0.58135895   -0.36310615    0.51503706   -0.77646040    0.58135895    0.77646040    0.24316870
    0.95200195   -0.20534887    0.22698927   -0.20534887    0.12146102    0.97112258   -0.22698927   -0.97112258    0.07346297
    0.75193126    0.34351861    0.56266717    0.34351861    0.52430511   -0.77916566   -0.56266717    0.77916566    0.27623637
    0.23224969   -0.02585864   -0.97231241   -0.02585864    0.99912905   -0.03274851    0.97231241    0.03274851    0.23137874
    0.45321572   -0.41591292    0.78842372   -0.41591292    0.68363473    0.59971660   -0.78842372   -0.59971660    0.13685044
    0.99908728    0.02179234    0.03673838    0.02179234    0.47968280   -0.87717131   -0.03673838    0.87717131    0.47877008
    0.96413784    0.16616589   -0.20694715    0.16616589    0.23007694    0.95888138    0.20694715   -0.95888138    0.19421478
    0.23227877    0.19048890    0.95381369    0.19048890    0.95273542   -0.23666263   -0.95381369    0.23666263    0.18501419
    0.26643161   -0.35397451   -0.89650223   -0.35397451    0.82919390   -0.43259625    0.89650223    0.43259625    0.09562551
    0.98686106   -0.10188362   -0.12539927   -0.10188362    0.20996124   -0.97238676    0.12539927    0.97238676    0.19682230
    0.74595485    0.43055113    0.50811130    0.43055113    0.27030974   -0.86113784   -0.50811130    0.86113784    0.01626458
    0.22188626    0.30735421   -0.92536473    0.30735421    0.87859537    0.36551822    0.92536473   -0.36551822    0.10048163
    0.49866840   -0.41014692   -0.76361596   -0.41014692    0.66445264   -0.62472569    0.76361596    0.62472569    0.16312105
    0.81028095   -0.38710990   -0.43998945   -0.38710990    0.21012639   -0.89777103    0.43998945    0.89777103    0.02040734
    0.92156297    0.26289478    0.28567118    0.26289478    0.11886429   -0.95747460   -0.28567118    0.95747460    0.04042726
    0.52679444    0.46591161    0.71092475    0.46591161    0.54126992   -0.69996661   -0.71092475    0.69996661    0.06806436
    0.28224309   -0.30221609    0.91049672   -0.30221609    0.87275000    0.38337041   -0.91049672   -0.38337041    0.15499309
    0.59384883   -0.47910697    0.64637456   -0.47910697    0.43483238    0.76248103   -0.64637456   -0.76248103    0.02868121
    0.99945259    0.02324056   -0.02354558    0.02324056    0.01330867    0.99964131    0.02354558   -0.99964131    0.01276126
    0.45769325    0.40670005   -0.79064022    0.40670005    0.69499747    0.59293641    0.79064022   -0.59293641    0.15269072
    0.08677175    0.13033279   -0.98766595    0.13033279    0.98139935    0.14095628    0.98766595   -0.14095628    0.06817110
    0.81719294   -0.20980552    0.53682152   -0.20980552    0.75920866    0.61610377   -0.53682152   -0.61610377    0.57640159
    0.97107541   -0.12150547   -0.20554554   -0.12150547    0.48958378   -0.86344898    0.20554554    0.86344898    0.46065919
    0.68543717    0.39069695   -0.61443615    0.39069695    0.51474207    0.76314906    0.61443615   -0.76314906    0.20017924
    0.13903414   -0.01032929    0.99023372   -0.01032929    0.99987608    0.01188016   -0.99023372   -0.01188016    0.13891022
    0.53238897   -0.27151308   -0.80177468   -0.27151308    0.84234899   -0.46554143    0.80177468    0.46554143    0.37473796
    0.94514619   -0.18426333    0.26971412   -0.18426333    0.38102797    0.90601584   -0.26971412   -0.90601584    0.32617416
    0.90336600    0.24523109    0.35184027    0.24523109    0.37766944   -0.89287598   -0.35184027    0.89287598    0.28103544
    0.39017333    0.12438332   -0.91230125    0.12438332    0.97463015    0.18607755    0.91230125   -0.18607755    0.36480348
    0.32886092   -0.13783730    0.93426515   -0.13783730    0.97169123    0.19187765   -0.93426515   -0.19187765    0.30055215
    0.90292071   -0.25281976   -0.34758649   -0.25281976    0.34159153   -0.90520572    0.34758649    0.90520572    0.24451224
    0.99898797   -0.02689955    0.03604779   -0.02689955    0.28501282    0.95814618   -0.03604779   -0.95814618    0.28400079
    0.32455109    0.38223123    0.86519702    0.38223123    0.78369835   -0.48960819   -0.86519702    0.48960819    0.10824944
    0.06418305   -0.18581351   -0.98048655   -0.18581351    0.96310533   -0.19468300    0.98048655    0.19468300    0.02728837
    0.69440191   -0.32598785    0.64151221   -0.32598785    0.65226197    0.68431443   -0.64151221   -0.68431443    0.34666387
    0.94124600    0.16015570    0.29733167    0.16015570    0.56343660   -0.81048711   -0.29733167    0.81048711    0.50468259
    0.68999637    0.29322738   -0.66175730    0.29322738    0.72264101    0.62594543    0.66175730   -0.62594543    0.41263737
    0.62622833   -0.00516685    0.77962259   -0.00516685    0.99992858    0.01077715   -0.77962259   -0.01077715    0.62615690
    0.72153407   -0.27015317   -0.63749968   -0.27015317    0.73791144   -0.61846906    0.63749968    0.61846906    0.45944551
    0.98151468    0.10036724   -0.16295810    0.10036724    0.45504950    0.88479171    0.16295810   -0.88479171    0.43656418
    0.59915220    0.33027181    0.72934023    0.33027181    0.72787809   -0.60092763   -0.72934023    0.60092763    0.32703029
    0.64636917    0.18951763   -0.73911431    0.18951763    0.89843383    0.39610571    0.73911431   -0.39610571    0.54480300
    0.75159447   -0.08622273    0.65396590   -0.08622273    0.97007168    0.22699465   -0.65396590   -0.22699465    0.72166615
    0.91252272   -0.14786442   -0.38136387   -0.14786442    0.75006211   -0.64462621    0.38136387    0.64462621    0.66258483
    0.87406282    0.22032228   -0.43298069    0.22032228    0.61455460    0.75748316    0.43298069   -0.75748316    0.48861742
    0.57450748    0.12061608    0.80956341    0.12061608    0.96580848   -0.22949020   -0.80956341    0.22949020    0.54031596
    0.70301173   -0.02548914   -0.71072133   -0.02548914    0.99781238   -0.06099794    0.71072133    0.06099794    0.70082412
    0.72008443   -0.18035672    0.67003721   -0.18035672    0.88379157    0.43172202   -0.67003721   -0.43172202    0.60387600
    0.93293348    0.12361238    0.33816431    0.12361238    0.77216619   -0.62328113   -0.33816431    0.62328113    0.70509966
    0.92594933    0.07378086   -0.37037039    0.07378086    0.92648797    0.36902090    0.37037039   -0.36902090    0.85243730
    0.54559041   -0.12891844    0.82807677   -0.12891844    0.96342515    0.23492982   -0.82807677   -0.23492982    0.50901556
    0.96463757   -0.03592360   -0.26112036   -0.03592360    0.96350632   -0.26526414    0.26112036    0.26526414    0.92814390
    0.99999516   -0.00113724    0.00289553   -0.00113724    0.73271663    0.68053292   -0.00289553   -0.68053292    0.73271179
    0.85567285    0.13026506    0.50085426    0.13026506    0.88242693   -0.45205500   -0.50085426    0.45205500    0.73809978
    0.79872272    0.10907353   -0.59173049    0.10907353    0.94089231    0.32066280    0.59173049   -0.32066280    0.73961503
    0.90532358   -0.11348969    0.40927901   -0.11348969    0.86395864    0.49060733   -0.40927901   -0.49060733    0.76928222
    0.98565035   -0.04569628   -0.16249689   -0.04569628    0.85448074   -0.51746933    0.16249689    0.51746933    0.84013109
    0.83186048    0.03061333   -0.55413985    0.03061333    0.99442620    0.10089279    0.55413985   -0.10089279    0.82628668
    0.93641766   -0.00681409    0.35082123   -0.00681409    0.99926974    0.03759734   -0.35082123   -0.03759734    0.93568740
    0.62118508    0.07601388   -0.77996858    0.07601388    0.98474688    0.15651030    0.77996858   -0.15651030    0.60593196
    0.98887786   -0.03805983    0.14377769   -0.03805983    0.86975968    0.49200564   -0.14377769   -0.49200564    0.85863754
    0.96122404    0.05704270    0.26980450    0.05704270    0.91608539   -0.39690513   -0.26980450    0.39690513    0.87730944
    0.91322495   -0.01492617   -0.40718228   -0.01492617    0.99743255   -0.07003939    0.40718228    0.07003939    0.91065750
    0.99823825    0.00836996   -0.05873964    0.00836996    0.96023493    0.27906778    0.05873964   -0.27906778    0.95847318
    0.98345216    0.01479307    0.18056303    0.01479307    0.98677562   -0.16141574   -0.18056303    0.16141574    0.97022778
