# Rotation matrices: 99 entries, row-major flattening of 3x3 -> 1x9
# https://github.com/Neurophysics-CFIN/GFO
# Col:  1    2    3    4    5    6    7    8    9
#       R11  R12  R13  R21  R22  R23  R31  R32  R33
# where Rij = R(i,j), i = row index, j = column index

    0.55272793   -0.17307212    0.81519192   -0.17307212    0.93302967    0.31543887   -0.81519192   -0.31543887    0.48575760
   -0.13122412    0.35009565    0.92747683    0.35009565    0.89165103   -0.28703915   -0.92747683    0.28703915   -0.23957309
    0.99995915    0.00587915   -0.00686596    0.00587915    0.15394704    0.98806161    0.00686596   -0.98806161    0.15390618
    0.86149469    0.50585423   -0.04402714    0.50585423   -0.84749964    0.16079757    0.04402714   -0.16079757   -0.98600495
    0.77491155   -0.40091458    0.48865078   -0.40091458    0.28591402    0.87035663   -0.48865078   -0.87035663    0.06082558
    0.27804456   -0.12460400    0.95245213   -0.12460400    0.97849430    0.16438598   -0.95245213   -0.16438598    0.25653886
    0.99154758   -0.02662133   -0.12698311   -0.02662133    0.91615478   -0.39993964    0.12698311    0.39993964    0.90770236
    0.99998418   -0.00021809    0.00562139   -0.00021809    0.99699421    0.07747583   -0.00562139   -0.07747583    0.99697838
    0.93091661    0.13888201    0.33779587    0.13888201    0.72079811   -0.67908900   -0.33779587    0.67908900    0.65171472
    0.89222543   -0.43504187   -0.12112950   -0.43504187   -0.75608611   -0.48895026    0.12112950    0.48895026   -0.86386069
    0.96875742    0.22258082   -0.10939309    0.22258082   -0.58572736    0.77934668    0.10939309   -0.77934668   -0.61696994
    0.09602006   -0.68855109   -0.71880285   -0.68855109    0.47553858   -0.54750384    0.71880285    0.54750384   -0.42844136
    0.97683619   -0.01648293   -0.21335270   -0.01648293    0.98827106   -0.15181775    0.21335270    0.15181775    0.96510725
    0.33035809    0.63674190   -0.69672325    0.63674190    0.39454171    0.66249271    0.69672325   -0.66249271   -0.27510020
    0.67322499    0.05952499   -0.73703792    0.05952499    0.98915699    0.13425804    0.73703792   -0.13425804    0.66238198
    0.99243478    0.06806114    0.10218065    0.06806114    0.38768210   -0.91927704   -0.10218065    0.91927704    0.38011688
    0.98837214   -0.08985760   -0.12266266   -0.08985760    0.30559989   -0.94791050    0.12266266    0.94791050    0.29397203
   -0.67201992   -0.25232160    0.69622054   -0.25232160    0.96192259    0.10506542   -0.69622054   -0.10506542   -0.71009733
    0.99958696    0.01935967    0.02123962    0.01935967    0.09259927   -0.99551523   -0.02123962    0.99551523    0.09218623
    0.78860508   -0.11660141   -0.60374344   -0.11660141    0.93568488   -0.33301338    0.60374344    0.33301338    0.72428996
    0.70731894   -0.36351994    0.60626163   -0.36351994    0.54849573    0.75299780   -0.60626163   -0.75299780    0.25581467
    0.49547141    0.51378225   -0.70038266    0.51378225    0.47679436    0.71322853    0.70038266   -0.71322853   -0.02773423
    0.98298126    0.17361232   -0.06005507    0.17361232   -0.77106130    0.61263630    0.06005507   -0.61263630   -0.78808004
    0.42234877    0.84223458   -0.33505587    0.84223458   -0.22800583    0.48852253    0.33505587   -0.48852253   -0.80565706
    0.42480710    0.60835954    0.67040107    0.60835954    0.35656136   -0.70905759   -0.67040107    0.70905759   -0.21863154
    0.85096519   -0.49002998    0.18902081   -0.49002998   -0.61123015    0.62150489   -0.18902081   -0.62150489   -0.76026496
    0.67080798    0.14793736    0.72672635    0.14793736    0.93351763   -0.32658745   -0.72672635    0.32658745    0.60432562
   -0.00299347   -0.72966998    0.68379292   -0.72966998    0.46917074    0.49745405   -0.68379292   -0.49745405   -0.53382273
    0.96985660   -0.21348375    0.11748561   -0.21348375   -0.51194982    0.83206495   -0.11748561   -0.83206495   -0.54209322
    0.91213169    0.30859627   -0.26978532    0.30859627   -0.08379985    0.94749455    0.26978532   -0.94749455   -0.17166816
    0.92857097   -0.15568888   -0.33692272   -0.15568888    0.66065579   -0.73436701    0.33692272    0.73436701    0.58922676
    0.90395659    0.19125866   -0.38246909    0.19125866    0.61913184    0.76164026    0.38246909   -0.76164026    0.52308843
    0.67406645    0.54035896   -0.50363342    0.54035896    0.10414928    0.83496414    0.50363342   -0.83496414   -0.22178427
    0.20373763   -0.81872451   -0.53682507   -0.81872451    0.15817971   -0.55196862    0.53682507    0.55196862   -0.63808267
    0.27934060    0.84740015    0.45153274    0.84740015    0.00356949   -0.53094279   -0.45153274    0.53094279   -0.71708991
    0.87637990   -0.05007342    0.47901035   -0.05007342    0.97971732    0.19402739   -0.47901035   -0.19402739    0.85609722
    0.56360861   -0.14323218   -0.81352927   -0.14323218    0.95298840   -0.26701620    0.81352927    0.26701620    0.51659701
    0.47009254    0.10263189    0.87662974    0.10263189    0.98012237   -0.16978468   -0.87662974    0.16978468    0.45021491
    0.24631860   -0.94657287   -0.20815128   -0.94657287   -0.18883150   -0.26142393    0.20815128    0.26142393   -0.94251291
    0.66190666   -0.53671612    0.52327371   -0.53671612    0.14797436    0.83068610   -0.52327371   -0.83068610   -0.19011898
    0.29953729   -0.62905113    0.71733680   -0.62905113    0.43508010    0.64420492   -0.71733680   -0.64420492   -0.26538260
   -0.19133372   -0.28002315    0.94073293   -0.28002315    0.93418052    0.22111940   -0.94073293   -0.22111940   -0.25715320
   -0.04113483   -0.01820980    0.99898765   -0.01820980    0.99968150    0.01747263   -0.99898765   -0.01747263   -0.04145332
    0.03957400    0.61448598    0.78793456    0.61448598    0.60684839   -0.50412499   -0.78793456    0.50412499   -0.35357761
   -0.76831195    0.57874446    0.27340738    0.57874446    0.81058481   -0.08948252   -0.27340738    0.08948252   -0.95772715
    0.49779694   -0.03981821    0.86637908   -0.03981821    0.99684293    0.06869266   -0.86637908   -0.06869266    0.49463987
    0.18617073   -0.90528567   -0.38183545   -0.90528567   -0.00701975   -0.42474531    0.38183545    0.42474531   -0.82084902
   -0.94994190   -0.14812345   -0.27508150   -0.14812345    0.98874810   -0.02089602    0.27508150    0.02089602   -0.96119380
    0.80024510    0.25745727    0.54159351    0.25745727    0.66817212   -0.69804138   -0.54159351    0.69804138    0.46841722
    0.43659903   -0.70880257    0.55405794   -0.70880257    0.10827082    0.69704831   -0.55405794   -0.69704831   -0.45513015
    0.84480041    0.08969816    0.52750973    0.08969816    0.94815863   -0.30487612   -0.52750973    0.30487612    0.79295904
    0.58275270    0.25943318    0.77012578    0.25943318    0.83869141   -0.47884355   -0.77012578    0.47884355    0.42144411
    0.96544872    0.14759126   -0.21476869    0.14759126    0.36954061    0.91741842    0.21476869   -0.91741842    0.33498933
    0.99602869   -0.08252984   -0.03340184   -0.08252984   -0.71509328   -0.69414007    0.03340184    0.69414007   -0.71906459
    0.52736517   -0.69274707   -0.49192222   -0.69274707   -0.01536847   -0.72101686    0.49192222    0.72101686   -0.48800330
    0.70923921    0.53838916    0.45510093    0.53838916    0.00308811   -0.84269068   -0.45510093    0.84269068   -0.28767267
    0.35798732    0.38185376    0.85207558    0.38185376    0.77288254   -0.50679413   -0.85207558    0.50679413    0.13086986
   -0.70600592   -0.53461298    0.46448316   -0.53461298    0.83246774    0.14555561   -0.46448316   -0.14555561   -0.87353818
    0.80375919   -0.47854882    0.35349992   -0.47854882   -0.16697935    0.86203766   -0.35349992   -0.86203766   -0.36322016
    0.85343144    0.02361774   -0.52066974    0.02361774    0.99619429    0.08389960    0.52066974   -0.08389960    0.84962573
    0.70564554    0.18956704   -0.68273619    0.18956704    0.87791704    0.43968853    0.68273619   -0.43968853    0.58356259
    0.11730678    0.81752359   -0.56382117    0.81752359    0.24283455    0.52219400    0.56382117   -0.52219400   -0.63985867
    0.93315587   -0.23622712   -0.27095548   -0.23622712    0.16517350   -0.95755651    0.27095548    0.95755651    0.09832937
    0.92992121   -0.07409192   -0.36021790   -0.07409192    0.92166513   -0.38084612    0.36021790    0.38084612    0.85158634
    0.87329587   -0.15020248   -0.46345824   -0.15020248    0.82194121   -0.54941046    0.46345824    0.54941046    0.69523708
   -0.49140748   -0.04914591    0.86954204   -0.04914591    0.99838051    0.02865376   -0.86954204   -0.02865376   -0.49302697
    0.97206781   -0.10905372    0.20782555   -0.10905372    0.57422912    0.81139892   -0.20782555   -0.81139892    0.54629693
    0.94630790   -0.20740484    0.24796087   -0.20740484    0.19882502    0.95783707   -0.24796087   -0.95783707    0.14513292
   -0.27294766    0.05575431    0.96041191    0.05575431    0.99755800   -0.04206544   -0.96041191    0.04206544   -0.27538967
    0.51686372    0.14643901   -0.84344977    0.14643901    0.95561422    0.25565032    0.84344977   -0.25565032    0.47247794
    0.93782399    0.05933335   -0.34200251    0.05933335    0.94337934    0.32636632    0.34200251   -0.32636632    0.88120333
    0.07089603    0.24280195    0.96748177    0.24280195    0.93654877   -0.25283119   -0.96748177    0.25283119    0.00744481
    0.34344600    0.38954307   -0.85457652    0.38954307    0.76887841    0.50703273    0.85457652   -0.50703273    0.11232441
    0.90160918   -0.23556619    0.36278018   -0.23556619    0.43601007    0.86856421   -0.36278018   -0.86856421    0.33761925
    0.86042914    0.48819712    0.14603175    0.48819712   -0.70763741   -0.51079631   -0.14603175    0.51079631   -0.84720827
    0.71352578   -0.05244589    0.69866329   -0.05244589    0.99039854    0.12790686   -0.69866329   -0.12790686    0.70392431
   -0.83476263    0.20330308   -0.51170227    0.20330308    0.97747276    0.05669979    0.51170227   -0.05669979   -0.85728987
   -0.22895456    0.92398984   -0.30630473    0.92398984    0.30529797    0.23029530    0.30630473   -0.23029530   -0.92365658
    0.99307749    0.05553642   -0.10350264    0.05553642    0.55445406    0.83035920    0.10350264   -0.83035920    0.54753156
    0.25729344   -0.56248454   -0.78575520   -0.56248454    0.57400558   -0.59508717    0.78575520    0.59508717   -0.16870099
    0.07132139   -0.25663693    0.96387279   -0.25663693    0.92907933    0.26636271   -0.96387279   -0.26636271    0.00040072
    0.19331037   -0.45554866    0.86896865   -0.45554866    0.74274544    0.49071848   -0.86896865   -0.49071848   -0.06394418
    0.92477085    0.19230497    0.32835602    0.19230497    0.50841929   -0.83936204   -0.32835602    0.83936204    0.43319014
    0.33375357    0.22596060    0.91517778    0.22596060    0.92336440   -0.31038683   -0.91517778    0.31038683    0.25711797
    0.79952762    0.54861623    0.24449093    0.54861623   -0.50135280   -0.66907817   -0.24449093    0.66907817   -0.70182518
    0.99308061    0.02415848    0.11492290    0.02415848    0.91565269   -0.40124373   -0.11492290    0.40124373    0.90873329
    0.99165755   -0.10690432   -0.07201925   -0.10690432   -0.36992515   -0.92289049    0.07201925    0.92289049   -0.37826760
    0.33107508    0.73280023    0.59446877    0.73280023    0.19722504   -0.65123429   -0.59446877    0.65123429   -0.47169989
    0.92520584    0.27487168    0.26160987    0.27487168   -0.01016489   -0.96142719   -0.26160987    0.96142719   -0.08495905
    0.20925166    0.05058976    0.97655231    0.05058976    0.99676341   -0.06247696   -0.97655231    0.06247696    0.20601508
    0.94856570   -0.11171834    0.29621299   -0.11171834    0.75734119    0.64339205   -0.29621299   -0.64339205    0.70590689
   -0.36471661    0.73461250    0.57212434    0.73461250    0.60456587   -0.30796848   -0.57212434    0.30796848   -0.76015074
    0.36362731   -0.28225243    0.88775489   -0.28225243    0.87481167    0.39374878   -0.88775489   -0.39374878    0.23843899
    0.76480931    0.41580532   -0.49211041    0.41580532    0.26487710    0.87002647    0.49211041   -0.87002647    0.02968641
    0.75524233   -0.13466874    0.64146188   -0.13466874    0.92590357    0.35294037   -0.64146188   -0.35294037    0.68114591
    0.86474891    0.49552890    0.08161147    0.49552890   -0.81550397   -0.29900567   -0.08161147    0.29900567   -0.95075506
   -0.03856116   -0.53948739    0.84111022   -0.53948739    0.71975975    0.43692020   -0.84111022   -0.43692020   -0.31880141
    0.69478407    0.04479628    0.71782198    0.04479628    0.99342529   -0.10535411   -0.71782198    0.10535411    0.68820935
    0.52846393   -0.48584269   -0.69619161   -0.48584269    0.49941662   -0.71731438    0.69619161    0.71731438    0.02788054
