# Rotation matrices: 58 entries, row-major flattening of 3x3 -> 1x9
# https://github.com/Neurophysics-CFIN/GFO
# Col:  1    2    3    4    5    6    7    8    9
#       R11  R12  R13  R21  R22  R23  R31  R32  R33
# where Rij = R(i,j), i = row index, j = column index

    0.98202011    0.00830960   -0.18859338    0.00830960    0.99615963    0.08716042    0.18859338   -0.08716042    0.97817974
    0.95288941   -0.08741103   -0.29044981   -0.08741103    0.83781378   -0.53891314    0.29044981    0.53891314    0.79070319
    0.99923238   -0.00616006    0.03868716   -0.00616006    0.95056594    0.31046167   -0.03868716   -0.31046167    0.94979832
    0.94882469    0.07966764    0.30558923    0.07966764    0.87597668   -0.47572884   -0.30558923    0.47572884    0.82480136
    0.65700530   -0.01236605   -0.75378453   -0.01236605    0.99955416   -0.02717632    0.75378453    0.02717632    0.65655946
    0.59629488   -0.26246144    0.75864775   -0.26246144    0.82936554    0.49322084   -0.75864775   -0.49322084    0.42566041
    0.99759380    0.02557597    0.06443967    0.02557597    0.72814753   -0.68494309   -0.06443967    0.68494309    0.72574134
    0.99689154    0.02496526   -0.07472608    0.02496526    0.79949397    0.60015508    0.07472608   -0.60015508    0.79638551
    0.77689571    0.14022756    0.61381535    0.14022756    0.91186288   -0.38580088   -0.61381535    0.38580088    0.68875859
    0.96005482   -0.03315152   -0.27784116   -0.03315152    0.97248671   -0.23058746    0.27784116    0.23058746    0.93254153
    0.94885363   -0.07645430    0.30631933   -0.07645430    0.88571505    0.45789037   -0.30631933   -0.45789037    0.83456868
    0.98230029    0.09665941    0.16044657    0.09665941    0.47213593   -0.87621038   -0.16044657    0.87621038    0.45443622
    0.94150629    0.06784909   -0.33009453    0.06784909    0.92129924    0.38288929    0.33009453   -0.38288929    0.86280554
    0.50674974   -0.08028054    0.85834709   -0.08028054    0.98693368    0.13970305   -0.85834709   -0.13970305    0.49368343
    0.81295169   -0.21306701   -0.54195202   -0.21306701    0.75729504   -0.61733837    0.54195202    0.61733837    0.57024674
    0.99665313    0.03929338   -0.07168378    0.03929338    0.53868214    0.84159229    0.07168378   -0.84159229    0.53533527
    0.65104689    0.28603043    0.70308217    0.28603043    0.76554612   -0.57630350   -0.70308217    0.57630350    0.41659301
    0.49274210    0.15179854   -0.85683279    0.15179854    0.95457380    0.25640994    0.85683279   -0.25640994    0.44731591
    0.84083907   -0.19352900    0.50550587   -0.19352900    0.76468173    0.61466119   -0.50550587   -0.61466119    0.60552080
    0.98562810   -0.10042197   -0.13584060   -0.10042197    0.29831305   -0.94917056    0.13584060    0.94917056    0.28394115
    0.90534066    0.22366165   -0.36101767    0.22366165    0.47153094    0.85301468    0.36101767   -0.85301468    0.37687160
    0.30691397    0.30943994    0.90002819    0.30943994    0.86184532   -0.40183275   -0.90002819    0.40183275    0.16875929
    0.31366299   -0.31570300   -0.89551501   -0.31570300    0.85478215   -0.41192122    0.89551501    0.41192122    0.16844514
    0.95256039   -0.20774944    0.22241601   -0.20774944    0.09021544    0.97401301   -0.22241601   -0.97401301    0.04277583
    0.53278862    0.44911388    0.71723986    0.44911388    0.56828262   -0.68945746   -0.71723986    0.68945746    0.10107123
    0.15648672    0.18322751   -0.97053572    0.18322751    0.96019942    0.21081926    0.97053572   -0.21081926    0.11668614
    0.72418687   -0.44618793    0.52580386   -0.44618793    0.27819363    0.85060251   -0.52580386   -0.85060251    0.00238050
    0.85676159   -0.27609609   -0.43558067   -0.27609609    0.46781697   -0.83959409    0.43558067    0.83959409    0.32457857
    0.82761943    0.37143117   -0.42081464    0.37143117    0.19967130    0.90673605    0.42081464   -0.90673605    0.02729073
    0.68694301    0.37456281   -0.62274553    0.37456281    0.55184741    0.74509538    0.62274553   -0.74509538    0.23879042
    0.28072649   -0.23483494    0.93061549   -0.23483494    0.92332896    0.30383579   -0.93061549   -0.30383579    0.20405545
    0.60682401   -0.37370822   -0.70150323   -0.37370822    0.64479563   -0.66676890    0.70150323    0.66676890    0.25161964
    0.99487841    0.06311743   -0.07895024    0.06311743    0.22215378    0.97296654    0.07895024   -0.97296654    0.21703218
    0.53073472    0.13545280    0.83664401    0.13545280    0.96090173   -0.24149619   -0.83664401    0.24149619    0.49163644
    0.07200657   -0.10680115   -0.99166959   -0.10680115    0.98770844   -0.11412953    0.99166959    0.11412953    0.05971501
    0.76697780   -0.32506947    0.55324036   -0.32506947    0.54652320    0.77177861   -0.55324036   -0.77177861    0.31350100
    0.98379887    0.11874461    0.13431122    0.11874461    0.12967303   -0.98442096   -0.13431122    0.98442096    0.11347189
    0.40383282    0.36029407   -0.84089669    0.36029407    0.78225601    0.50819653    0.84089669   -0.50819653    0.18608883
    0.24018793    0.05332535    0.96926063    0.05332535    0.99625751   -0.06802492   -0.96926063    0.06802492    0.23644543
    0.38729578   -0.05420182   -0.92036088   -0.05420182    0.99520513   -0.08141814    0.92036088    0.08141814    0.38250090
    0.95380166   -0.16497944    0.25108598   -0.16497944    0.41083990    0.89665621   -0.25108598   -0.89665621    0.36464157
    0.83535999    0.29942729    0.46099565    0.29942729    0.45543797   -0.83840298   -0.46099565    0.83840298    0.29079796
    0.70478138    0.24025053   -0.66750498    0.24025053    0.80448281    0.54321919    0.66750498   -0.54321919    0.50926419
    0.43761725   -0.43821637    0.78514811   -0.43821637    0.65853578    0.61179820   -0.78514811   -0.61179820    0.09615303
    0.97379373   -0.10195275   -0.20330127   -0.10195275    0.60336350   -0.79092232    0.20330127    0.79092232    0.57715724
    0.90915767    0.15317762   -0.38725823    0.15317762    0.74171309    0.65299182    0.38725823   -0.65299182    0.65087076
    0.73376649    0.01425502    0.67925219    0.01425502    0.99923674   -0.03636940   -0.67925219    0.03636940    0.73300323
    0.81172464   -0.10217407   -0.57503354   -0.10217407    0.94455174   -0.31206163    0.57503354    0.31206163    0.75627638
    0.92290486   -0.03070476    0.38380182   -0.03070476    0.98777119    0.15285713   -0.38380182   -0.15285713    0.91067605
    0.88586657    0.18335521    0.42617048    0.18335521    0.70544008   -0.68464236   -0.42617048    0.68464236    0.59130666
    0.77711971    0.10969720   -0.61971887    0.10969720    0.94600924    0.30501318    0.61971887   -0.30501318    0.72312895
    0.91000314    0.03758024    0.41289467    0.03758024    0.98430751   -0.17241358   -0.41289467    0.17241358    0.89431066
    0.58688398   -0.19946861   -0.78471617   -0.19946861    0.90368874   -0.37889172    0.78471617    0.37889172    0.49057272
    0.97389430   -0.09127340    0.20784381   -0.09127340    0.68088059    0.72668480   -0.20784381   -0.72668480    0.65477489
    0.99450362    0.00354299    0.10464227    0.00354299    0.99771617   -0.06745287   -0.10464227    0.06745287    0.99221979
    0.86529299    0.00657412   -0.50122332    0.00657412    0.99967916    0.02446124    0.50122332   -0.02446124    0.86497216
    0.76451235   -0.11229019    0.63475332   -0.11229019    0.94645542    0.30267647   -0.63475332   -0.30267647    0.71096778
    0.99992832    0.00234104    0.01174234    0.00234104    0.92354661   -0.38347904   -0.01174234    0.38347904    0.92347493
