# Rotation matrices: 48 entries, row-major flattening of 3x3 -> 1x9
# https://github.com/Neurophysics-CFIN/GFO
# Col:  1    2    3    4    5    6    7    8    9
#       R11  R12  R13  R21  R22  R23  R31  R32  R33
# where Rij = R(i,j), i = row index, j = column index

   -0.17006065   -0.10635095    0.97967793   -0.10635095    0.99033339    0.08904639   -0.97967793   -0.08904639   -0.17972726
    0.40958051    0.12458105   -0.90372748    0.12458105    0.97371286    0.19069039    0.90372748   -0.19069039    0.38329338
    0.96930037    0.09349117   -0.22741195    0.09349117    0.71528650    0.69254936    0.22741195   -0.69254936    0.68458687
    0.99222159   -0.07252358   -0.10117629   -0.07252358    0.32381148   -0.94333793    0.10117629    0.94333793    0.31603307
    0.70711257   -0.00945814    0.70703774   -0.00945814    0.99969457    0.02283219   -0.70703774   -0.02283219    0.70680714
    0.60719824    0.76870107   -0.20101981    0.76870107   -0.50432456    0.39338963    0.20101981   -0.39338963   -0.89712632
    0.06645308    0.81244016    0.57924518    0.81244016    0.29295572   -0.50410111   -0.57924518    0.50410111   -0.64059121
    0.93027313    0.07026388   -0.36007623    0.07026388    0.92919498    0.36284940    0.36007623   -0.36284940    0.85946811
    0.49402846    0.61436117   -0.61522047    0.61436117    0.25402988    0.74701350    0.61522047   -0.74701350   -0.25194166
    0.35626078    0.77712971   -0.51879444    0.77712971    0.06183969    0.62629487    0.51879444   -0.62629487   -0.58189953
    0.88020583    0.34961806   -0.32094379    0.34961806   -0.02035669    0.93667114    0.32094379   -0.93667114   -0.14015086
    0.24453465   -0.33018726   -0.91169029   -0.33018726    0.85568680   -0.39846767    0.91169029    0.39846767    0.10022144
    0.95687664   -0.20446079   -0.20635621   -0.20446079    0.03059008   -0.97839666    0.20635621    0.97839666   -0.01253328
    0.98191108   -0.07748467   -0.17276214   -0.07748467    0.66809103   -0.74003412    0.17276214    0.74003412    0.65000211
    0.99807787   -0.00564275   -0.06171483   -0.00564275    0.98343472   -0.18117482    0.06171483    0.18117482    0.98151259
    0.99926485   -0.00309028    0.03821269   -0.00309028    0.98700969    0.16063101   -0.03821269   -0.16063101    0.98627454
    0.98354012    0.06483910    0.16865562    0.06483910    0.74458447   -0.66437178   -0.16865562    0.66437178    0.72812459
    0.97036640    0.18087681    0.16022683    0.18087681   -0.10403114   -0.97798829   -0.16022683    0.97798829   -0.13366475
    0.65633102   -0.15842278    0.73765291   -0.15842278    0.92697108    0.34003948   -0.73765291   -0.34003948    0.58330210
    0.85900560   -0.24360256   -0.45029676   -0.24360256    0.57911656   -0.77799859    0.45029676    0.77799859    0.43812216
    0.61857176    0.52798749    0.58189191    0.52798749    0.26913963   -0.80547692   -0.58189191    0.80547692   -0.11228861
    0.78882925   -0.47884296   -0.38530227   -0.47884296   -0.08580653   -0.87369712    0.38530227    0.87369712   -0.29697728
    0.39823225   -0.55634918   -0.72930561   -0.55634918    0.48564143   -0.67426108    0.72930561    0.67426108   -0.11612633
    0.80913763   -0.16908590   -0.56276661   -0.16908590    0.85020599   -0.49855766    0.56276661    0.49855766    0.65934361
    0.99341834   -0.11097923   -0.02834798   -0.11097923   -0.87132020   -0.47800075    0.02834798    0.47800075   -0.87790186
    0.28886228   -0.02744555    0.95697718   -0.02744555    0.99894077    0.03693344   -0.95697718   -0.03693344    0.28780305
    0.37472208   -0.83124587   -0.41062595   -0.83124587   -0.10506012   -0.54588706    0.41062595    0.54588706   -0.73033803
    0.32608474   -0.72548201   -0.60608960   -0.72548201    0.21900545   -0.65246645    0.60608960    0.65246645   -0.45490981
    0.92463050   -0.34382646   -0.16383469   -0.34382646   -0.56849431   -0.74739386    0.16383469    0.74739386   -0.64386381
    0.99994549    0.00875521    0.00568880    0.00875521   -0.40624345   -0.91372294   -0.00568880    0.91372294   -0.40629796
   -0.42856276   -0.35628324    0.83029887   -0.35628324    0.91114304    0.20707635   -0.83029887   -0.20707635   -0.51741972
    0.75136070   -0.39902707   -0.52558016   -0.39902707    0.35962417   -0.84347368    0.52558016    0.84347368    0.11098486
   -0.40581229    0.35114448   -0.84380918    0.35114448    0.91229096    0.21076707    0.84380918   -0.21076707   -0.49352133
    0.35732970   -0.26107013    0.89674850   -0.26107013    0.89394622    0.36428360   -0.89674850   -0.36428360    0.25127592
    0.70949663    0.05774944   -0.70233862    0.05774944    0.98851993    0.13961856    0.70233862   -0.13961856    0.69801657
    0.90931721    0.35197229   -0.22194081    0.35197229   -0.36613010    0.86143151    0.22194081   -0.86143151   -0.45681290
    0.68945356    0.58516437    0.42689161    0.58516437   -0.10262846   -0.80439422   -0.42689161    0.80439422   -0.41317490
    0.31657394    0.43068994   -0.84515509    0.43068994    0.72858246    0.53261034    0.84515509   -0.53261034    0.04515640
   -0.62929565   -0.54235295    0.55663297   -0.54235295    0.81946388    0.18528960   -0.55663297   -0.18528960   -0.80983177
    0.02077942    0.20753691   -0.97800647    0.20753691    0.95601444    0.20727959    0.97800647   -0.20727959   -0.02320615
   -0.91246687    0.23394359    0.33567038    0.23394359    0.97138272   -0.04106107   -0.33567038    0.04106107   -0.94108415
    0.57851551   -0.32051944   -0.75005806   -0.32051944    0.75625980   -0.57038443    0.75005806    0.57038443    0.33477531
    0.93101330    0.01600514    0.36463417    0.01600514    0.99628676   -0.08459630   -0.36463417    0.08459630    0.92730005
    0.06767807    0.64030652    0.76513217    0.64030652    0.56024585   -0.52548278   -0.76513217    0.52548278   -0.37207608
    0.90485170   -0.05567932    0.42207015   -0.05567932    0.96741731    0.24698897   -0.42207015   -0.24698897    0.87226901
    0.80828954    0.10878628    0.57864805    0.10878628    0.93826913   -0.32835437   -0.57864805    0.32835437    0.74655867
    0.96886868   -0.05880302   -0.24049050   -0.05880302    0.88892872   -0.45425537    0.24049050    0.45425537    0.85779740
    0.48379678    0.29573872    0.82369854    0.29573872    0.83056791   -0.47190630   -0.82369854    0.47190630    0.31436470
