# Rotation matrices: 8 entries, row-major flattening of 3x3 -> 1x9
# https://github.com/Neurophysics-CFIN/GFO
# Col:  1    2    3    4    5    6    7    8    9
#       R11  R12  R13  R21  R22  R23  R31  R32  R33
# where Rij = R(i,j), i = row index, j = column index

    0.97651672    0.01777634    0.21470702    0.01777634    0.98654369   -0.16252861   -0.21470702    0.16252861    0.96306041
   -0.22297163   -0.49531228    0.83961265   -0.49531228    0.79939498    0.34004914   -0.83961265   -0.34004914   -0.42357665
    0.98169288    0.05949832   -0.18093932    0.05949832    0.80662987    0.58805459    0.18093932   -0.58805459    0.78832276
   -0.03371217    0.48705415    0.87272089    0.48705415    0.77051471   -0.41119989   -0.87272089    0.41119989   -0.26319747
    0.80062247    0.42623728   -0.42110028    0.42623728    0.08877286    0.90024506    0.42110028   -0.90024506   -0.11060467
   -0.45192254   -0.15675513   -0.87817643   -0.15675513    0.98307611   -0.09481130    0.87817643    0.09481130   -0.46884643
    0.66847418   -0.56822802   -0.47985331   -0.56822802    0.02606960   -0.82245808    0.47985331    0.82245808   -0.30545622
    0.97173594   -0.10847000   -0.20967480   -0.10847000    0.58372078   -0.80467653    0.20967480    0.80467653    0.55545672
