# Rotation matrices: 21 entries, row-major flattening of 3x3 -> 1x9
# https://github.com/Neurophysics-CFIN/GFO
# Col:  1    2    3    4    5    6    7    8    9
#       R11  R12  R13  R21  R22  R23  R31  R32  R33
# where Rij = R(i,j), i = row index, j = column index

    0.94389888    0.25934293    0.20444108    0.25934293   -0.19888431   -0.94508533   -0.20444108    0.94508533   -0.25498543
    0.42705247   -0.54672253   -0.72022265   -0.54672253    0.47830210   -0.68725656    0.72022265    0.68725656   -0.09464542
    0.76028374   -0.54573857   -0.35233229   -0.54573857   -0.24242966   -0.80212048    0.35233229    0.80212048   -0.48214592
    0.92690046    0.29835757   -0.22768027    0.29835757   -0.21775372    0.92928256    0.22768027   -0.92928256   -0.29085326
    0.70267970    0.70424393   -0.10139885    0.70424393   -0.66809838    0.24017709    0.10139885   -0.24017709   -0.96541869
    0.18660301   -0.71491421    0.67385235   -0.71491421    0.37164469    0.59226506   -0.67385235   -0.59226506   -0.44175231
   -0.06019298    0.34689049    0.93597211    0.34689049    0.88649895   -0.30624597   -0.93597211    0.30624597   -0.17369403
    0.25632166   -0.92531130   -0.27946055   -0.92531130   -0.15130556   -0.34771486    0.27946055    0.34771486   -0.89498390
    0.09455221   -0.20841845   -0.97345859   -0.20841845    0.95202567   -0.22407337    0.97345859    0.22407337    0.04657788
    0.34661614    0.80244061   -0.48574306    0.80244061    0.01449826    0.59655584    0.48574306   -0.59655584   -0.63888560
    0.60634496   -0.17974551    0.77462077   -0.17974551    0.91792700    0.35369701   -0.77462077   -0.35369701    0.52427196
    0.74737590    0.23535780   -0.62131793    0.23535780    0.78072839    0.57885221    0.62131793   -0.57885221    0.52810429
    0.56228847    0.46501045    0.68381062    0.46501045    0.50598807   -0.72645809   -0.68381062    0.72645809    0.06827654
    0.90507660   -0.31120709    0.28980423   -0.31120709   -0.02029483    0.95012540   -0.28980423   -0.95012540   -0.11521823
    0.59953242   -0.00414150   -0.80033976   -0.00414150    0.99995717   -0.00827683    0.80033976    0.00827683    0.59948959
    0.40504810    0.15186903    0.90159405    0.15186903    0.96123350   -0.23014333   -0.90159405    0.23014333    0.36628160
    0.99146052    0.04773020   -0.12135842    0.04773020    0.73321888    0.67831549    0.12135842   -0.67831549    0.72467940
   -0.76118533    0.25143332   -0.59781115    0.25143332    0.96410445    0.08534573    0.59781115   -0.08534573   -0.79708088
    0.94627955    0.03508849   -0.32144022    0.03508849    0.97708131    0.20995452    0.32144022   -0.20995452    0.92336086
    0.95891540   -0.25852459    0.11681739   -0.25852459   -0.62676415    0.73507261   -0.11681739   -0.73507261   -0.66784875
   -0.17786728   -0.88716354    0.42579818   -0.88716354    0.33179302    0.32070898   -0.42579818   -0.32070898   -0.84607426
