# Rotation matrices: 42 entries, row-major flattening of 3x3 -> 1x9
# https://github.com/Neurophysics-CFIN/GFO
# Col:  1    2    3    4    5    6    7    8    9
#       R11  R12  R13  R21  R22  R23  R31  R32  R33
# where Rij = R(i,j), i = row index, j = column index

    0.92894676   -0.23305728   -0.28764948   -0.23305728    0.23556343   -0.94350102    0.28764948    0.94350102    0.16451019
    0.95238207   -0.12346530    0.27879151   -0.12346530    0.67987517    0.72285965   -0.27879151   -0.72285965    0.63225724
    0.85574660   -0.12258718    0.50266304   -0.12258718    0.89582486    0.42716531   -0.50266304   -0.42716531    0.75157146
    0.36712359   -0.70432487   -0.60757448   -0.70432487    0.21616051   -0.67616648    0.60757448    0.67616648   -0.41671590
   -0.15703488   -0.12431020   -0.97973824   -0.12431020    0.98664429   -0.10526170    0.97973824    0.10526170   -0.17039060
    0.72510483   -0.58226064    0.36768946   -0.58226064   -0.23329721    0.77880996   -0.36768946   -0.77880996   -0.50819239
    0.62983904   -0.47578396   -0.61394822   -0.47578396    0.38845422   -0.78913430    0.61394822    0.78913430    0.01829326
    0.21932758    0.25392170    0.94202929    0.25392170    0.91740937   -0.30640467   -0.94202929    0.30640467    0.13673695
    0.65802595    0.62016324   -0.42708244    0.62016324   -0.12465387    0.77450563    0.42708244   -0.77450563   -0.46662792
    0.99537460    0.01066847    0.09547559    0.01066847    0.97539319   -0.22021422   -0.09547559    0.22021422    0.97076779
    0.83150267   -0.14402294   -0.53652652   -0.14402294    0.87689652   -0.45859556    0.53652652    0.45859556    0.70839918
    0.99597273    0.06701109    0.05956379    0.06701109   -0.11501854   -0.99110052   -0.05956379    0.99110052   -0.11904581
   -0.47326247    0.37293985    0.79808427    0.37293985    0.90559446   -0.20202607   -0.79808427    0.20202607   -0.56766801
   -0.38352035   -0.87686409    0.28986464   -0.87686409    0.44425058    0.18371388   -0.28986464   -0.18371388   -0.93926977
    0.96228820    0.09460050   -0.25505326    0.09460050    0.76269352    0.63980414    0.25505326   -0.63980414    0.72498172
    0.99927938    0.01904934   -0.03283061    0.01904934    0.49643940    0.86786234    0.03283061   -0.86786234    0.49571877
   -0.21809145    0.86372797    0.45432380    0.86372797    0.38754516   -0.32215329   -0.45432380    0.32215329   -0.83054629
    0.66541527    0.69548674   -0.27114703    0.69548674   -0.44567806    0.56362156    0.27114703   -0.56362156   -0.78026279
    0.79970168   -0.01361646   -0.60024313   -0.01361646    0.99907434   -0.04080508    0.60024313    0.04080508    0.79877602
   -0.01747589   -0.39931031    0.91664926   -0.39931031    0.84328992    0.35974071   -0.91664926   -0.35974071   -0.17418597
    0.87943383    0.06054338    0.47215532    0.06054338    0.96959760   -0.23709701   -0.47215532    0.23709701    0.84903143
    0.88562799    0.24749166   -0.39295157    0.24749166    0.46444829    0.85031504    0.39295157   -0.85031504    0.35007629
    0.95899495   -0.27383222   -0.07310681   -0.27383222   -0.82865478   -0.48820813    0.07310681    0.48820813   -0.86965983
   -0.41863873   -0.39026628    0.82002063   -0.39026628    0.89263808    0.22558696   -0.82002063   -0.22558696   -0.52600065
   -0.07720535    0.74279683   -0.66505053    0.74279683    0.48779763    0.45859169    0.66505053   -0.45859169   -0.58940772
    0.49522972    0.08302517    0.86478572    0.08302517    0.98634393   -0.14224090   -0.86478572    0.14224090    0.48157365
    0.74912465   -0.02410024    0.66199052   -0.02410024    0.99768482    0.06359384   -0.66199052   -0.06359384    0.74680947
    0.38382840   -0.37876107    0.84214952   -0.37876107    0.76717534    0.51766983   -0.84214952   -0.51766983    0.15100373
    0.86105868   -0.48434256    0.15488781   -0.48434256   -0.68839418    0.53993123   -0.15488781   -0.53993123   -0.82733550
    0.99988095    0.00693773    0.01378222    0.00693773    0.59569139   -0.80318344   -0.01378222    0.80318344    0.59557234
   -0.02161031    0.47054650    0.88211053    0.47054650    0.78326960   -0.40629389   -0.88211053    0.40629389   -0.23834071
    0.24709400   -0.67685071    0.69341018   -0.67685071    0.39152181    0.62336490   -0.69341018   -0.62336490   -0.36138419
    0.16490429    0.76781199    0.61908911    0.76781199    0.29405069   -0.56920906   -0.61908911    0.56920906   -0.54104503
    0.21672657    0.02382741   -0.97594152    0.02382741    0.99927516    0.02968843    0.97594152   -0.02968843    0.21600173
    0.57568898    0.43223177   -0.69408781    0.43223177    0.55969961    0.70704458    0.69408781   -0.70704458    0.13538859
    0.55668045    0.37167245    0.74294446    0.37167245    0.68839540   -0.62287347   -0.74294446    0.62287347    0.24507584
    0.98900920    0.11756090   -0.08966743    0.11756090   -0.25746609    0.95910930    0.08966743   -0.95910930   -0.26845690
    0.79887048    0.41959181   -0.43098569    0.41959181    0.12465714    0.89911251    0.43098569   -0.89911251   -0.07647237
    0.30282988    0.94459799    0.12660451    0.94459799   -0.27983879   -0.17153685   -0.12660451    0.17153685   -0.97700891
    0.95809529   -0.02072895    0.28569865   -0.02072895    0.98974604    0.14132619   -0.28569865   -0.14132619    0.94784133
   -0.30309201   -0.48864803   -0.81814323   -0.48864803    0.81676129   -0.30679651    0.81814323    0.30679651   -0.48633072
    0.91750701   -0.23519365    0.32072549   -0.23519365    0.32944542    0.91441219   -0.32072549   -0.91441219    0.24695243
