# Rotation matrices: 43 entries, row-major flattening of 3x3 -> 1x9
# https://github.com/Neurophysics-CFIN/GFO
# Col:  1    2    3    4    5    6    7    8    9
#       R11  R12  R13  R21  R22  R23  R31  R32  R33
# where Rij = R(i,j), i = row index, j = column index

    0.64214329    0.35313345    0.68040338    0.35313345    0.65152747   -0.67142291   -0.68040338    0.67142291    0.29367077
    0.71166271    0.58588011    0.38766052    0.58588011   -0.19046518   -0.78769760   -0.38766052    0.78769760   -0.47880248
    0.26857330    0.43020701    0.86185284    0.43020701    0.74696293   -0.50692042   -0.86185284    0.50692042    0.01553623
    0.96298174   -0.23126151    0.13850731   -0.23126151   -0.44474350    0.86528685   -0.13850731   -0.86528685   -0.48176176
    0.99434928   -0.06120792    0.08673580   -0.06120792    0.33700315    0.93951182   -0.08673580   -0.93951182    0.33135243
    0.15341424    0.16685086   -0.97397375    0.16685086    0.96711590    0.19195734    0.97397375   -0.19195734    0.12053014
    0.07981959   -0.71250155   -0.69711575   -0.71250155    0.44830551   -0.53978117    0.69711575    0.53978117   -0.47187490
    0.94254274   -0.11523930    0.31358107   -0.11523930    0.76887000    0.62893468   -0.31358107   -0.62893468    0.71141274
    0.99944341    0.01406217   -0.03025120    0.01406217    0.64472407    0.76428602    0.03025120   -0.76428602    0.64416748
    0.79474456    0.58060948    0.17684379    0.58060948   -0.64237966   -0.50024095   -0.17684379    0.50024095   -0.84763510
    0.51499266    0.14856493   -0.84422214    0.14856493    0.95449236    0.25859774    0.84422214   -0.25859774    0.46948503
   -0.87388631   -0.00181752   -0.48612695   -0.00181752    0.99999824   -0.00047151    0.48612695    0.00047151   -0.87388807
   -0.87273025    0.47397334   -0.11700932    0.47397334    0.88004106    0.02961414    0.11700932   -0.02961414   -0.99268919
    0.98520014   -0.02904904    0.16892852   -0.02904904    0.94298279    0.33157143   -0.16892852   -0.33157143    0.92818293
   -0.21645588    0.42427460   -0.87928262    0.42427460    0.85202181    0.30667555    0.87928262   -0.30667555   -0.36443406
    0.82004877   -0.10614082    0.56236478   -0.10614082    0.93739485    0.33170019   -0.56236478   -0.33170019    0.75744362
    0.62815514   -0.59868139    0.49699267   -0.59868139    0.03610498    0.80017312   -0.49699267   -0.80017312   -0.33573988
    0.00236698   -0.44122104   -0.89739534   -0.44122104    0.80486211   -0.39688913    0.89739534    0.39688913   -0.19277091
    0.71231317    0.09842171    0.69492670    0.09842171    0.96632855   -0.23774419   -0.69492670    0.23774419    0.67864172
    0.06471836    0.84842024    0.52535192    0.84842024    0.23037419   -0.47656147   -0.52535192    0.47656147   -0.70490746
    0.78457298    0.04184881   -0.61862259    0.04184881    0.99187046    0.12017350    0.61862259   -0.12017350    0.77644344
   -0.03588348   -0.72188526    0.69108180   -0.72188526    0.49693345    0.48160027   -0.69108180   -0.48160027   -0.53895003
    0.96307909    0.01986897   -0.26848445    0.01986897    0.98930752    0.14448477    0.26848445   -0.14448477    0.95238661
    0.68694576    0.43740932   -0.58032630    0.43740932    0.38883782    0.81085032    0.58032630   -0.81085032    0.07578357
    0.82505382    0.18890080    0.53254359    0.18890080    0.79603149   -0.57502204   -0.53254359    0.57502204    0.62108532
    0.94878958    0.06182887    0.30979917    0.06182887    0.92535096   -0.37403582   -0.30979917    0.37403582    0.87414054
    0.55168306   -0.06398362    0.83159599   -0.06398362    0.99086828    0.11868506   -0.83159599   -0.11868506    0.54255134
    0.89005329   -0.31085270   -0.33343025   -0.31085270    0.12112509   -0.94270850    0.33343025    0.94270850    0.01117838
    0.41501697   -0.89390816    0.16937860   -0.89390816   -0.36597434    0.25882617   -0.16937860   -0.25882617   -0.95095736
    0.99917143   -0.03879797    0.01229524   -0.03879797   -0.81672128    0.57572655   -0.01229524   -0.57572655   -0.81754985
    0.55291898   -0.06979940   -0.83030635   -0.06979940    0.98910275   -0.12962948    0.83030635    0.12962948    0.54202173
    0.99996984   -0.00506837   -0.00588560   -0.00506837    0.14839864   -0.98891464    0.00588560    0.98891464    0.14836847
    0.19616255    0.67402806    0.71218427    0.67402806    0.43481879   -0.59717568   -0.71218427    0.59717568   -0.36901867
    0.83686451    0.42274763   -0.34776749    0.42274763   -0.09550387    0.90120112    0.34776749   -0.90120112   -0.25863936
    0.22078733   -0.15930683   -0.96222362   -0.15930683    0.96743037   -0.19672267    0.96222362    0.19672267    0.18821770
    0.51142455   -0.53638408   -0.67136953   -0.53638408    0.41112906   -0.73706513    0.67136953    0.73706513   -0.07744639
   -0.19059437   -0.02772628   -0.98127725   -0.02772628    0.99935432   -0.02285176    0.98127725    0.02285176   -0.19124006
    0.68737473   -0.57724702   -0.44079685   -0.57724702   -0.06585791   -0.81390946    0.44079685    0.81390946   -0.37848318
    0.85773860   -0.06811308   -0.50955383   -0.06811308    0.96738826   -0.24396835    0.50955383    0.24396835    0.82512686
    0.88526356    0.41160322   -0.21654382    0.41160322   -0.47657713    0.77682496    0.21654382   -0.77682496   -0.59131358
    0.53976458   -0.75579333    0.37071640   -0.75579333   -0.24115513    0.60878621   -0.37071640   -0.60878621   -0.70139055
    0.95201575    0.19617830   -0.23490443    0.19617830    0.19794677    0.96038073    0.23490443   -0.96038073    0.14996252
    0.44321133   -0.37320769   -0.81503358   -0.37320769    0.74984409   -0.54630565    0.81503358    0.54630565    0.19305541
