# Rotation matrices: 9 entries, row-major flattening of 3x3 -> 1x9
# https://github.com/Neurophysics-CFIN/GFO
# Col:  1    2    3    4    5    6    7    8    9
#       R11  R12  R13  R21  R22  R23  R31  R32  R33
# where Rij = R(i,j), i = row index, j = column index

    0.89788655    0.01003854    0.44011246    0.01003854    0.99901313   -0.04326647   -0.44011246    0.04326647    0.89689968
    0.97450315   -0.06861661   -0.21362439   -0.06861661    0.81534038   -0.57490159    0.21362439    0.57490159    0.78984352
    0.84116960    0.25571097   -0.47649303    0.25571097    0.58831496    0.76713585    0.47649303   -0.76713585    0.42948456
    0.96432700   -0.18083826   -0.19331571   -0.18083826    0.08327092   -0.97998136    0.19331571    0.97998136    0.04759792
    0.15879084    0.16055444    0.97417028    0.16055444    0.96935634   -0.18593159   -0.97417028    0.18593159    0.12814718
    0.41652071   -0.32543873   -0.84888169   -0.32543873    0.81848479   -0.47346836    0.84888169    0.47346836    0.23500550
    0.87457641   -0.18484587    0.44827236   -0.18484587    0.72757920    0.66065158   -0.44827236   -0.66065158    0.60215561
    0.80337365    0.27528110    0.52802567    0.27528110    0.61460059   -0.73924721   -0.52802567    0.73924721    0.41797423
    0.87181436    0.03627241   -0.48849159    0.03627241    0.98973607    0.13822740    0.48849159   -0.13822740    0.86155043
