# Rotation matrices: 80 entries, row-major flattening of 3x3 -> 1x9
# https://github.com/Neurophysics-CFIN/GFO
# Col:  1    2    3    4    5    6    7    8    9
#       R11  R12  R13  R21  R22  R23  R31  R32  R33
# where Rij = R(i,j), i = row index, j = column index

    0.95646220   -0.02105186    0.29109601   -0.02105186    0.98982078    0.14075385   -0.29109601   -0.14075385    0.94628297
    0.97628130   -0.00268954   -0.21648925   -0.00268954    0.99969503   -0.02454837    0.21648925    0.02454837    0.97597632
    0.99998855    0.00050583   -0.00475892    0.00050583    0.97765724    0.21020483    0.00475892   -0.21020483    0.97764579
    0.98250414    0.03552158    0.18282183    0.03552158    0.92788105   -0.37118052   -0.18282183    0.37118052    0.91038519
    0.81593322    0.09196855   -0.57078435    0.09196855    0.95404813    0.28519109    0.57078435   -0.28519109    0.76998134
    0.89007671   -0.13991902    0.43380425   -0.13991902    0.82190005    0.55218021   -0.43380425   -0.55218021    0.71197675
    0.95459619   -0.07994562   -0.28697527   -0.07994562    0.85923423   -0.50529717    0.28697527    0.50529717    0.81383043
    0.99589798    0.02178340   -0.08782192    0.02178340    0.88432114    0.46637066    0.08782192   -0.46637066    0.88021913
    0.94426114    0.02278624    0.32840781    0.02278624    0.99068490   -0.13425426   -0.32840781    0.13425426    0.93494604
    0.91231662   -0.05149534   -0.40623469   -0.05149534    0.96975744   -0.23857649    0.40623469    0.23857649    0.88207405
    0.92693741   -0.16613216    0.33643297   -0.16613216    0.62224315    0.76499253   -0.33643297   -0.76499253    0.54918056
    0.93764249    0.10700935    0.33071975    0.10700935    0.81636530   -0.56753563   -0.33071975    0.56753563    0.75400779
    0.92053639    0.11017264   -0.37479960    0.11017264    0.84725070    0.51964241    0.37479960   -0.51964241    0.76778710
    0.68758546    0.08263847    0.72138555    0.08263847    0.97814085   -0.19081762   -0.72138555    0.19081762    0.66572631
    0.69728981   -0.25786639   -0.66879881   -0.25786639    0.78033421   -0.56972226    0.66879881    0.56972226    0.47762402
    0.98621063    0.06266687   -0.15317133    0.06266687    0.71520550    0.69609910    0.15317133   -0.69609910    0.70141613
    0.67599825    0.29894554    0.67354133    0.29894554    0.72417298   -0.62145399   -0.67354133    0.62145399    0.40017123
    0.60244342   -0.14555401   -0.78477764   -0.14555401    0.94670955   -0.28732397    0.78477764    0.28732397    0.54915297
    0.54819849   -0.34353414    0.76253702   -0.34353414    0.73878860    0.57980661   -0.76253702   -0.57980661    0.28698709
    0.98789530   -0.06247279   -0.14198601   -0.06247279    0.67757569   -0.73279488    0.14198601    0.73279488    0.66547099
    0.62426322    0.13191487   -0.76999604    0.13191487    0.95368690    0.27033268    0.76999604   -0.27033268    0.57795012
    0.24157623    0.16404670    0.95641498    0.16404670    0.96451678   -0.20687210   -0.95641498    0.20687210    0.20609301
    0.42693539   -0.27131209   -0.86262154   -0.27131209    0.87154982   -0.40840012    0.86262154    0.40840012    0.29848521
    0.99732224   -0.03479069    0.06432697   -0.03479069    0.54798354    0.83576531   -0.06432697   -0.83576531    0.54530578
    0.88202506    0.20305639    0.42520570    0.20305639    0.65050291   -0.73185659   -0.42520570    0.73185659    0.53252798
    0.50672841    0.27441225   -0.81726632    0.27441225    0.84734154    0.45465397    0.81726632   -0.45465397    0.35406994
    0.67667069   -0.05550765    0.73419050   -0.05550765    0.99047071    0.12604236   -0.73419050   -0.12604236    0.66714139
    0.99974657   -0.01216173   -0.01894420   -0.01216173    0.41637073   -0.90911358    0.01894420    0.90911358    0.41611730
    0.88013499    0.27239881   -0.38879465    0.27239881    0.38096101    0.88355396    0.38879465   -0.88355396    0.26109600
    0.53618727    0.20131162    0.81974194    0.20131162    0.91262342   -0.35579786   -0.81974194    0.35579786    0.44881069
    0.32460694   -0.09332893   -0.94123326   -0.09332893    0.98710338   -0.13006396    0.94123326    0.13006396    0.31171032
    0.26674203   -0.43638953   -0.85930953   -0.43638953    0.74028810   -0.51140757    0.85930953    0.51140757    0.00703013
    0.99374462    0.06992295   -0.08707709    0.06992295    0.21839832    0.97335140    0.08707709   -0.97335140    0.21214293
    0.69277214    0.43793735   -0.57295517    0.43793735    0.37574305    0.81671784    0.57295517   -0.81671784    0.06851519
    0.21972100   -0.05999450    0.97371625   -0.05999450    0.99538711    0.07486760   -0.97371625   -0.07486760    0.21510811
    0.80773361   -0.38772613   -0.44411132   -0.38772613    0.21810801   -0.89559887    0.44411132    0.89559887    0.02584162
    0.97040755   -0.16285967    0.17828603   -0.16285967    0.10371476    0.98118295   -0.17828603   -0.98118295    0.07412231
    0.42628142    0.42751944   -0.79718961    0.42751944    0.68142416    0.59404397    0.79718961   -0.59404397    0.10770559
    0.06583689    0.05091755   -0.99653043    0.05091755    0.99722468    0.05431695    0.99653043   -0.05431695    0.06306157
    0.57292296   -0.47142866    0.67045828   -0.47142866    0.47961384    0.74008485   -0.67045828   -0.74008485    0.05253680
    0.96133134   -0.17119004   -0.21572212   -0.17119004    0.24212459   -0.95502338    0.21572212    0.95502338    0.20345592
    0.81316114    0.32366075    0.48374856    0.32366075    0.43932281   -0.83799713   -0.48374856    0.83799713    0.25248396
    0.36473265    0.34388810    0.86528092    0.34388810    0.81384369   -0.46840092   -0.86528092    0.46840092    0.17857635
    0.31841177   -0.26361842    0.91055987   -0.26361842    0.89804009    0.35217797   -0.91055987   -0.35217797    0.21645186
    0.79822184   -0.31828727   -0.51140502   -0.31828727    0.49792985   -0.80669639    0.51140502    0.80669639    0.29615170
    0.90016708    0.29599397    0.31951024    0.29599397    0.12240939   -0.94731384   -0.31951024    0.94731384    0.02257647
    0.18937082    0.29177306   -0.93755382    0.29177306    0.89498093    0.33745757    0.93755382   -0.33745757    0.08435176
    0.10353016   -0.22095500   -0.96977337   -0.22095500    0.94554071   -0.23902229    0.96977337    0.23902229    0.04907086
    0.96714296   -0.14480277    0.20896568   -0.14480277    0.36184628    0.92092314   -0.20896568   -0.92092314    0.32898924
    0.95689329    0.16269061    0.24059715    0.16269061    0.38598336   -0.90804659   -0.24059715    0.90804659    0.34287666
    0.70137521    0.32935557   -0.63213743    0.32935557    0.63675122    0.69718921    0.63213743   -0.69718921    0.33812642
    0.50034247   -0.14739596    0.85318922   -0.14739596    0.95651908    0.25168569   -0.85318922   -0.25168569    0.45686155
    0.56631922   -0.39131794   -0.72536391   -0.39131794    0.64690680   -0.65450887    0.72536391    0.65450887    0.21322602
    0.97535023    0.11309774   -0.18947517    0.11309774    0.48108660    0.86934722    0.18947517   -0.86934722    0.45643683
    0.56812494    0.43019633    0.70154484    0.43019633    0.57147586   -0.69881790   -0.70154484    0.69881790    0.13960081
    0.35303294    0.11884858   -0.92803166    0.11884858    0.97816738    0.17048046    0.92803166   -0.17048046    0.33120032
    0.70467190   -0.18703245    0.68443873   -0.18703245    0.88155162    0.43345774   -0.68443873   -0.43345774    0.58622352
    0.99609980    0.05899787    0.06560822    0.05899787    0.10754599   -0.99244804   -0.06560822    0.99244804    0.10364579
    0.75790924    0.20474869   -0.61939612    0.20474869    0.82683343    0.52385537    0.61939612   -0.52385537    0.58474267
    0.47040316    0.03285568    0.88183976    0.03285568    0.99796167   -0.05470849   -0.88183976    0.05470849    0.46836483
    0.81073398   -0.13727839   -0.56909144   -0.13727839    0.90042927   -0.41277327    0.56909144    0.41277327    0.71116325
    0.81461980   -0.32373084    0.48124102   -0.32373084    0.43466639    0.84039483   -0.48124102   -0.84039483    0.24928619
    0.98555679    0.07303496    0.15278650    0.07303496    0.63068428   -0.77259513   -0.15278650    0.77259513    0.61624106
    0.55536381    0.00225473   -0.83160445    0.00225473    0.99998857    0.00421703    0.83160445   -0.00421703    0.55535238
    0.85393843   -0.08376504    0.51358794   -0.08376504    0.95196147    0.29453824   -0.51358794   -0.29453824    0.80589990
    0.94204648   -0.16837198   -0.29017118   -0.16837198    0.51083004   -0.84303235    0.29017118    0.84303235    0.45287652
    0.88592455    0.19778374   -0.41954653    0.19778374    0.65708303    0.72740874    0.41954653   -0.72740874    0.54300758
    0.77337494    0.18219131    0.60720468    0.18219131    0.85353044   -0.48815174   -0.60720468    0.48815174    0.62690538
    0.74991810   -0.03999161   -0.66032077   -0.03999161    0.99360478   -0.10559456    0.66032077    0.10559456    0.74352288
    0.77012433   -0.26724587    0.57921340   -0.26724587    0.68930878    0.67337438   -0.57921340   -0.67337438    0.45943311
    0.99975890    0.00661686    0.02093683    0.00661686    0.81840095   -0.57460953   -0.02093683    0.57460953    0.81815985
    0.95241987    0.04172728   -0.30191923    0.04172728    0.96340561    0.26478005    0.30191923   -0.26478005    0.91582548
    0.83175116    0.00043643    0.55514846    0.00043643    0.99999887   -0.00144003   -0.55514846    0.00144003    0.83175003
    0.87936576   -0.18081627   -0.44047853   -0.18081627    0.72897808   -0.66022453    0.44047853    0.66022453    0.60834384
    0.98923068   -0.04972592    0.13765901   -0.04972592    0.77039714    0.63562220   -0.13765901   -0.63562220    0.75962781
    0.86495550    0.08660755    0.49431884    0.08660755    0.94445633   -0.31701953   -0.49431884    0.31701953    0.80941183
    0.87519805    0.01167907   -0.48362378    0.01167907    0.99890706    0.04525791    0.48362378   -0.04525791    0.87410512
    0.97338422   -0.04777301    0.22414484   -0.04777301    0.91425161    0.40232044   -0.22414484   -0.40232044    0.88763582
    0.99337620   -0.01834602   -0.11343349   -0.01834602    0.94918685   -0.31417789    0.11343349    0.31417789    0.94256305
    0.99827990    0.00238209    0.05857961    0.00238209    0.99670115   -0.08112428   -0.05857961    0.08112428    0.99498105
