# Rotation matrices: 86 entries, row-major flattening of 3x3 -> 1x9
# https://github.com/Neurophysics-CFIN/GFO
# Col:  1    2    3    4    5    6    7    8    9
#       R11  R12  R13  R21  R22  R23  R31  R32  R33
# where Rij = R(i,j), i = row index, j = column index

    0.99732590    0.00514777    0.07290092    0.00514777    0.99009028   -0.14033793   -0.07290092    0.14033793    0.98741618
    0.99890253   -0.00330213    0.04672071   -0.00330213    0.99006434    0.14057629   -0.04672071   -0.14057629    0.98896688
    0.99916156    0.01826632   -0.03664041    0.01826632    0.60204887    0.79825027    0.03664041   -0.79825027    0.60121043
    0.94020461    0.04297202    0.33788860    0.04297202    0.96911811   -0.24282400   -0.33788860    0.24282400    0.90932272
    0.62280667    0.05838146   -0.78019450    0.05838146    0.99096380    0.12075742    0.78019450   -0.12075742    0.61377047
    0.95363797   -0.00710639    0.30087228   -0.00710639    0.99891073    0.04611779   -0.30087228   -0.04611779    0.95254870
    0.98480974   -0.03093727   -0.17085863   -0.03093727    0.93699159   -0.34797937    0.17085863    0.34797937    0.92180133
    0.97764871    0.07006829   -0.19822573    0.07006829    0.78034535    0.62141094    0.19822573   -0.62141094    0.75799406
    0.93671407    0.09532293    0.33686836    0.09532293    0.85642211   -0.50739996   -0.33686836    0.50739996    0.79313617
    0.56697606   -0.08482013   -0.81935566   -0.08482013    0.98338555   -0.16049424    0.81935566    0.16049424    0.55036161
    0.81856005   -0.22486516    0.52857838   -0.22486516    0.72131640    0.65508649   -0.52857838   -0.65508649    0.53987645
    0.91503364    0.17679981    0.36256759    0.17679981    0.63211118   -0.75443839   -0.36256759    0.75443839    0.54714483
    0.92887567    0.07879190   -0.36191413    0.07879190    0.91271394    0.40093029    0.36191413   -0.40093029    0.84158961
    0.92227575   -0.11308683    0.36961982   -0.11308683    0.83546150    0.53778755   -0.36961982   -0.53778755    0.75773725
    0.91488451   -0.10423072   -0.39002859   -0.10423072    0.87236115   -0.47762117    0.39002859    0.47762117    0.78724566
    0.99849826    0.01187045   -0.05348190    0.01187045    0.90617042    0.42274610    0.05348190   -0.42274610    0.90466868
    0.81862588    0.18921267    0.54226399    0.18921267    0.80261001   -0.56569933   -0.54226399    0.56569933    0.62123589
    0.68796058    0.19089018   -0.70019367    0.19089018    0.88322289    0.42834363    0.70019367   -0.42834363    0.57118347
    0.45925679   -0.02894431    0.88783187   -0.02894431    0.99845070    0.04752289   -0.88783187   -0.04752289    0.45770749
    0.88716751   -0.23047833   -0.39976686   -0.23047833    0.52921130   -0.81658750    0.39976686    0.81658750    0.41637882
    0.86250615    0.16391502   -0.47876404    0.16391502    0.80458666    0.57076456    0.47876404   -0.57076456    0.66709281
    0.32614839   -0.19980763    0.92396111   -0.19980763    0.94075388    0.27396905   -0.92396111   -0.27396905    0.26690227
    0.80195649   -0.21362918   -0.55787844   -0.21362918    0.76955857   -0.60178250    0.55787844    0.60178250    0.57151507
    0.95879614   -0.12187891    0.25662324   -0.12187891    0.63948838    0.75907848   -0.25662324   -0.75907848    0.59828452
    0.84337711    0.29055479    0.45198779    0.29055479    0.46098502   -0.83849313   -0.45198779    0.83849313    0.30436213
    0.46268762    0.18217271   -0.86760202    0.18217271    0.93823538    0.29415554    0.86760202   -0.29415554    0.40092299
    0.66642181   -0.37171876    0.64630267   -0.37171876    0.58577978    0.72019943   -0.64630267   -0.72019943    0.25220158
    0.98490743   -0.09598154   -0.14403090   -0.09598154    0.38960331   -0.91596769    0.14403090    0.91596769    0.37451073
    0.99981138    0.01279092   -0.01461462    0.01279092    0.13258517    0.99108908    0.01461462   -0.99108908    0.13239655
    0.63718984    0.19530921    0.74554908    0.19530921    0.89486048   -0.40134653   -0.74554908    0.40134653    0.53205032
    0.33220472   -0.17227171   -0.92734162   -0.17227171    0.95555892   -0.23922710    0.92734162    0.23922710    0.28776364
    0.77318526   -0.39547447    0.49576658   -0.39547447    0.31045022    0.86441923   -0.49576658   -0.86441923    0.08363548
    0.98523460    0.09086029    0.14511095    0.09086029    0.44088252   -0.89295409   -0.14511095    0.89295409    0.42611712
    0.74598657    0.28134655   -0.60361258    0.28134655    0.68837914    0.66856434    0.60361258   -0.66856434    0.43436571
    0.18566443    0.22660851    0.95612620    0.22660851    0.93694072   -0.26606518   -0.95612620    0.26606518    0.12260514
    0.08362658   -0.26299557   -0.96116592   -0.26299557    0.92452130   -0.27585084    0.96116592    0.27585084    0.00814789
    0.94541195   -0.21001748    0.24917646   -0.21001748    0.19199639    0.95866055   -0.24917646   -0.95866055    0.13740834
    0.61579349    0.42189218   -0.66543622    0.42189218    0.53672567    0.73070688    0.66543622   -0.73070688    0.15251916
    0.18624031   -0.00882495    0.98246459   -0.00882495    0.99990430    0.01065449   -0.98246459   -0.01065449    0.18614461
    0.35787676   -0.38094706    0.85252775   -0.38094706    0.77399874    0.50577197   -0.85252775   -0.50577197    0.13187550
    0.99992822   -0.00785122   -0.00905008   -0.00785122    0.14118666   -0.98995186    0.00905008    0.98995186    0.14111489
    0.53920730    0.44156291    0.71713157    0.44156291    0.57686439   -0.68720425   -0.71713157    0.68720425    0.11607169
    0.50381428    0.32768927   -0.79924396    0.32768927    0.78358858    0.52783395    0.79924396   -0.52783395    0.28740287
    0.48602934   -0.48571373   -0.72653813   -0.48571373    0.54098970   -0.68659473    0.72653813    0.68659473    0.02701905
    0.65749841   -0.33362184   -0.67556814   -0.33362184    0.67502769   -0.65805325    0.67556814    0.65805325    0.33252610
    0.92822251    0.24395075   -0.28087542    0.24395075    0.17088253    0.95461363    0.28087542   -0.95461363    0.09910504
    0.45760747    0.31494976    0.83150589    0.31494976    0.81711889   -0.48282852   -0.83150589    0.48282852    0.27472636
    0.38272324   -0.35477300   -0.85302933   -0.35477300    0.79609814   -0.49026918    0.85302933    0.49026918    0.17882138
    0.93005116   -0.23581250   -0.28177527   -0.23581250    0.20502562   -0.94992471    0.28177527    0.94992471    0.13507678
    0.75240961    0.42167562    0.50603305    0.42167562    0.28183671   -0.86183394   -0.50603305    0.86183394    0.03424632
    0.20195807    0.20746559   -0.95716820    0.20746559    0.94606553    0.24883337    0.95716820   -0.24883337    0.14802360
    0.57575501   -0.15992430    0.80182940   -0.15992430    0.93971460    0.30225932   -0.80182940   -0.30225932    0.51546960
    0.76182729   -0.37212947   -0.53022527   -0.37212947    0.41857175   -0.82844272    0.53022527    0.82844272    0.18039904
    0.98077725    0.10854292   -0.16215556    0.10854292    0.38710310    0.91562526    0.16215556   -0.91562526    0.36788035
    0.70228355    0.30804481    0.64179920    0.30804481    0.68126851   -0.66406446   -0.64179920    0.66406446    0.38355206
    0.08624022   -0.01253426   -0.99619552   -0.01253426    0.99982806   -0.01366506    0.99619552    0.01366506    0.08606829
    0.59927305   -0.28436332    0.74833770   -0.28436332    0.79821048    0.53103440   -0.74833770   -0.53103440    0.39748353
    0.94719737    0.20232398    0.24876123    0.20232398    0.22475468   -0.95317907   -0.24876123    0.95317907    0.17195205
    0.93083356    0.16308721   -0.32703431    0.16308721    0.61545747    0.77111262    0.32703431   -0.77111262    0.54629103
    0.26533253    0.41921511   -0.86824959    0.41921511    0.76078796    0.49543958    0.86824959   -0.49543958    0.02612048
    0.58547381   -0.22823107   -0.77790166   -0.22823107    0.87433985   -0.42829943    0.77790166    0.42829943    0.45981366
    0.98888189   -0.08143575    0.12442199   -0.08143575    0.40351556    0.91134154   -0.12442199   -0.91134154    0.39239745
    0.98559267    0.06320154    0.15688421    0.06320154    0.72274984   -0.68821380   -0.15688421    0.68821380    0.70834251
    0.36552110    0.01835932   -0.93062197    0.01835932    0.99946875    0.02692854    0.93062197   -0.02692854    0.36498986
    0.71564352   -0.05373092    0.69639596   -0.05373092    0.98984721    0.13158834   -0.69639596   -0.13158834    0.70549073
    0.94290921   -0.13020895   -0.30654177   -0.13020895    0.70302792   -0.69914045    0.30654177    0.69914045    0.64593713
    0.84696417    0.29152692   -0.44459391    0.29152692    0.44465327    0.84693301    0.44459391   -0.84693301    0.29161745
    0.41977548    0.14000087    0.89676547    0.14000087    0.96621956   -0.21637821   -0.89676547    0.21637821    0.38599503
    0.76170616   -0.12962731   -0.63482320   -0.12962731    0.92948521   -0.34533172    0.63482320    0.34533172    0.69119137
    0.88037303   -0.24829143    0.40409739   -0.24829143    0.48465943    0.83872320   -0.40409739   -0.83872320    0.36503246
    0.99540012   -0.02978129   -0.09105867   -0.02978129    0.80718528   -0.58954643    0.09105867    0.58954643    0.80258540
    0.80036214    0.08971391   -0.59276628    0.08971391    0.95968407    0.26637924    0.59276628   -0.26637924    0.76004621
    0.64794287    0.06015871    0.75930953    0.06015871    0.98972022   -0.12974905   -0.75930953    0.12974905    0.63766309
    0.90159844   -0.04977983   -0.42970016   -0.04977983    0.97481715   -0.21737868    0.42970016    0.21737868    0.87641559
    0.99454946   -0.03400131    0.09856615   -0.03400131    0.78789469    0.61487061   -0.09856615   -0.61487061    0.78244415
    0.81457091    0.10210888    0.57100615    0.10210888    0.94377246   -0.31443175   -0.57100615    0.31443175    0.75834336
    0.76332263   -0.02598857   -0.64549450   -0.02598857    0.99714630   -0.07087911    0.64549450    0.07087911    0.76046893
    0.77839814   -0.15289619    0.60886705   -0.15289619    0.89450790    0.42009329   -0.60886705   -0.42009329    0.67290604
    0.99761892   -0.03086577   -0.06167492   -0.03086577    0.59988927   -0.79948744    0.06167492    0.79948744    0.59750819
    0.97639431    0.02193762   -0.21487876    0.02193762    0.97961258    0.19969459    0.21487876   -0.19969459    0.95600690
    0.84131133    0.01398321    0.54036998    0.01398321    0.99876784   -0.04761591   -0.54036998    0.04761591    0.84007917
    0.89252960    0.01859670   -0.45060524    0.01859670    0.99678202    0.07797281    0.45060524   -0.07797281    0.88931162
    0.88001448   -0.06427332    0.47057778   -0.06427332    0.96557035    0.25207706   -0.47057778   -0.25207706    0.84558483
    0.99446032    0.02207936    0.10276758    0.02207936    0.91199888   -0.40959802   -0.10276758    0.40959802    0.90645920
    0.98007199   -0.00781107   -0.19848901   -0.00781107    0.99693834   -0.07780066    0.19848901    0.07780066    0.97701032
    0.97452459   -0.04057979    0.22057902   -0.04057979    0.93536044    0.35136039   -0.22057902   -0.35136039    0.90988503
