# Rotation matrices: 90 entries, row-major flattening of 3x3 -> 1x9
# https://github.com/Neurophysics-CFIN/GFO
# Col:  1    2    3    4    5    6    7    8    9
#       R11  R12  R13  R21  R22  R23  R31  R32  R33
# where Rij = R(i,j), i = row index, j = column index

   -0.76085924    0.41154387    0.50172189    0.41154387    0.90381494   -0.11726126   -0.50172189    0.11726126   -0.85704430
    0.98956518   -0.08615971    0.11548703   -0.08615971    0.28858405    0.95357000   -0.11548703   -0.95357000    0.27814923
    0.64780199    0.14637428    0.74761430    0.14637428    0.93916652   -0.31071017   -0.74761430    0.31071017    0.58696852
    0.99787713   -0.02504282   -0.06011738   -0.02504282    0.70457848   -0.70918405    0.06011738    0.70918405    0.70245561
    0.74278929    0.65985705   -0.11336994    0.65985705   -0.69281958    0.29084309    0.11336994   -0.29084309   -0.95003029
    0.59334060   -0.43489573   -0.67735710   -0.43489573    0.53490736   -0.72438927    0.67735710    0.72438927    0.12824796
    0.97561695    0.12640200   -0.17942713    0.12640200    0.34473057    0.93015233    0.17942713   -0.93015233    0.32034753
    0.94373590   -0.16303490    0.28771892   -0.16303490    0.52757838    0.83371499   -0.28771892   -0.83371499    0.47131428
    0.47915733   -0.19413623    0.85599029   -0.19413623    0.92763866    0.31905743   -0.85599029   -0.31905743    0.40679598
   -0.05774434   -0.02542254    0.99800766   -0.02542254    0.99938898    0.02398679   -0.99800766   -0.02398679   -0.05835537
    0.97570396   -0.05479951    0.21212921   -0.05479951    0.87640020    0.47845554   -0.21212921   -0.47845554    0.85210416
    0.94905187   -0.21859370    0.22697433   -0.21859370    0.06212058    0.97383665   -0.22697433   -0.97383665    0.01117244
    0.55133475    0.76662685    0.32910981    0.76662685   -0.30992255   -0.56234446   -0.32910981    0.56234446   -0.75858779
    0.14006799    0.38919212   -0.91044520    0.38919212    0.82385758    0.41205361    0.91044520   -0.41205361   -0.03607443
   -0.90929484    0.39270750   -0.13770878    0.39270750    0.91922715    0.02832421    0.13770878   -0.02832421   -0.99006769
    0.99981596   -0.01669240   -0.00945516   -0.01669240   -0.51403886   -0.85760446    0.00945516    0.85760446   -0.51422290
    0.75957089    0.31876682    0.56695659    0.31876682    0.57737112   -0.75168498   -0.56695659    0.75168498    0.33694201
    0.45735483    0.43313242   -0.77667423    0.43313242    0.65427925    0.61993142    0.77667423   -0.61993142    0.11163408
    0.76697175   -0.30996745   -0.56184920   -0.30996745    0.58769026   -0.74735557    0.56184920    0.74735557    0.35466200
   -0.02748849   -0.30161276    0.95303417   -0.30161276    0.91146348    0.27975716   -0.95303417   -0.27975716   -0.11602502
    0.00200336   -0.99346746    0.11409819   -0.99346746    0.01104117    0.11358038   -0.11409819   -0.11358038   -0.98695547
    0.39781163   -0.36693558   -0.84089487   -0.36693558    0.77641262   -0.51238825    0.84089487    0.51238825    0.17422426
    0.82447948    0.20362650   -0.52798658    0.20362650    0.76376692    0.61253273    0.52798658   -0.61253273    0.58824640
    0.97752227    0.08722665    0.19194196    0.08722665    0.66150983   -0.74484646   -0.19194196    0.74484646    0.63903211
    0.92727032    0.06067475    0.36944328    0.06067475    0.94938209   -0.30820810   -0.36944328    0.30820810    0.87665240
   -0.36864339    0.90706016    0.20333205    0.90706016    0.39885135   -0.13475709   -0.20333205    0.13475709   -0.96979204
    0.58287975   -0.31276551    0.74995262   -0.31276551    0.76548186    0.56233020   -0.74995262   -0.56233020    0.34836161
   -0.71246921   -0.31214736    0.62845180   -0.31214736    0.94310206    0.11455363   -0.62845180   -0.11455363   -0.76936715
    0.89780849    0.31507066    0.30768554    0.31507066    0.02859324   -0.94863739   -0.30768554    0.94863739   -0.07359827
   -0.17490541   -0.86817041    0.46442248   -0.86817041    0.35848465    0.34317473   -0.46442248   -0.34317473   -0.81642077
    0.42426028    0.29127793   -0.85741494    0.29127793    0.85263683    0.43378290    0.85741494   -0.43378290    0.27689710
    0.44218822   -0.19029285   -0.87650340   -0.19029285    0.93508318   -0.29901184    0.87650340    0.29901184    0.37727140
    0.40859217   -0.43703290    0.80128315   -0.43703290    0.67704562    0.59212455   -0.80128315   -0.59212455    0.08563778
    0.80900589    0.12373954   -0.57462857    0.12373954    0.91983274    0.37228518    0.57462857   -0.37228518    0.72883864
    0.82798392    0.14095215    0.54274775    0.14095215    0.88450203   -0.44473436   -0.54274775    0.44473436    0.71248595
    0.76400182   -0.44100955    0.47096899   -0.44100955    0.17588589    0.88009927   -0.47096899   -0.88009927   -0.06011228
    0.19571746    0.18599360   -0.96286087    0.18599360    0.95698823    0.22266548    0.96286087   -0.22266548    0.15270569
    0.99984999    0.00462204    0.01669263    0.00462204    0.85759216   -0.51430956   -0.01669263    0.51430956    0.85744215
    0.94863872   -0.03721396    0.31416508   -0.03721396    0.97303652    0.22762922   -0.31416508   -0.22762922    0.92167524
   -0.36901251    0.31116941    0.87578728    0.31116941    0.92927282   -0.19906188   -0.87578728    0.19906188   -0.43973969
    0.32712120    0.67568020    0.66064210    0.67568020    0.32150674   -0.66339256   -0.66064210    0.66339256   -0.35137206
    0.62599731   -0.27854969   -0.72838001   -0.27854969    0.79254179   -0.54248280    0.72838001    0.54248280    0.41853910
    0.63458600    0.72233082   -0.27484322    0.72233082   -0.42786487    0.54329535    0.27484322   -0.54329535   -0.79327888
    0.92198097    0.00857659    0.38714020    0.00857659    0.99905718   -0.04255813   -0.38714020    0.04255813    0.92103815
   -0.12979595    0.66121997    0.73887831    0.66121997    0.61301698   -0.43243304   -0.73887831    0.43243304   -0.51677897
    0.84326097    0.44438203   -0.30238311    0.44438203   -0.25989928    0.85730798    0.30238311   -0.85730798   -0.41663831
   -0.59540220    0.35402405    0.72122340    0.35402405    0.92144111   -0.16004142   -0.72122340    0.16004142   -0.67396109
    0.64010261    0.48142720   -0.59874578    0.48142720    0.35600494    0.80092967    0.59874578   -0.80092967   -0.00389246
    0.71896845    0.57295733    0.39345173    0.57295733   -0.16812544   -0.80215568   -0.39345173    0.80215568   -0.44915699
   -0.65828755    0.45904299   -0.59660459    0.45904299    0.87292888    0.16515058    0.59660459   -0.16515058   -0.78535867
    0.10882586    0.72183744   -0.68345273    0.72183744    0.41532269    0.55358628    0.68345273   -0.55358628   -0.47585144
   -0.41850891   -0.07277185   -0.90529252   -0.07277185    0.99626668   -0.04644300    0.90529252    0.04644300   -0.42224222
    0.19996999   -0.10072290    0.97461115   -0.10072290    0.98731910    0.12270248   -0.97461115   -0.12270248    0.18728909
    0.87460689   -0.28569171    0.39171806   -0.28569171    0.34908901    0.89247807   -0.39171806   -0.89247807    0.22369590
    0.44709162    0.29084867    0.84588187    0.29084867    0.84700368   -0.44496272   -0.84588187    0.44496272    0.29409529
    0.79100132    0.44871424   -0.41589956    0.44871424    0.03662325    0.89292456    0.41589956   -0.89292456   -0.17237544
    0.95269222   -0.09353163   -0.28918744   -0.09353163    0.81507978   -0.57174889    0.28918744    0.57174889    0.76777199
    0.94459068    0.31976965    0.07413382    0.31976965   -0.84540478   -0.42782956   -0.07413382    0.42782956   -0.90081410
   -0.00958128   -0.75908896   -0.65091639   -0.75908896    0.42925244   -0.48941423    0.65091639    0.48941423   -0.58032884
   -0.36028804   -0.57829931    0.73195795   -0.57829931    0.75414759    0.31117731   -0.73195795   -0.31117731   -0.60614045
    0.66805624   -0.41032824    0.62075083   -0.41032824    0.49277773    0.76733359   -0.62075083   -0.76733359    0.16083397
    0.79924306    0.33968765   -0.49580523    0.33968765    0.42523681    0.83891952    0.49580523   -0.83891952    0.22447987
    0.99921505    0.01350746   -0.03724008    0.01350746    0.76756150    0.64083297    0.03724008   -0.64083297    0.76677655
   -0.63220919    0.06274382   -0.77225304    0.06274382    0.99758806    0.02968621    0.77225304   -0.02968621   -0.63462113
    0.88539766   -0.46164626   -0.05434803   -0.46164626   -0.85962412   -0.21892717    0.05434803    0.21892717   -0.97422646
   -0.55660657   -0.11404606    0.82291107   -0.11404606    0.99164432    0.06029126   -0.82291107   -0.06029126   -0.56496225
    0.04346365    0.93937387    0.34012885    0.93937387    0.07748066   -0.33402615   -0.34012885    0.33402615   -0.87905568
    0.97014723    0.18581665   -0.15584138    0.18581665   -0.15660358    0.97002448    0.15584138   -0.97002448   -0.18645636
   -0.47731119   -0.48312216   -0.73400750   -0.48312216    0.84200551   -0.24004102    0.73400750    0.24004102   -0.63530568
    0.99049427   -0.08537540   -0.10785239   -0.08537540    0.23320345   -0.96867290    0.10785239    0.96867290    0.22369772
    0.58911956   -0.69003476    0.42046423   -0.69003476   -0.15884800    0.70612983   -0.42046423   -0.70612983   -0.56972844
   -0.77466041   -0.50798533    0.37663266   -0.50798533    0.85459241    0.10780872   -0.37663266   -0.10780872   -0.92006800
    0.01962629   -0.39662793   -0.91776963   -0.39662793    0.83953699   -0.37130032    0.91776963    0.37130032   -0.14083672
   -0.10140974   -0.86757472   -0.48685745   -0.86757472    0.31661591   -0.38349508    0.48685745    0.38349508   -0.78479383
    0.90873600   -0.23593170   -0.34428930   -0.23593170    0.39007971   -0.89004160    0.34428930    0.89004160    0.29881571
    0.91395789   -0.35150039    0.20280151   -0.35150039   -0.43595414    0.82848745   -0.20280151   -0.82848745   -0.52199625
    0.99845374    0.03802998   -0.04054451    0.03802998    0.06466197    0.99718231    0.04054451   -0.99718231    0.06311571
    0.97886197   -0.07910278    0.18860540   -0.07910278    0.70398143    0.70579947   -0.18860540   -0.70579947    0.68284340
    0.89028914   -0.15883589    0.42679786   -0.15883589    0.77004246    0.61790434   -0.42679786   -0.61790434    0.66033160
    0.80294231   -0.17622248   -0.56941135   -0.17622248    0.84240980   -0.50920661    0.56941135    0.50920661    0.64535211
   -0.73008240   -0.37158327   -0.57350288   -0.37158327    0.92019217   -0.12317568    0.57350288    0.12317568   -0.80989024
    0.49820105   -0.68070500   -0.53706277   -0.68070500    0.07660369   -0.72854140    0.53706277    0.72854140   -0.42519526
    0.99911951    0.02205582    0.03568963    0.02205582    0.44751435   -0.89400473   -0.03568963    0.89400473    0.44663386
   -0.32074326    0.31452565   -0.89341893    0.31452565    0.92509795    0.21276139    0.89341893   -0.21276139   -0.39564531
    0.51729504    0.41506178    0.74841804    0.41506178    0.64310232   -0.64353953   -0.74841804    0.64353953    0.16039737
    0.97172118    0.10063921   -0.21361111    0.10063921    0.64184328    0.76020323    0.21361111   -0.76020323    0.61356446
   -0.11794842    0.18506377   -0.97562266    0.18506377    0.96936478    0.16150334    0.97562266   -0.16150334   -0.14858364
    0.50953321    0.73272940   -0.45109149    0.73272940   -0.09465592    0.67390495    0.45109149   -0.67390495   -0.58512271
    0.97945535   -0.03711431   -0.19821643   -0.03711431    0.93295230   -0.35808174    0.19821643    0.35808174    0.91240765
    0.32061411   -0.02683519   -0.94682969   -0.02683519    0.99894003   -0.03739901    0.94682969    0.03739901    0.31955415
