# Rotation matrices: 23 entries, row-major flattening of 3x3 -> 1x9
# https://github.com/Neurophysics-CFIN/GFO
# Col:  1    2    3    4    5    6    7    8    9
#       R11  R12  R13  R21  R22  R23  R31  R32  R33
# where Rij = R(i,j), i = row index, j = column index

   -0.16609636   -0.80879939    0.56414142   -0.80879939    0.43902024    0.39128605   -0.56414142   -0.39128605   -0.72707612
    0.83964514   -0.37544739    0.39247331   -0.37544739    0.12094501    0.91891869   -0.39247331   -0.91891869   -0.03940985
    0.97208757   -0.12383309    0.19927650   -0.12383309    0.45061630    0.88408728   -0.19927650   -0.88408728    0.42270387
    0.98147253    0.07901059    0.17455370    0.07901059    0.66305845   -0.74438620   -0.17455370    0.74438620    0.64453098
    0.93749290   -0.34148972    0.06702111   -0.34148972   -0.86563179    0.36615075   -0.06702111   -0.36615075   -0.92813889
    0.98657380    0.04710582   -0.15637511    0.04710582    0.83472923    0.54864209    0.15637511   -0.54864209    0.82130304
    0.98596856   -0.00897649    0.16668960   -0.00897649    0.99425736    0.10663825   -0.16668960   -0.10663825    0.98022592
    0.97935638    0.13282337    0.15237795    0.13282337    0.14539969   -0.98041669   -0.15237795    0.98041669    0.12475607
    0.13190868   -0.18020337    0.97474450   -0.18020337    0.96259235    0.20234305   -0.97474450   -0.20234305    0.09450104
   -0.47778943   -0.09821170    0.87296719   -0.09821170    0.99347300    0.05801611   -0.87296719   -0.05801611   -0.48431644
    0.60952846   -0.34069219    0.71582392   -0.34069219    0.70274103    0.62456695   -0.71582392   -0.62456695    0.31226949
    0.84800113    0.43709266    0.29974005    0.43709266   -0.25691718   -0.86194174   -0.29974005    0.86194174   -0.40891605
    0.40062379   -0.83297094   -0.38165427   -0.83297094   -0.15760450   -0.53039630    0.38165427    0.53039630   -0.75698070
    0.50927830   -0.35844389   -0.78240245   -0.35844389    0.73817742   -0.57149985    0.78240245    0.57149985    0.24745571
    0.20578395    0.25878475   -0.94376026    0.25878475    0.91567843    0.30751174    0.94376026   -0.30751174    0.12146238
    0.93730033   -0.16168509   -0.30874911   -0.16168509    0.58305890   -0.79617853    0.30874911    0.79617853    0.52035924
    0.73981913    0.29631071    0.60404273    0.29631071    0.66254230   -0.68792272   -0.60404273    0.68792272    0.40236143
    0.59685568    0.45234720   -0.66268039    0.45234720    0.49244481    0.74355909    0.66268039   -0.74355909    0.08930049
   -0.34180317    0.80001037   -0.49310647    0.80001037    0.52301752    0.29400012    0.49310647   -0.29400012   -0.81878565
    0.72113645    0.18900154   -0.66651380    0.18900154    0.87190301    0.45173395    0.66651380   -0.45173395    0.59303946
   -0.29399430    0.36875776   -0.88180784    0.36875776    0.89491276    0.25129437    0.88180784   -0.25129437   -0.39908153
    0.67240488   -0.07783243    0.73608002   -0.07783243    0.98150800    0.17488325   -0.73608002   -0.17488325    0.65391288
    0.90890035    0.01898369   -0.41658106    0.01898369    0.99604411    0.08680874    0.41658106   -0.08680874    0.90494445
