# Rotation matrices: 31 entries, row-major flattening of 3x3 -> 1x9
# https://github.com/Neurophysics-CFIN/GFO
# Col:  1    2    3    4    5    6    7    8    9
#       R11  R12  R13  R21  R22  R23  R31  R32  R33
# where Rij = R(i,j), i = row index, j = column index

    0.01867310    0.17180899    0.98495329    0.17180899    0.96991998   -0.17244389   -0.98495329    0.17244389   -0.01140691
    0.89712178   -0.11289059   -0.42711617   -0.11289059    0.87612261   -0.46868420    0.42711617    0.46868420    0.77324440
   -0.14437393   -0.89257579   -0.42715879   -0.89257579    0.30381887   -0.33317047    0.42715879    0.33317047   -0.84055506
    0.89849657   -0.28494753   -0.33392936   -0.28494753    0.20007535   -0.93742987    0.33392936    0.93742987    0.09857192
    0.74406770    0.33332677    0.57901340    0.33332677    0.56587450   -0.75410829   -0.57901340    0.75410829    0.30994221
   -0.02857258    0.89473910    0.44567427    0.89473910    0.22168054   -0.38768503   -0.44567427    0.38768503   -0.80689204
    0.96008106    0.01256928    0.27943938    0.01256928    0.99604231   -0.08798711   -0.27943938    0.08798711    0.95612337
    0.79651413   -0.00555880   -0.60459436   -0.00555880    0.99984815   -0.01651624    0.60459436    0.01651624    0.79636228
    0.82488800    0.34270869   -0.44956706    0.34270869    0.32929069    0.87983998    0.44956706   -0.87983998    0.15417869
    0.97826097    0.15910756   -0.13300475    0.15910756   -0.16450516    0.97345921    0.13300475   -0.97345921   -0.18624419
    0.87877969   -0.43477152   -0.19677394   -0.43477152   -0.55936142   -0.70575387    0.19677394    0.70575387   -0.68058173
    0.69229488    0.26523290   -0.67110305    0.26523290    0.77137692    0.57847139    0.67110305   -0.57847139    0.46367180
   -0.39929029    0.27526546    0.87452626    0.27526546    0.94585035   -0.17203498   -0.87452626    0.17203498   -0.45343994
    0.96976864   -0.11397788   -0.21577262   -0.11397788    0.57028202   -0.81350320    0.21577262    0.81350320    0.54005066
    0.84852729   -0.28028693    0.44882143   -0.28028693    0.48135369    0.83050458   -0.44882143   -0.83050458    0.32988098
    0.44566170   -0.45243506    0.77245593   -0.45243506    0.63073545    0.63045643   -0.77245593   -0.63045643    0.07639715
   -0.32466145   -0.50252697    0.80128745   -0.50252697    0.80936008    0.30397847   -0.80128745   -0.30397847   -0.51530138
   -0.75347249   -0.62975920    0.18889828   -0.62975920    0.77382215    0.06784277   -0.18889828   -0.06784277   -0.97965035
    0.99451016    0.10136448   -0.02597665    0.10136448   -0.87159474    0.47963304    0.02597665   -0.47963304   -0.87708458
    0.99999217   -0.00238972    0.00315404   -0.00238972    0.27060033    0.96268881   -0.00315404   -0.96268881    0.27059251
    0.99981531    0.00354781   -0.01888804    0.00354781    0.93184786    0.36283188    0.01888804   -0.36283188    0.93166317
    0.70786402    0.00509715    0.70633034    0.00509715    0.99991107   -0.01232396   -0.70633034    0.01232396    0.70777509
    0.49460486    0.21334581    0.84252572    0.21334581    0.90993891   -0.35566099   -0.84252572    0.35566099    0.40454378
    0.87026702    0.43553220   -0.23010218    0.43553220   -0.46214401    0.77248600    0.23010218   -0.77248600   -0.59187698
   -0.02850800   -0.29108772    0.95627153   -0.29108772    0.91761653    0.27064339   -0.95627153   -0.27064339   -0.11089147
    0.36413543    0.45488375   -0.81270300    0.45488375    0.67458602    0.58139013    0.81270300   -0.58139013    0.03872144
   -0.30455823   -0.20481037   -0.93021341   -0.20481037    0.96784560   -0.14603975    0.93021341    0.14603975   -0.33671263
    0.96103431    0.11809778   -0.24993194    0.11809778    0.64206757    0.75749729    0.24993194   -0.75749729    0.60310188
    0.00236309    0.85654500   -0.51606693    0.85654500    0.26459283    0.44308159    0.51606693   -0.44308159   -0.73304409
   -0.02271331   -0.71479973   -0.69896026   -0.71479973    0.50040872   -0.48852069    0.69896026    0.48852069   -0.52230459
    0.38089755   -0.67487213    0.63203217   -0.67487213    0.26433437    0.68896658   -0.63203217   -0.68896658   -0.35476807
