# Rotation matrices: 45 entries, row-major flattening of 3x3 -> 1x9
# https://github.com/Neurophysics-CFIN/GFO
# Col:  1    2    3    4    5    6    7    8    9
#       R11  R12  R13  R21  R22  R23  R31  R32  R33
# where Rij = R(i,j), i = row index, j = column index

    0.48485905    0.22150215    0.84607831    0.22150215    0.90475771   -0.36379978   -0.84607831    0.36379978    0.38961676
   -0.23381504   -0.00747669   -0.97225235   -0.00747669    0.99995469   -0.00589167    0.97225235    0.00589167   -0.23386035
    0.16982987   -0.92171826    0.34870225   -0.92171826   -0.02336199    0.38715586   -0.34870225   -0.38715586   -0.85353212
    0.69745830   -0.18659109    0.69190728   -0.18659109    0.88492088    0.42673037   -0.69190728   -0.42673037    0.58237918
    0.97965882   -0.10615362   -0.17029385   -0.10615362    0.44602062   -0.88870525    0.17029385    0.88870525    0.42567945
    0.82816025   -0.02447229    0.55995688   -0.02447229    0.99651482    0.07974537   -0.55995688   -0.07974537    0.82467507
   -0.71045419   -0.38493425    0.58913536   -0.38493425    0.91337133    0.13258372   -0.58913536   -0.13258372   -0.79708286
    0.89734629    0.21653455   -0.38455483    0.21653455    0.54324870    0.81116807    0.38455483   -0.81116807    0.44059500
    0.14182722    0.03883427   -0.98912938    0.03883427    0.99824266    0.04476035    0.98912938   -0.04476035    0.14006988
    0.52864241   -0.69106229   -0.49291999   -0.69106229   -0.01317365   -0.72267514    0.49291999    0.72267514   -0.48453124
    0.97879290   -0.07073845    0.19225123   -0.07073845    0.76404471    0.64127354   -0.19225123   -0.64127354    0.74283761
    0.66738603    0.29507159   -0.68376066    0.29507159    0.73823336    0.60658410    0.68376066   -0.60658410    0.40561939
    0.83268361   -0.21678140   -0.50955257   -0.21678140    0.71912986   -0.66019548    0.50955257    0.66019548    0.55181347
    0.97965686    0.08933437    0.17969923    0.08933437    0.60769932   -0.78912667   -0.17969923    0.78912667    0.58735618
    0.39720619   -0.27607232    0.87522073   -0.27607232    0.87356220    0.40084057   -0.87522073   -0.40084057    0.27076838
    0.26657911   -0.58117679    0.76887523   -0.58117679    0.53946436    0.60927149   -0.76887523   -0.60927149   -0.19395653
   -0.54984458   -0.09888068   -0.82939349   -0.09888068    0.99369138   -0.05291562    0.82939349    0.05291562   -0.55615320
    0.99372576    0.07024600   -0.08703220    0.07024600    0.21352960    0.97440783    0.08703220   -0.97440783    0.20725536
    0.98335563   -0.06614835   -0.16922207   -0.06614835    0.73711212   -0.67252518    0.16922207    0.67252518    0.72046775
    0.68610610    0.08500266   -0.72251849    0.08500266    0.97698123    0.19565846    0.72251849   -0.19565846    0.66308733
    0.48305099    0.49010255   -0.72557648    0.49010255    0.53534971    0.68789547    0.72557648   -0.68789547    0.01840069
    0.47263169   -0.06154604   -0.87910828   -0.06154604    0.99281732   -0.10259554    0.87910828    0.10259554    0.46544901
    0.93137372    0.02681244   -0.36307588    0.02681244    0.98952432    0.14185454    0.36307588   -0.14185454    0.92089804
   -0.18433567   -0.64918973    0.73795193   -0.64918973    0.64414877    0.40450594   -0.73795193   -0.40450594   -0.54018691
    0.70175445    0.32103075    0.63598738    0.32103075    0.65444333   -0.68457519   -0.63598738    0.68457519    0.35619778
    0.96475716   -0.22372603   -0.13852904   -0.22372603   -0.42024111   -0.87939984    0.13852904    0.87939984   -0.45548396
    0.99588001    0.01866826   -0.08873838    0.01866826    0.91541148    0.40208621    0.08873838   -0.40208621    0.91129149
    0.82449330    0.36203950   -0.43490021    0.36203950    0.25317609    0.89712277    0.43490021   -0.89712277    0.07766939
    0.98922183   -0.00943304    0.14612048   -0.00943304    0.99174422    0.12788443   -0.14612048   -0.12788443    0.98096604
    0.44814543   -0.57864793   -0.68141929   -0.57864793    0.39325786   -0.71450321    0.68141929    0.71450321   -0.15859671
    0.99436315    0.02577075    0.10284840    0.02577075    0.88218040   -0.47020592   -0.10284840    0.47020592    0.87654355
    0.18510564   -0.27410056   -0.94371859   -0.27410056    0.90780263   -0.31743230    0.94371859    0.31743230    0.09290828
    0.42500747    0.21758993   -0.87864855    0.21758993    0.91765914    0.33250010    0.87864855   -0.33250010    0.34266662
    0.85020699    0.40957951   -0.33074567    0.40957951   -0.11991458    0.90435896    0.33074567   -0.90435896   -0.26970759
    0.90776457    0.38361879    0.16970594    0.38361879   -0.59551899   -0.70582842   -0.16970594    0.70582842   -0.68775441
    0.18312770    0.33629062    0.92378183    0.33629062    0.86155562   -0.38030322   -0.92378183    0.38030322    0.04468332
    0.99922053   -0.02970782    0.02599558   -0.02970782   -0.13225530    0.99077040   -0.02599558   -0.99077040   -0.13303477
    0.99461243   -0.00705574   -0.10342308   -0.00705574    0.99075956   -0.13544630    0.10342308    0.13544630    0.98537199
    0.87777378    0.15708282    0.45259053    0.15708282    0.79812014   -0.58166075   -0.45259053    0.58166075    0.67589392
    0.73978093    0.11277619    0.66332926    0.11277619    0.95112399   -0.28747988   -0.66332926    0.28747988    0.69090492
    0.70604649   -0.51813358    0.48273797   -0.51813358    0.08671814    0.85089221   -0.48273797   -0.85089221   -0.20723537
    0.89380021   -0.28662640    0.34491518   -0.28662640    0.22641374    0.93090393   -0.34491518   -0.93090393    0.12021395
    0.91491708   -0.08415282    0.39477214   -0.08415282    0.91676711    0.39045661   -0.39477214   -0.39045661    0.83168419
    0.93884096    0.03821124    0.34222442    0.03821124    0.97612620   -0.21381662   -0.34222442    0.21381662    0.91496716
    0.09784143    0.86600308    0.49037305    0.86600308    0.16870343   -0.47072054   -0.49037305    0.47072054   -0.73345514
