# Rotation matrices: 95 entries, row-major flattening of 3x3 -> 1x9
# https://github.com/Neurophysics-CFIN/GFO
# Col:  1    2    3    4    5    6    7    8    9
#       R11  R12  R13  R21  R22  R23  R31  R32  R33
# where Rij = R(i,j), i = row index, j = column index

    0.93495770    0.07492437   -0.34675703    0.07492437    0.91369216    0.39944084    0.34675703   -0.39944084    0.84864986
    0.91264084    0.39216500    0.11529659    0.39216500   -0.76047243   -0.51757927   -0.11529659    0.51757927   -0.84783159
    0.97736584    0.18194486    0.10794479    0.18194486   -0.46256524   -0.86771508   -0.10794479    0.86771508   -0.48519940
    0.38714161    0.67323767   -0.62997811    0.67323767    0.26043445    0.69204403    0.62997811   -0.69204403   -0.35242394
    0.82333592    0.08531748   -0.56110506    0.08531748    0.95879710    0.27097794    0.56110506   -0.27097794    0.78213303
    0.15871346   -0.81299636    0.56022045   -0.81299636    0.21434249    0.54138176   -0.56022045   -0.54138176   -0.62694405
   -0.19718720   -0.01416613   -0.98026350   -0.01416613    0.99983237   -0.01159931    0.98026350    0.01159931   -0.19735483
    0.33541449   -0.36962073    0.86653196   -0.36962073    0.79442903    0.48193675   -0.86653196   -0.48193675    0.12984352
    0.37808869    0.11759131    0.91827078    0.11759131    0.97776578   -0.17362711   -0.91827078    0.17362711    0.35585446
   -0.53415590   -0.36121136    0.76433227   -0.36121136    0.91495412    0.17995922   -0.76433227   -0.17995922   -0.61920179
    0.96690959    0.01366763    0.25475290    0.01366763    0.99435474   -0.10522286   -0.25475290    0.10522286    0.96126433
    0.78638675    0.56796490   -0.24292333    0.56796490   -0.51013168    0.64589592    0.24292333   -0.64589592   -0.72374493
    0.88439038    0.04991594    0.46407118    0.04991594    0.97844815   -0.20036869   -0.46407118    0.20036869    0.86283853
    0.98843669   -0.04676930    0.14424127   -0.04676930    0.81083552    0.58340243   -0.14424127   -0.58340243    0.79927221
   -0.48372592   -0.77719048    0.40247261   -0.77719048    0.59289986    0.21081918   -0.40247261   -0.21081918   -0.89082606
    0.99857610    0.03306245   -0.04186462    0.03306245    0.23230159    0.97208171    0.04186462   -0.97208171    0.23087769
   -0.50430209   -0.45344970   -0.73488963   -0.45344970    0.86331427   -0.22152165    0.73488963    0.22152165   -0.64098782
   -0.23211329    0.21508709    0.94861001    0.21508709    0.96245276   -0.16559660   -0.94861001    0.16559660   -0.26966054
    0.74994089    0.21647778    0.62508082    0.21647778    0.81259380   -0.54113648   -0.62508082    0.54113648    0.56253469
    0.72289288    0.18050602   -0.66696587    0.18050602    0.88241940    0.43445780    0.66696587   -0.43445780    0.60531228
    0.03933978   -0.20853983   -0.97722235   -0.20853983    0.95473024   -0.21213513    0.97722235    0.21213513   -0.00592998
   -0.79473836   -0.11441028    0.59607149   -0.11441028    0.99270662    0.03799813   -0.59607149   -0.03799813   -0.80203175
    0.28551761   -0.33106892   -0.89937371   -0.33106892    0.84659296   -0.41674180    0.89937371    0.41674180    0.13211057
    0.76109828    0.43234607   -0.48353519    0.43234607    0.21757313    0.87506503    0.48353519   -0.87506503   -0.02132858
    0.99998867    0.00329491    0.00343511    0.00329491    0.04165192   -0.99912675   -0.00343511    0.99912675    0.04164059
   -0.80239383   -0.37042249   -0.46792234   -0.37042249    0.92387190   -0.09616597    0.46792234    0.09616597   -0.87852193
   -0.43963772   -0.17210894   -0.88153116   -0.17210894    0.97942435   -0.10538720    0.88153116    0.10538720   -0.46021338
    0.77086684   -0.50244764    0.39154907   -0.50244764   -0.10177697    0.85859642   -0.39154907   -0.85859642   -0.33091012
    0.80442015   -0.26252055    0.53290823   -0.26252055    0.64762709    0.71530561   -0.53290823   -0.71530561    0.45204724
    0.84768150    0.48489887    0.21519565    0.48489887   -0.54365300   -0.68506533   -0.21519565    0.68506533   -0.69597150
    0.62374174   -0.21473438   -0.75155531   -0.21473438    0.87744893   -0.42892018    0.75155531    0.42892018    0.50119067
    0.24135568   -0.64481784   -0.72522920   -0.64481784    0.45193019   -0.61641630    0.72522920    0.61641630   -0.30671412
    0.98242986    0.02121982   -0.18542190    0.02121982    0.97437239    0.22393786    0.18542190   -0.22393786    0.95680225
   -0.80632334    0.43292436    0.40301263    0.43292436    0.89624034   -0.09659067   -0.40301263    0.09659067   -0.91008300
    0.99892380   -0.01917379    0.04223275   -0.01917379    0.65839548    0.75242791   -0.04223275   -0.75242791    0.65731928
    0.94695417   -0.06671614    0.31436723   -0.06671614    0.91609062    0.39538202   -0.31436723   -0.39538202    0.86304479
    0.44838833   -0.79607362   -0.40646612   -0.79607362   -0.14887562   -0.58660280    0.40646612    0.58660280   -0.70048729
    0.52802348    0.15651172   -0.83468274    0.15651172    0.94809929    0.27678841    0.83468274   -0.27678841    0.47612277
   -0.01848562    0.35324095   -0.93534973    0.35324095    0.87748559    0.32440696    0.93534973   -0.32440696   -0.14100003
    0.99889537    0.02027155    0.04239228    0.02027155    0.62798818   -0.77795881   -0.04239228    0.77795881    0.62688355
    0.88307513    0.19837501    0.42523601    0.19837501    0.66343649   -0.72145643   -0.42523601    0.72145643    0.54651162
    0.87842149   -0.26687208    0.39642776   -0.26687208    0.41419984    0.87018262   -0.39642776   -0.87018262    0.29262133
    0.90820148   -0.38934230    0.15356643   -0.38934230   -0.65130575    0.65131666   -0.15356643   -0.65131666   -0.74310427
   -0.39789797    0.65515047   -0.64222665    0.65515047    0.69295174    0.30099128    0.64222665   -0.30099128   -0.70494622
    0.87591045    0.15315689   -0.45751924    0.15315689    0.81096689    0.56469077    0.45751924   -0.56469077    0.68687734
    0.75830370   -0.28774048   -0.58496232   -0.28774048    0.65744373   -0.69640014    0.58496232    0.69640014    0.41574743
    0.77555174    0.34830297   -0.52650218    0.34830297    0.45949700    0.81703583    0.52650218   -0.81703583    0.23504874
    0.29740842    0.46874063   -0.83176346    0.46874063    0.68727524    0.55491888    0.83176346   -0.55491888   -0.01531633
    0.92685257   -0.09871725   -0.36221434   -0.09871725    0.86677461   -0.48883196    0.36221434    0.48883196    0.79362717
    0.98376948   -0.09702132    0.15094526   -0.09702132    0.42003476    0.90230685   -0.15094526   -0.90230685    0.40380425
    0.27273995    0.30393271   -0.91281861    0.30393271    0.87298203    0.38148038    0.91281861   -0.38148038    0.14572198
    0.57966905   -0.55557412   -0.59608824   -0.55557412    0.26566768   -0.78788202    0.59608824    0.78788202   -0.15466328
    0.99896330    0.01255251    0.04375791    0.01255251    0.84801201   -0.52982834   -0.04375791    0.52982834    0.84697531
    0.88507229    0.12461400    0.44846225    0.12461400    0.86488334   -0.48625936   -0.44846225    0.48625936    0.74995563
    0.95133355   -0.22925605   -0.20592752   -0.22925605   -0.07997059   -0.97007544    0.20592752    0.97007544   -0.12863704
    0.65619304   -0.73384162    0.17574745   -0.73384162   -0.56635435    0.37512561   -0.17574745   -0.37512561   -0.91016131
    0.95793314   -0.28251638   -0.05048364   -0.28251638   -0.89734869   -0.33904252    0.05048364    0.33904252   -0.93941555
   -0.66393363   -0.72038393    0.20059693   -0.72038393    0.68811676    0.08684650   -0.20059693   -0.08684650   -0.97581687
    0.93541174    0.23935986   -0.26021478    0.23935986    0.11294802    0.96433895    0.26021478   -0.96433895    0.04835976
    0.56936986    0.19537445    0.79852789    0.19537445    0.91135973   -0.36228756   -0.79852789    0.36228756    0.48072958
    0.59695548    0.05318875    0.80050928    0.05318875    0.99298082   -0.10564115   -0.80050928    0.10564115    0.58993630
    0.69965250   -0.40263271   -0.59023155   -0.40263271    0.46024823   -0.79123857    0.59023155    0.79123857    0.15990072
   -0.00145790    0.11890186    0.99290494    0.11890186    0.98588293   -0.11788637   -0.99290494    0.11788637   -0.01557497
   -0.16275139   -0.33165975   -0.92925443   -0.33165975    0.90539836   -0.26505777    0.92925443    0.26505777   -0.25735303
    0.67169855   -0.64439016    0.36548923   -0.64439016   -0.26480916    0.71738235   -0.36548923   -0.71738235   -0.59311061
    0.94430071   -0.14489646    0.29546773   -0.14489646    0.62306549    0.76863152   -0.29546773   -0.76863152    0.56736620
    0.99990376   -0.00797746   -0.01135075   -0.00797746    0.33876752   -0.94083629    0.01135075    0.94083629    0.33867127
    0.75141971   -0.20116848    0.62841043   -0.20116848    0.83720046    0.50855347   -0.62841043   -0.50855347    0.58862017
    0.41908332    0.87142204   -0.25493684    0.87142204   -0.30720361    0.38242590    0.25493684   -0.38242590   -0.88812028
    0.37463313    0.58954202    0.71560480    0.58954202    0.44423056   -0.67461056   -0.71560480    0.67461056   -0.18113631
    0.59149124    0.44994619    0.66909382    0.44994619    0.50441315   -0.73696391   -0.66909382    0.73696391    0.09590438
    0.48655557    0.32736381    0.80999791    0.32736381    0.79127816   -0.51644149   -0.80999791    0.51644149    0.27783373
    0.03057410    0.60937788    0.79229024    0.60937788    0.61694710   -0.49803100   -0.79229024    0.49803100   -0.35247880
    0.90879968    0.35420784   -0.22049931    0.35420784   -0.37568811    0.85638499    0.22049931   -0.85638499   -0.46688842
    0.82241856   -0.38485644    0.41894299   -0.38485644    0.16593489    0.90793785   -0.41894299   -0.90793785   -0.01164655
    0.94182678    0.25860079   -0.21468105    0.25860079   -0.14957303    0.95433408    0.21468105   -0.95433408   -0.20774625
    0.54975527   -0.22265183    0.80510577   -0.22265183    0.88989580    0.39813519   -0.80510577   -0.39813519    0.43965107
   -0.61916768    0.26400633    0.73954854    0.26400633    0.95695360   -0.12058386   -0.73954854    0.12058386   -0.66221408
    0.93066590    0.20934824   -0.30005716    0.20934824    0.36789136    0.90599628    0.30005716   -0.90599628    0.29855726
   -0.75764180    0.02330485   -0.65225439    0.02330485    0.99969100    0.00864834    0.65225439   -0.00864834   -0.75795080
    0.83062146   -0.10075695    0.54764590   -0.10075695    0.94006347    0.32577402   -0.54764590   -0.32577402    0.77068492
    0.53852977   -0.34567588   -0.76843599   -0.34567588    0.74106279   -0.57561631    0.76843599    0.57561631    0.27959256
    0.73295379    0.52124064   -0.43713492    0.52124064   -0.01739622    0.85323242    0.43713492   -0.85323242   -0.28444243
    0.96084759    0.27483777   -0.03515828    0.27483777   -0.92927599    0.24680020    0.03515828   -0.24680020   -0.96842840
    0.80050637   -0.10565004   -0.58993865   -0.10565004    0.94404868   -0.31242625    0.58993865    0.31242625    0.74455505
   -0.24289078   -0.38444291    0.89062210   -0.38444291    0.88108661    0.27548145   -0.89062210   -0.27548145   -0.36180416
    0.47084945   -0.00503936   -0.88219918   -0.00503936    0.99995201   -0.00840162    0.88219918    0.00840162    0.47080146
   -0.20316850   -0.11472791    0.97239913   -0.11472791    0.98906014    0.09272294   -0.97239913   -0.09272294   -0.21410836
    0.97102896   -0.01927237    0.23818339   -0.01927237    0.98717946    0.15844648   -0.23818339   -0.15844648    0.95820842
    0.90781737    0.19130483   -0.37318907    0.19130483    0.60298878    0.77447208    0.37318907   -0.77447208    0.51080615
    0.99995334   -0.00020129    0.00965785   -0.00020129    0.99913163    0.04166468   -0.00965785   -0.04166468    0.99908497
    0.97935623   -0.09994942   -0.17570286   -0.09994942    0.51608232   -0.85068746    0.17570286    0.85068746    0.49543854
    0.94243753   -0.25377552    0.21773718   -0.25377552   -0.11881960    0.95993744   -0.21773718   -0.95993744   -0.17638206
    0.34608660    0.72408753    0.59659141    0.72408753    0.19820766   -0.66061409   -0.59659141    0.66061409   -0.45570573
    0.44317745   -0.48865073   -0.75154123   -0.48865073    0.57117481   -0.65952998    0.75154123    0.65952998    0.01435226
