# Rotation matrices: 24 entries, row-major flattening of 3x3 -> 1x9
# https://github.com/Neurophysics-CFIN/GFO
# Col:  1    2    3    4    5    6    7    8    9
#       R11  R12  R13  R21  R22  R23  R31  R32  R33
# where Rij = R(i,j), i = row index, j = column index

    0.91887516   -0.08005527   -0.38634129   -0.08005527    0.92100020   -0.38124767    0.38634129    0.38124767    0.83987536
    0.19205168    0.79372376    0.57716440    0.79372376    0.22025037   -0.56700297   -0.57716440    0.56700297   -0.58769795
    0.79724464    0.22849385    0.55874103    0.22849385    0.74250032   -0.62966962   -0.55874103    0.62966962    0.53974496
    0.38618509   -0.05666458   -0.92067921   -0.05666458    0.99476899   -0.08499288    0.92067921    0.08499288    0.38095407
   -0.63638933    0.46897225   -0.61243257    0.46897225    0.86559741    0.17551684    0.61243257   -0.17551684   -0.77079192
    0.80088449   -0.50352750    0.32410505   -0.50352750   -0.27333098    0.81960370   -0.32410505   -0.81960370   -0.47244649
    0.99562508    0.03378843    0.08711513    0.03378843    0.73904490   -0.67280828   -0.08711513    0.67280828    0.73466998
   -0.73548136    0.19024189    0.65028855    0.19024189    0.97914586   -0.07128404   -0.65028855    0.07128404   -0.75633550
    0.99537467    0.03047436   -0.09110748    0.03047436    0.79921709    0.60026940    0.09110748   -0.60026940    0.79459176
    0.90660745    0.24670604   -0.34234347    0.24670604    0.34830056    0.90433558    0.34234347   -0.90433558    0.25490802
    0.44613170   -0.52421252   -0.72537420   -0.52421252    0.50385540   -0.68653549    0.72537420    0.68653549   -0.05001290
    0.92365866   -0.26543118   -0.27640725   -0.26543118    0.07712242   -0.96104028    0.27640725    0.96104028    0.00078108
    0.98993805    0.01566379    0.14063179    0.01566379    0.97561562   -0.21892648   -0.14063179    0.21892648    0.96555367
    0.97063105    0.14530348    0.19173487    0.14530348    0.28110804   -0.94861223   -0.19173487    0.94861223    0.25173909
    0.39828398   -0.75115378   -0.52643886   -0.75115378    0.06229521   -0.65718134    0.52643886    0.65718134   -0.53942081
    0.97758651    0.01616813   -0.20991236    0.01616813    0.98833701    0.15142177    0.20991236   -0.15142177    0.96592352
    0.50447298    0.52645238   -0.68436460    0.52645238    0.44069225    0.72707512    0.68436460   -0.72707512   -0.05483477
    0.64260951   -0.26025825   -0.72063768   -0.26025825    0.81047521   -0.52478145    0.72063768    0.52478145    0.45308473
    0.98009176   -0.16876569   -0.10458621   -0.16876569   -0.43065704   -0.88659611    0.10458621    0.88659611   -0.45056528
   -0.04759262   -0.93922702   -0.33998168   -0.93922702    0.15792896   -0.30481312    0.33998168    0.30481312   -0.88966366
    0.33157626    0.27765299   -0.90164627    0.27765299    0.88466720    0.37453006    0.90164627   -0.37453006    0.21624345
   -0.20428574    0.34418777   -0.91640718    0.34418777    0.90163030    0.26191138    0.91640718   -0.26191138   -0.30265543
   -0.03302067   -0.23316085   -0.97187739   -0.23316085    0.94737377   -0.21936033    0.97187739    0.21936033   -0.08564690
   -0.41599423   -0.43365903   -0.79930510   -0.43365903    0.86718862   -0.24479328    0.79930510    0.24479328   -0.54880561
