# Rotation matrices: 41 entries, row-major flattening of 3x3 -> 1x9
# https://github.com/Neurophysics-CFIN/GFO
# Col:  1    2    3    4    5    6    7    8    9
#       R11  R12  R13  R21  R22  R23  R31  R32  R33
# where Rij = R(i,j), i = row index, j = column index

    0.94900124   -0.02707505    0.31410760   -0.02707505    0.98562595    0.16675858   -0.31410760   -0.16675858    0.93462720
    0.94332438   -0.04263695   -0.32912186   -0.04263695    0.96792430   -0.24759772    0.32912186    0.24759772    0.91124869
    0.91847985   -0.11503657    0.37836669   -0.11503657    0.83766697    0.53392942   -0.37836669   -0.53392942    0.75614682
    0.99344522    0.01203049    0.11367435    0.01203049    0.97791952   -0.20863528   -0.11367435    0.20863528    0.97136474
    0.70324183   -0.10081315   -0.70376675   -0.10081315    0.96575228   -0.23907999    0.70376675    0.23907999    0.66899411
    0.74123018   -0.03403674    0.67038744   -0.03403674    0.99552305    0.08817798   -0.67038744   -0.08817798    0.73675323
    0.99468996   -0.06491797   -0.07985951   -0.06491797    0.20634444   -0.97632353    0.07985951    0.97632353    0.20103440
    0.91704744    0.09454709   -0.38740784    0.09454709    0.89223778    0.44155701    0.38740784   -0.44155701    0.80928522
    0.38111198   -0.08898967    0.92023611   -0.08898967    0.98720421    0.13232039   -0.92023611   -0.13232039    0.36831619
    0.85719728   -0.17067842   -0.48588239   -0.17067842    0.79600441   -0.58072872    0.48588239    0.58072872    0.65320170
    0.98351860   -0.08399467    0.16011266   -0.08399467    0.57193541    0.81598700   -0.16011266   -0.81598700    0.55545401
    0.95935404    0.08748867    0.26830125    0.08748867    0.81168442   -0.57750683   -0.26830125    0.57750683    0.77103846
    0.51912584    0.43297766   -0.73691160    0.43297766    0.61014821    0.66351301    0.73691160   -0.66351301    0.12927405
    0.06442632    0.08916284    0.99393120    0.08916284    0.99150253   -0.09472448   -0.99393120    0.09472448    0.05592885
    0.56810812   -0.48314601   -0.66620049   -0.48314601    0.45951735   -0.74526085    0.66620049    0.74526085    0.02762547
    0.85503751    0.28578117   -0.43271234    0.28578117    0.43660680    0.85305546    0.43271234   -0.85305546    0.29164431
    0.69965224    0.37489021    0.60823028    0.37489021    0.53206686   -0.75918521   -0.60823028    0.75918521    0.23171910
    0.37781137   -0.06247012   -0.92377273   -0.06247012    0.99372776   -0.09275031    0.92377273    0.09275031    0.37153913
    0.81068625   -0.28128114    0.51348683   -0.28128114    0.58207431    0.76293539   -0.51348683   -0.76293539    0.39276056
    0.99886811    0.02912681   -0.03760494    0.02912681    0.25048386    0.96768252    0.03760494   -0.96768252    0.24935196
    0.91435959    0.26922437    0.30243144    0.26922437    0.15364999   -0.95074177   -0.30243144    0.95074177    0.06800958
    0.36041405    0.32534597    0.87421491    0.32534597    0.83450231   -0.44469754   -0.87421491    0.44469754    0.19491636
    0.13293086   -0.27275409   -0.95285602   -0.27275409    0.91419970   -0.29974008    0.95285602    0.29974008    0.04713056
    0.84609323   -0.27914097   -0.45409973   -0.27914097    0.49372156   -0.82360145    0.45409973    0.82360145    0.33981479
    0.73529869    0.23740837   -0.63480162    0.23740837    0.78707044    0.56934821    0.63480162   -0.56934821    0.52236914
    0.54737496    0.11949435    0.82831260    0.11949435    0.96845314   -0.21867697   -0.82831260    0.21867697    0.51582810
    0.55116048   -0.29736865   -0.77961145   -0.29736865    0.80298500   -0.51651425    0.77961145    0.51651425    0.35414548
    0.90312219   -0.27937882    0.32606409   -0.27937882    0.19431990    0.94031231   -0.32606409   -0.94031231    0.09744209
    0.94792701    0.15783173    0.27662887    0.15783173    0.52161658   -0.83845410   -0.27662887    0.83845410    0.46954359
    0.63427011    0.09674538   -0.76703439    0.09674538    0.97440825    0.20290120    0.76703439   -0.20290120    0.60867836
    0.44778889   -0.34861869    0.82337726   -0.34861869    0.77991208    0.51980973   -0.82337726   -0.51980973    0.22770097
    0.99387537   -0.03148549   -0.10592646   -0.03148549    0.83813947   -0.54454650    0.10592646    0.54454650    0.83201484
    0.97089247    0.10096576   -0.21719511    0.10096576    0.64977835    0.75338835    0.21719511   -0.75338835    0.62067083
    0.75767685    0.21156223    0.61738742    0.21156223    0.81529385   -0.53901517   -0.61738742    0.53901517    0.57297070
    0.33143099    0.23252351   -0.91437756    0.23252351    0.91912999    0.31801395    0.91437756   -0.31801395    0.25056098
    0.69670456   -0.18735733    0.69245938   -0.18735733    0.88426213    0.42775895   -0.69245938   -0.42775895    0.58096669
    0.99232128   -0.05712744   -0.10970384   -0.05712744    0.57498850   -0.81616462    0.10970384    0.81616462    0.56730978
    0.99990715   -0.00347134    0.01317758   -0.00347134    0.87022406    0.49264392   -0.01317758   -0.49264392    0.87013121
    0.87094779    0.06214068    0.48743049    0.06214068    0.97007828   -0.23470548   -0.48743049    0.23470548    0.84102608
    0.86223729    0.02321086   -0.50597244    0.02321086    0.99608933    0.08524842    0.50597244   -0.08524842    0.85832662
    0.99434755    0.00700209   -0.10594298    0.00700209    0.99132602    0.13123905    0.10594298   -0.13123905    0.98567358
