# Rotation matrices: 12 entries, row-major flattening of 3x3 -> 1x9
# https://github.com/Neurophysics-CFIN/GFO
# Col:  1    2    3    4    5    6    7    8    9
#       R11  R12  R13  R21  R22  R23  R31  R32  R33
# where Rij = R(i,j), i = row index, j = column index

    0.70227716    0.53294924    0.47198719    0.53294924    0.04597549   -0.84489725   -0.47198719    0.84489725   -0.25174735
    0.86982196    0.40279932   -0.28489027    0.40279932   -0.24634918    0.88151278    0.28489027   -0.88151278   -0.37652722
   -0.88862290    0.21671526   -0.40420767    0.21671526    0.97513241    0.04638193    0.40420767   -0.04638193   -0.91349049
    0.08614107   -0.30057004   -0.94986176   -0.30057004    0.90114191   -0.31241145    0.94986176    0.31241145   -0.01271702
    0.72683656   -0.19283894    0.65918264   -0.19283894    0.86386591    0.46534808   -0.65918264   -0.46534808    0.59070247
    0.76392497   -0.46528286    0.44713589   -0.46528286    0.08296892    0.88126501   -0.44713589   -0.88126501   -0.15310612
   -0.16427190    0.50044979   -0.85003808    0.50044979    0.78488702    0.36537976    0.85003808   -0.36537976   -0.37938488
    0.99966091   -0.00730025   -0.02499551   -0.00730025    0.84283441   -0.53812347    0.02499551    0.53812347    0.84249531
    0.99073696   -0.06483341    0.11931847   -0.06483341    0.54622100    0.83512828   -0.11931847   -0.83512828    0.53695796
    0.75532802   -0.13257776   -0.64179648   -0.13257776    0.92816153   -0.34776331    0.64179648    0.34776331    0.68348955
    0.11440122    0.95362865    0.27839677    0.95362865   -0.02688443   -0.29978263   -0.27839677    0.29978263   -0.91248321
    0.47171937    0.19931770   -0.85892566    0.19931770    0.92479841    0.32406846    0.85892566   -0.32406846    0.39651777
