# Rotation matrices: 79 entries, row-major flattening of 3x3 -> 1x9
# https://github.com/Neurophysics-CFIN/GFO
# Col:  1    2    3    4    5    6    7    8    9
#       R11  R12  R13  R21  R22  R23  R31  R32  R33
# where Rij = R(i,j), i = row index, j = column index

    0.98524244    0.03869129    0.16673430    0.03869129    0.89855941   -0.43714296   -0.16673430    0.43714296    0.88380185
    0.96625671   -0.01837369   -0.25692485   -0.01837369    0.98999527   -0.13989913    0.25692485    0.13989913    0.95625198
    0.85605442   -0.01840327   -0.51655798   -0.01840327    0.99764716   -0.06604132    0.51655798    0.06604132    0.85370158
    0.66983413   -0.01040283    0.74243789   -0.01040283    0.99967223    0.02339265   -0.74243789   -0.02339265    0.66950636
    0.61717680    0.13737269   -0.77473966    0.13737269    0.95070503    0.27800842    0.77473966   -0.27800842    0.56788183
    0.77927986   -0.10428133    0.61793876   -0.10428133    0.95073129    0.29195105   -0.61793876   -0.29195105    0.73001115
    0.97246887    0.10132333    0.20985203    0.10132333    0.62709781   -0.77232242   -0.20985203    0.77232242    0.59956668
    0.98533718   -0.04997929    0.16313401   -0.04997929    0.82964188    0.55605434   -0.16313401   -0.55605434    0.81497906
    0.78866486    0.07877875    0.60975541    0.07877875    0.97063389   -0.22729663   -0.60975541    0.22729663    0.75929875
    0.99950575    0.01073855    0.02954554    0.01073855    0.76668376   -0.64193511   -0.02954554    0.64193511    0.76618951
    0.81843669    0.26380284   -0.51046004    0.26380284    0.61670706    0.74167410    0.51046004   -0.74167410    0.43514374
    0.99822063    0.00537153    0.05938621    0.00537153    0.98378452   -0.17927397   -0.05938621    0.17927397    0.98200515
    0.81128931    0.07040094   -0.58039070    0.07040094    0.97373602    0.21652220    0.58039070   -0.21652220    0.78502534
    0.48574437    0.26952057    0.83151132    0.26952057    0.85874469   -0.43579378   -0.83151132    0.43579378    0.34448906
    0.99139994   -0.02753251   -0.12793795   -0.02753251    0.91185651   -0.40958474    0.12793795    0.40958474    0.90325645
    0.89165025   -0.25173725    0.37628207   -0.25173725    0.41511966    0.87424483   -0.37628207   -0.87424483    0.30676991
    0.25475822    0.12267149    0.95919234    0.12267149    0.97980750   -0.15788910   -0.95919234    0.15788910    0.23456572
    0.71455801   -0.30161012   -0.63121960   -0.30161012    0.68130595   -0.66697342    0.63121960    0.66697342    0.39586396
    0.99169371    0.03561694   -0.12359217    0.03561694    0.84727648    0.52995660    0.12359217   -0.52995660    0.83897019
    0.93308835    0.03945239    0.35747676    0.03945239    0.97673811   -0.21077516   -0.35747676    0.21077516    0.90982646
    0.61557123    0.28170385   -0.73601291    0.28170385    0.79357149    0.53933963    0.73601291   -0.53933963    0.40914271
    0.39304292   -0.03238821    0.91894954   -0.03238821    0.99827171    0.04903664   -0.91894954   -0.04903664    0.39131464
    0.81551176   -0.18289738   -0.54908025   -0.18289738    0.81867976   -0.54434547    0.54908025    0.54434547    0.63419152
    0.98243640   -0.11945823    0.14334732   -0.11945823    0.18750900    0.97497185   -0.14334732   -0.97497185    0.16994540
    0.93204291    0.23920110    0.27217430    0.23920110    0.15803977   -0.95802206   -0.27217430    0.95802206    0.09008268
    0.38890752    0.39043120   -0.83445456    0.39043120    0.75055081    0.53313878    0.83445456   -0.53313878    0.13945833
    0.55746540    0.11613174    0.82203756    0.11613174    0.96952424   -0.21572245   -0.82203756    0.21572245    0.52698964
    0.90444361   -0.08198115   -0.41864166   -0.08198115    0.92966552   -0.35916725    0.41864166    0.35916725    0.83410913
    0.93903283    0.13055292   -0.31807748    0.13055292    0.72043866    0.68111972    0.31807748   -0.68111972    0.65947149
    0.47455287    0.43493588    0.76526489    0.43493588    0.63998429   -0.63344367   -0.76526489    0.63344367    0.11453716
    0.51766093   -0.11156416   -0.84828097   -0.11156416    0.97419541   -0.19620586    0.84828097    0.19620586    0.49185634
    0.09422867    0.10435789   -0.99006585    0.10435789    0.98797647    0.11406983    0.99006585   -0.11406983    0.08220514
    0.98581595    0.10662728   -0.12960534    0.10662728    0.19843961    0.97429582    0.12960534   -0.97429582    0.18425555
    0.99367637    0.06358099    0.09254587    0.06358099    0.36072481   -0.93050259   -0.09254587    0.93050259    0.35440118
    0.53574604   -0.25561432   -0.80475928   -0.25561432    0.85926091   -0.44309368    0.80475928    0.44309368    0.39500695
    0.99925560   -0.02596247   -0.02853419   -0.02596247    0.09450829   -0.99518548    0.02853419    0.99518548    0.09376389
    0.96163019    0.14093867   -0.23537985    0.14093867    0.48230891    0.86458915    0.23537985   -0.86458915    0.44393910
    0.88967078    0.24458555    0.38556947    0.24458555    0.45778563   -0.85475741   -0.38556947    0.85475741    0.34745641
    0.21436583   -0.33287097   -0.91828329   -0.33287097    0.85896351   -0.38907403    0.91828329    0.38907403    0.07332934
    0.41846049   -0.40381244    0.81352709   -0.40381244    0.71959861    0.56490119   -0.81352709   -0.56490119    0.13805910
    0.88294544   -0.31992858   -0.34358850   -0.31992858    0.12558473   -0.93908156    0.34358850    0.93908156    0.00853017
    0.99483664   -0.04696724   -0.08996740   -0.04696724    0.57277379   -0.81836683    0.08996740    0.81836683    0.56761043
    0.86399284    0.30415961   -0.40125217    0.30415961    0.31979268    0.89734028    0.40125217   -0.89734028    0.18378551
    0.08795428   -0.11472043    0.98949647   -0.11472043    0.98557005    0.12446247   -0.98949647   -0.12446247    0.07352433
    0.68900792   -0.36206784    0.62783355   -0.36206784    0.57846798    0.73094574   -0.62783355   -0.73094574    0.26747591
    0.64585631    0.40906143   -0.64462266    0.40906143    0.52750463    0.74458553    0.64462266   -0.74458553    0.17336095
    0.19388960    0.32000504    0.92736379    0.32000504    0.87296625   -0.36813951   -0.92736379    0.36813951    0.06685585
    0.24815778   -0.13285411   -0.95956631   -0.13285411    0.97652405   -0.16955995    0.95956631    0.16955995    0.22468182
    0.99924528    0.01617813   -0.03531485    0.01617813    0.65320680    0.75700670    0.03531485   -0.75700670    0.65245208
    0.86488230    0.19861510    0.46101047    0.19861510    0.70804746   -0.67765835   -0.46101047    0.67765835    0.57292976
    0.35796435    0.21785125   -0.90796605    0.21785125    0.92608017    0.30808498    0.90796605   -0.30808498    0.28404452
    0.33982641   -0.24020796    0.90929541   -0.24020796    0.91259895    0.33085236   -0.90929541   -0.33085236    0.25242536
    0.81460824   -0.32602436   -0.47970984   -0.32602436    0.42666339   -0.84360327    0.47970984    0.84360327    0.24127163
    0.73197922    0.41462198    0.54064316    0.41462198    0.35858931   -0.83636255   -0.54064316    0.83636255    0.09056854
    0.72661670    0.19434159    0.65898370    0.19434159    0.86184725   -0.46845561   -0.65898370    0.46845561    0.58846395
    0.40412209    0.04162316   -0.91375754    0.04162316    0.99709255    0.06382764    0.91375754   -0.06382764    0.40121464
    0.88022211   -0.13673317    0.45443710   -0.13673317    0.84391143    0.51876539   -0.45443710   -0.51876539    0.72413355
    0.49274936   -0.41356189   -0.76561389   -0.41356189    0.66282263   -0.62420567    0.76561389    0.62420567    0.15557198
    0.99601333   -0.04752539    0.07549027   -0.04752539    0.43344602    0.89992549   -0.07549027   -0.89992549    0.42945935
    0.57025307   -0.14343254    0.80885014   -0.14343254    0.95212789    0.26996220   -0.80885014   -0.26996220    0.52238095
    0.95011443    0.03014368   -0.31044152    0.03014368    0.98178549    0.18758628    0.31044152   -0.18758628    0.93189991
    0.99704784    0.00277019   -0.07673288    0.00277019    0.99740057    0.07200294    0.07673288   -0.07200294    0.99444841
    0.69830204    0.32307718    0.63874518    0.32307718    0.65402861   -0.68400856   -0.63874518    0.68400856    0.35233065
    0.73598268   -0.11788374   -0.66665802   -0.11788374    0.94736491   -0.29766282    0.66665802    0.29766282    0.68334759
    0.86492301   -0.01250971    0.50174864   -0.01250971    0.99884145    0.04646780   -0.50174864   -0.04646780    0.86376446
    0.90346565    0.11359429    0.41333540    0.11359429    0.86633086   -0.48638173   -0.41333540    0.48638173    0.76979651
    0.92055243    0.09000480   -0.38010836    0.09000480    0.89803510    0.43061827    0.38010836   -0.43061827    0.81858753
    0.90996243   -0.18793974   -0.36965799   -0.18793974    0.60770435   -0.77160487    0.36965799    0.77160487    0.51766678
    0.79412114    0.17999110   -0.58049533    0.17999110    0.84264147    0.50750227    0.58049533   -0.50750227    0.63676261
    0.64265151   -0.25488253    0.72251915   -0.25488253    0.81820238    0.51534432   -0.72251915   -0.51534432    0.46085389
    0.95794035   -0.09558806   -0.27057940   -0.09558806    0.78275907   -0.61493996    0.27057940    0.61493996    0.74069942
    0.67146646   -0.00003845   -0.74103495   -0.00003845    1.00000000   -0.00008672    0.74103495    0.00008672    0.67146645
    0.83383191   -0.22891792    0.50231558   -0.22891792    0.68463613    0.69200430   -0.50231558   -0.69200430    0.51846804
    0.64307207   -0.47504583    0.60065778   -0.47504583    0.36774760    0.79943303   -0.60065778   -0.79943303    0.01081967
    0.95956907   -0.11923799    0.25496960   -0.11923799    0.64834596    0.75195067   -0.25496960   -0.75195067    0.60791504
    0.96628673   -0.14867298   -0.21020536   -0.14867298    0.34436327   -0.92698990    0.21020536    0.92698990    0.31065001
    0.99958591   -0.00466001    0.02839526   -0.00466001    0.94755783    0.31955038   -0.02839526   -0.31955038    0.94714374
    0.93917917   -0.05622555    0.33879371   -0.05622555    0.94802254    0.31319636   -0.33879371   -0.31319636    0.88720170
    0.97429774   -0.00761965    0.22513521   -0.00761965    0.99774109    0.06674324   -0.22513521   -0.06674324    0.97203882
