# Rotation matrices: 36 entries, row-major flattening of 3x3 -> 1x9
# https://github.com/Neurophysics-CFIN/GFO
# Col:  1    2    3    4    5    6    7    8    9
#       R11  R12  R13  R21  R22  R23  R31  R32  R33
# where Rij = R(i,j), i = row index, j = column index

    0.64595806   -0.03218626   -0.76269406   -0.03218626    0.99707392   -0.06933719    0.76269406    0.06933719    0.64303198
    0.88669850   -0.32632829    0.32752957   -0.32632829    0.06011701    0.94334288   -0.32752957   -0.94334288   -0.05318449
    0.42829641   -0.61371694    0.66325990   -0.61371694    0.34118222    0.71200155   -0.66325990   -0.71200155   -0.23052137
    0.91993738   -0.05130443   -0.38869406   -0.05130443    0.96712392   -0.24907664    0.38869406    0.24907664    0.88706130
    0.09747422   -0.06510309    0.99310642   -0.06510309    0.99530383    0.07163706   -0.99310642   -0.07163706    0.09277805
   -0.00745446    0.34230747   -0.93955842    0.34230747    0.88369261    0.31923812    0.93955842   -0.31923812   -0.12376185
    0.99320104    0.07194825   -0.09151582    0.07194825    0.23862616    0.96844257    0.09151582   -0.96844257    0.23182720
    0.86616695   -0.41939198    0.27178150   -0.41939198   -0.31424661    0.85168036   -0.27178150   -0.85168036   -0.44807966
    0.52846161    0.35792690   -0.76981599    0.35792690    0.72831127    0.58433811    0.76981599   -0.58433811    0.25677288
    0.70167020    0.17767503   -0.68999313    0.17767503    0.89418282    0.41093633    0.68999313   -0.41093633    0.59585302
    0.47674761   -0.60705338   -0.63576561   -0.60705338    0.29572456   -0.73758605    0.63576561    0.73758605   -0.22752783
    0.86607252    0.04482214   -0.49790497    0.04482214    0.98499916    0.16663621    0.49790497   -0.16663621    0.85107168
   -0.02948669    0.71083087   -0.70274463    0.71083087    0.50919179    0.48522490    0.70274463   -0.48522490   -0.52029490
    0.32428252    0.11422818   -0.93903822    0.11422818    0.98069004    0.15874182    0.93903822   -0.15874182    0.30497256
    0.63828742   -0.74395497   -0.19778821   -0.74395497   -0.53013477   -0.40680233    0.19778821    0.40680233   -0.89184735
    0.71505159    0.56408753   -0.41292430    0.56408753   -0.11667493    0.81743025    0.41292430   -0.81743025   -0.40162334
    0.53522170    0.42829444    0.72808077    0.42829444    0.60532554   -0.67092836   -0.72808077    0.67092836    0.14054724
   -0.59166698   -0.51438643   -0.62075501   -0.51438643    0.83376334   -0.20061229    0.62075501    0.20061229   -0.75790364
   -0.50182940    0.14034777   -0.85350440    0.14034777    0.98688433    0.07976102    0.85350440   -0.07976102   -0.51494507
    0.07287715   -0.79231033    0.60575016   -0.79231033    0.32289916    0.51766831   -0.60575016   -0.51766831   -0.60422369
    0.99371456    0.08772702   -0.06953656    0.08772702   -0.22442279    0.97053510    0.06953656   -0.97053510   -0.23070823
   -0.27161576    0.82194386   -0.50063277    0.82194386    0.46871395    0.32359778    0.50063277   -0.32359778   -0.80290180
    0.94673113   -0.17556240    0.26995927   -0.17556240    0.42138520    0.88972600   -0.26995927   -0.88972600    0.36811633
   -0.20531367   -0.39010356    0.89758872   -0.39010356    0.87374176    0.29050741   -0.89758872   -0.29050741   -0.33157191
    0.37927800   -0.79243048   -0.47770507   -0.79243048   -0.01163816   -0.60985120    0.47770507    0.60985120   -0.63236016
    0.17233134   -0.42528374   -0.88850191   -0.42528374    0.78147504   -0.45654189    0.88850191    0.45654189   -0.04619362
    0.94751579    0.31468785   -0.05643923    0.31468785   -0.88682350    0.33840159    0.05643923   -0.33840159   -0.93930771
    0.86328561    0.46279832   -0.20138437    0.46279832   -0.56664044    0.68171572    0.20138437   -0.68171572   -0.70335482
    0.65359346    0.63208208    0.41627855    0.63208208   -0.15334934   -0.75957634   -0.41627855    0.75957634   -0.49975588
    0.99879973   -0.04464841   -0.02014017   -0.04464841   -0.66085489   -0.74918445    0.02014017    0.74918445   -0.66205516
    0.62392180    0.73746154    0.25859635    0.73746154   -0.44610753   -0.50708831   -0.25859635    0.50708831   -0.82218573
   -0.94594738   -0.04382935   -0.32134490   -0.04382935    0.99901281   -0.00723778    0.32134490    0.00723778   -0.94693456
    0.99505620    0.00459111   -0.09920725    0.00459111    0.99573641    0.09212989    0.09920725   -0.09212989    0.99079261
    0.80885345   -0.54714185    0.21538777   -0.54714185   -0.56615020    0.61653041   -0.21538777   -0.61653041   -0.75729674
   -0.21176712   -0.53511523   -0.81780583   -0.53511523    0.76369361   -0.36114229    0.81780583    0.36114229   -0.44807350
    0.79393556    0.42075665    0.43889654    0.42075665    0.14086993   -0.89616935   -0.43889654    0.89616935   -0.06519451
