# Rotation matrices: 73 entries, row-major flattening of 3x3 -> 1x9
# https://github.com/Neurophysics-CFIN/GFO
# Col:  1    2    3    4    5    6    7    8    9
#       R11  R12  R13  R21  R22  R23  R31  R32  R33
# where Rij = R(i,j), i = row index, j = column index

    0.64529492    0.12506087    0.75362739    0.12506087    0.95590641   -0.26571173   -0.75362739    0.26571173    0.60120132
    0.44988880   -0.79639602   -0.40417007   -0.79639602   -0.15294257   -0.58511704    0.40417007    0.58511704   -0.70305377
    0.25091880   -0.14688874    0.95679854   -0.14688874    0.97119631    0.18762042   -0.95679854   -0.18762042    0.22211511
    0.12785150   -0.23771745   -0.96288338   -0.23771745    0.93520646   -0.26244863    0.96288338    0.26244863    0.06305797
    0.49692021   -0.49744253    0.71107048   -0.49744253    0.50813156    0.70310259   -0.71107048   -0.70310259    0.00505177
    0.47690283    0.60321349   -0.63929428    0.60321349    0.30439976    0.73720707    0.63929428   -0.73720707   -0.21869741
    0.76862922    0.41665700   -0.48539270    0.41665700    0.24967600    0.87410460    0.48539270   -0.87410460    0.01830521
    0.29508686   -0.73526327    0.61017347   -0.73526327    0.23307987    0.63644457   -0.61017347   -0.63644457   -0.47183327
   -0.13432854    0.02578452    0.99060133    0.02578452    0.99941389   -0.02251745   -0.99060133    0.02251745   -0.13491465
    0.86118184   -0.14633590   -0.48677678   -0.14633590    0.84573923   -0.51313835    0.48677678    0.51313835    0.70692107
    0.61627421    0.41578096   -0.66882904    0.41578096    0.54948609    0.72470079    0.66882904   -0.72470079    0.16576030
   -0.06888655    0.94423179   -0.32199530    0.94423179    0.16588560    0.28444384    0.32199530   -0.28444384   -0.90300096
    0.81966717    0.14491185    0.55420780    0.14491185    0.88355174   -0.44535029   -0.55420780    0.44535029    0.70321891
    0.09210686    0.58316346    0.80711629    0.58316346    0.62541889   -0.51843186   -0.80711629    0.51843186   -0.28247426
    0.93795228   -0.16478225    0.30511035   -0.16478225    0.56238213    0.81029201   -0.30511035   -0.81029201    0.50033441
    0.99672723    0.07147120    0.03777171    0.07147120   -0.56079645   -0.82486314   -0.03777171    0.82486314   -0.56406922
    0.97370241    0.02526026   -0.22641894    0.02526026    0.97573615    0.21748768    0.22641894   -0.21748768    0.94943856
   -0.87604344    0.16862372    0.45178970    0.16862372    0.98484366   -0.04060805   -0.45178970    0.04060805   -0.89119978
    0.13999957    0.30646120   -0.94153155    0.30646120    0.89079254    0.33551481    0.94153155   -0.33551481    0.03079210
   -0.26494513   -0.31902004    0.90996170   -0.31902004    0.91954292    0.22949298   -0.90996170   -0.22949298   -0.34540220
    0.77416541    0.22688938   -0.59092227    0.22688938    0.77205091    0.59368224    0.59092227   -0.59368224    0.54621632
    0.74849899   -0.15342885    0.64514251   -0.15342885    0.90640033    0.39357086   -0.64514251   -0.39357086    0.65489932
    0.45121373    0.03898917    0.89156380    0.03898917    0.99722997   -0.06334221   -0.89156380    0.06334221    0.44844370
    0.13069657   -0.56068015    0.81765285   -0.56068015    0.63837457    0.52736674   -0.81765285   -0.52736674   -0.23092886
    0.96185232    0.12692621    0.24234242    0.12692621    0.57768691   -0.80632969   -0.24234242    0.80632969    0.53953923
    0.77424349    0.56363297    0.28786262    0.56363297   -0.40718924   -0.71868964   -0.28786262    0.71868964   -0.63294574
   -0.26610747    0.59972914    0.75466004    0.59972914    0.71592060   -0.35746698   -0.75466004    0.35746698   -0.55018686
    0.72957150   -0.07824339   -0.67941401   -0.07824339    0.97736175   -0.19657563    0.67941401    0.19657563    0.70693325
    0.85431705   -0.34016376   -0.39297709   -0.34016376    0.20573148   -0.91758552    0.39297709    0.91758552    0.06004853
    0.53527242   -0.28349670    0.79568402   -0.28349670    0.82705916    0.48538930   -0.79568402   -0.48538930    0.36233158
   -0.11787441    0.44194882   -0.88926198    0.44194882    0.82527665    0.35156747    0.88926198   -0.35156747   -0.29259776
    0.97976916   -0.01329385   -0.19968890   -0.01329385    0.99126450   -0.13121726    0.19968890    0.13121726    0.97103366
    0.92689707    0.10035292   -0.36165054    0.10035292    0.86223933    0.49646010    0.36165054   -0.49646010    0.78913640
    0.62976138    0.61044564    0.48037145    0.61044564   -0.00649650   -0.79203151   -0.48037145    0.79203151   -0.37673512
    0.94095159   -0.00466801    0.33850897   -0.00466801    0.99963097    0.02676049   -0.33850897   -0.02676049    0.94058256
    0.82079143   -0.51841328    0.23989395   -0.51841328   -0.49966222    0.69396350   -0.23989395   -0.69396350   -0.67887080
    0.99460949   -0.07234035    0.07428885   -0.07234035    0.02919608    0.99695259   -0.07428885   -0.99695259    0.02380557
    0.97821439   -0.04954979   -0.20159717   -0.04954979    0.88730257   -0.45851822    0.20159717    0.45851822    0.86551697
    0.91009703   -0.24917820    0.33110969   -0.24917820    0.30936905    0.91771511   -0.33110969   -0.91771511    0.21946608
   -0.38902344   -0.38179404   -0.83838778   -0.38179404    0.89505815   -0.23044352    0.83838778    0.23044352   -0.49396529
    0.78602683    0.47780030   -0.39226101    0.47780030   -0.06692406    0.87591554    0.39226101   -0.87591554   -0.28089724
    0.48978205    0.00609291   -0.87182362    0.00609291    0.99992724    0.01041112    0.87182362   -0.01041112    0.48970929
    0.99760098   -0.04039983    0.05621515   -0.04039983    0.31966196    0.94667000   -0.05621515   -0.94667000    0.31726294
    0.07511540    0.67723447   -0.73192292    0.67723447    0.50410405    0.53594084    0.73192292   -0.53594084   -0.42078054
    0.55889741   -0.79534350   -0.23465377   -0.79534350   -0.43406842   -0.42309966    0.23465377    0.42309966   -0.87517100
    0.95012575    0.09413818    0.29731978    0.09413818    0.82231316   -0.56119433   -0.29731978    0.56119433    0.77243891
    0.95278263    0.29857757   -0.05528728    0.29857757   -0.88804622    0.34960742    0.05528728   -0.34960742   -0.93526358
    0.73019556   -0.36750463   -0.57598159   -0.36750463    0.49941650   -0.78455306    0.57598159    0.78455306    0.22961206
    0.75650231   -0.54184287    0.36621108   -0.54184287   -0.20573505    0.81491067   -0.36621108   -0.81491067   -0.44923274
    0.82627785    0.04439110    0.56151077    0.04439110    0.98865677   -0.14348246   -0.56151077    0.14348246    0.81493462
    0.29520687    0.50171396   -0.81310271    0.50171396    0.64284996    0.57881520    0.81310271   -0.57881520   -0.06194317
   -0.34130604    0.76620775    0.54445924    0.76620775    0.56231143   -0.31101693   -0.54445924    0.31101693   -0.77899461
    0.91285246    0.33008327    0.24030277    0.33008327   -0.25023570   -0.91017972   -0.24030277    0.91017972   -0.33738324
   -0.68009186    0.20398903    0.70417579    0.20398903    0.97523259   -0.08549779   -0.70417579    0.08549779   -0.70485927
    0.94662833    0.23117166    0.22462070    0.23117166   -0.00128665   -0.97291213   -0.22462070    0.97291213   -0.05465832
    0.76812675   -0.25762718    0.58618217   -0.25762718    0.71375843    0.65128883   -0.58618217   -0.65128883    0.48188518
    0.72547044   -0.36716456    0.58213643   -0.36716456    0.50894245    0.77856777   -0.58213643   -0.77856777    0.23441289
    0.99897125    0.01573949    0.04252896    0.01573949    0.75919208   -0.65067631   -0.04252896    0.65067631    0.75816332
    0.87669049   -0.06390460    0.47679135   -0.06390460    0.96688172    0.24709499   -0.47679135   -0.24709499    0.84357221
   -0.37166337   -0.81787949    0.43924877   -0.81787949    0.51232433    0.26191015   -0.43924877   -0.26191015   -0.85933904
   -0.68583825   -0.16014573   -0.70991495   -0.16014573    0.98478700   -0.06743817    0.70991495    0.06743817   -0.70105125
    0.30802417   -0.38365447    0.87059196   -0.38365447    0.78728918    0.48268520   -0.87059196   -0.48268520    0.09531335
   -0.23419493    0.32959632    0.91461413    0.32959632    0.91198008   -0.24425109   -0.91461413    0.24425109   -0.32221484
    0.97495795   -0.13422343   -0.17731631   -0.13422343    0.28057305   -0.95040141    0.17731631    0.95040141    0.25553099
    0.88646623   -0.45896949   -0.05936852   -0.45896949   -0.85542154   -0.24000208    0.05936852    0.24000208   -0.96895530
    0.98000111    0.15619883   -0.12328724    0.15619883   -0.21997168    0.96291972    0.12328724   -0.96291972   -0.23997056
    0.94649348    0.31047737    0.08805621    0.31047737   -0.80157849   -0.51095570   -0.08805621    0.51095570   -0.85508501
    0.95133658   -0.28601183   -0.11469936   -0.28601183   -0.68099096   -0.67412799    0.11469936    0.67412799   -0.72965438
    0.99677571   -0.06969045    0.03976724   -0.06969045   -0.50630148    0.85953595   -0.03976724   -0.85953595   -0.50952577
    0.83617655    0.22419481    0.50054518    0.22419481    0.69318611   -0.68500343   -0.50054518    0.68500343    0.52936266
   -0.19848620   -0.62513151    0.75486013   -0.62513151    0.67393082    0.39373574   -0.75486013   -0.39373574   -0.52455538
   -0.38558897    0.92054548   -0.06258734    0.92054548    0.38841605    0.04158123    0.06258734   -0.04158123   -0.99717292
   -0.14794255    0.11331868   -0.98248251    0.11331868    0.98881379    0.09698536    0.98248251   -0.09698536   -0.15912876
