# Rotation matrices: 93 entries, row-major flattening of 3x3 -> 1x9
# https://github.com/Neurophysics-CFIN/GFO
# Col:  1    2    3    4    5    6    7    8    9
#       R11  R12  R13  R21  R22  R23  R31  R32  R33
# where Rij = R(i,j), i = row index, j = column index

    0.97767466   -0.15480358    0.14208488   -0.15480358   -0.07340573    0.98521442   -0.14208488   -0.98521442   -0.09573107
    0.94724590   -0.28460767    0.14738956   -0.28460767   -0.53545452    0.79516472   -0.14738956   -0.79516472   -0.58820863
   -0.20361134    0.84861860   -0.48825085    0.84861860    0.40167269    0.34424630    0.48825085   -0.34424630   -0.80193865
    0.82286261   -0.41659024    0.38645788   -0.41659024    0.02026654    0.90886844   -0.38645788   -0.90886844   -0.15687085
    0.71091128    0.53000702   -0.46227450    0.53000702    0.02830025    0.84752089    0.46227450   -0.84752089   -0.26078848
   -0.04653767   -0.23656178   -0.97050130   -0.23656178    0.94652703   -0.21937434    0.97050130    0.21937434   -0.10001063
    0.79007014   -0.29755983    0.53595459   -0.29755983    0.57823127    0.75967542   -0.53595459   -0.75967542    0.36830141
   -0.69094221   -0.59188551    0.41505471   -0.59188551    0.79282056    0.14528283   -0.41505471   -0.14528283   -0.89812165
    0.87480755    0.48221027   -0.04674410    0.48221027   -0.85735434    0.18004667    0.04674410   -0.18004667   -0.98254679
    0.62122937    0.13023665   -0.77273054    0.13023665    0.95521938    0.26569599    0.77273054   -0.26569599    0.57644874
    0.99915878   -0.03148115   -0.02628054   -0.03148115   -0.17812762   -0.98350368    0.02628054    0.98350368   -0.17896884
    0.13850248   -0.65783361    0.74031885   -0.65783361    0.49768276    0.56530241   -0.74031885   -0.56530241   -0.36381476
    0.99006638   -0.00534944    0.14049893   -0.00534944    0.99711923    0.07566129   -0.14049893   -0.07566129    0.98718561
    0.41219713    0.12098547    0.90302605    0.12098547    0.97509797   -0.18586679   -0.90302605    0.18586679    0.38729510
   -0.16182446   -0.82258834   -0.54512501   -0.82258834    0.41759569   -0.38595630    0.54512501    0.38595630   -0.74422877
    0.11034026   -0.65313779   -0.74915689   -0.65313779    0.52050322   -0.54998856    0.74915689    0.54998856   -0.36915652
   -0.30260355    0.25095920    0.91948386    0.25095920    0.95165028   -0.17714748   -0.91948386    0.17714748   -0.35095327
    0.15439127    0.03013896    0.98754999    0.03013896    0.99892579   -0.03519800   -0.98754999    0.03519800    0.15331707
    0.29108940   -0.53387350    0.79388037   -0.53387350    0.59794519    0.59786339   -0.79388037   -0.59786339   -0.11096541
    0.58542586   -0.70396213    0.40213664   -0.70396213   -0.19535358    0.68284280   -0.40213664   -0.68284280   -0.60992772
    0.08646196   -0.78525173    0.61311014   -0.78525173    0.32501959    0.52701232   -0.61311014   -0.52701232   -0.58851846
    0.85158861   -0.10797417   -0.51297019   -0.10797417    0.92144523   -0.37320271    0.51297019    0.37320271    0.77303384
    0.93314099   -0.04822364    0.35626168   -0.04822364    0.96521756    0.25696215   -0.35626168   -0.25696215    0.89835854
   -0.34006951   -0.55886325   -0.75632308   -0.55886325    0.76693139   -0.31541735    0.75632308    0.31541735   -0.57313812
    0.86470944    0.33795897    0.37156604    0.33795897    0.15577063   -0.92818061   -0.37156604    0.92818061    0.02048007
    0.32213121   -0.37207437    0.87051258   -0.37207437    0.79577267    0.47781432   -0.87051258   -0.47781432    0.11790388
    0.91205827   -0.30295052   -0.27635249   -0.30295052   -0.04363440   -0.95200684    0.27635249    0.95200684   -0.13157613
    0.59426092    0.76497761   -0.24832080    0.76497761   -0.44228340    0.46818229    0.24832080   -0.46818229   -0.84802248
    0.82942510   -0.45807015    0.31972760   -0.45807015   -0.23012393    0.85861208   -0.31972760   -0.85861208   -0.40069883
    0.38035368    0.40344305    0.83220477    0.40344305    0.73732388   -0.54183688   -0.83220477    0.54183688    0.11767756
    0.86973474   -0.40279153   -0.28516744   -0.40279153   -0.24546647   -0.88176255    0.28516744    0.88176255   -0.37573173
   -0.16482250    0.82945637    0.53369998    0.82945637    0.40935389   -0.38004146   -0.53369998    0.38004146   -0.75546861
    0.64841305   -0.13510115   -0.74920505   -0.13510115    0.94808590   -0.28789027    0.74920505    0.28789027    0.59649894
    0.56819573   -0.42596315    0.70406605   -0.42596315    0.57979896    0.69454198   -0.70406605   -0.69454198    0.14799469
    0.91550559   -0.00086528    0.40230431   -0.00086528    0.99999114    0.00411987   -0.40230431   -0.00411987    0.91549673
    0.68809586    0.54241514    0.48198538    0.54241514    0.05671600   -0.83819396   -0.48198538    0.83819396   -0.25518815
   -0.77813481    0.49154202    0.39101492    0.49154202    0.86411966   -0.10809094   -0.39101492    0.10809094   -0.91401514
   -0.47608609    0.42844514   -0.76796927    0.42844514    0.87564056    0.22290888    0.76796927   -0.22290888   -0.60044553
    0.95403813    0.18420490   -0.23638909    0.18420490    0.26174792    0.94739463    0.23638909   -0.94739463    0.21578605
    0.32396779    0.55127806    0.76885458    0.55127806    0.55045411   -0.62697111   -0.76885458    0.62697111   -0.12557810
    0.99733780   -0.02458414   -0.06865075   -0.02458414    0.77297690   -0.63395767    0.06865075    0.63395767    0.77031471
    0.98673654   -0.00285665   -0.16230479   -0.00285665    0.99938474   -0.03495683    0.16230479    0.03495683    0.98612128
    0.51349712   -0.65745222    0.55143203   -0.65745222    0.11152957    0.74519644   -0.55143203   -0.74519644   -0.37497331
    0.93851064    0.27465896   -0.20918946    0.27465896   -0.22683905    0.93440168    0.20918946   -0.93440168   -0.28832841
    0.99250959    0.05960166    0.10664123    0.05960166    0.52574570   -0.84855118   -0.10664123    0.84855118    0.51825529
   -0.13632618   -0.11311628    0.98418488   -0.11311628    0.98873977    0.09797128   -0.98418488   -0.09797128   -0.14758641
    0.97318302   -0.03663941   -0.22709548   -0.03663941    0.94994043   -0.31027526    0.22709548    0.31027526    0.92312345
    0.53957754    0.76349310    0.35487233    0.76349310   -0.26605836   -0.58846516   -0.35487233    0.58846516   -0.72648083
    0.64928434    0.46830583   -0.59926579    0.46830583    0.37467762    0.80019144    0.59926579   -0.80019144    0.02396196
    0.95207444    0.15305460   -0.26481794    0.15305460    0.51120630    0.84572005    0.26481794   -0.84572005    0.46328074
    0.98607865    0.12041086   -0.11467400    0.12041086   -0.04147750    0.99185727    0.11467400   -0.99185727   -0.05539886
    0.39190102   -0.04978568    0.91865934   -0.04978568    0.99592400    0.07521158   -0.91865934   -0.07521158    0.38782502
    0.99618683   -0.05013592   -0.07140164   -0.05013592    0.34080859   -0.93879491    0.07140164    0.93879491    0.33699542
   -0.04273026    0.33969709   -0.93956374    0.33969709    0.88933465    0.30608785    0.93956374   -0.30608785   -0.15339561
   -0.38074998   -0.12660950    0.91596915   -0.12660950    0.98839039    0.08399087   -0.91596915   -0.08399087   -0.39235959
   -0.60501068   -0.10122646   -0.78975647   -0.10122646    0.99361575   -0.04980917    0.78975647    0.04980917   -0.61139493
    0.99600691    0.00979671   -0.08873702    0.00979671    0.97596458    0.21770887    0.08873702   -0.21770887    0.97197149
    0.90980743    0.19213588    0.36787802    0.19213588    0.59069579   -0.78368507   -0.36787802    0.78368507    0.50050322
    0.90865412   -0.16931293    0.38168156   -0.16931293    0.68617226    0.70746078   -0.38168156   -0.70746078    0.59482639
    0.46215137   -0.21007826   -0.86155861   -0.21007826    0.91794554   -0.33651612    0.86155861    0.33651612    0.38009692
    0.94931467    0.05649037   -0.30920948    0.05649037    0.93703973    0.34462354    0.30920948   -0.34462354    0.88635440
    0.55960659   -0.77184201    0.30182839   -0.77184201   -0.35274524    0.52899027   -0.30182839   -0.52899027   -0.79313865
    0.03335015    0.76384920    0.64453252    0.76384920    0.39640440   -0.50931126   -0.64453252    0.50931126   -0.57024545
    0.49977633    0.26329575   -0.82516602    0.26329575    0.86141269    0.43433112    0.82516602   -0.43433112    0.36118902
   -0.18644863   -0.42960648   -0.88355825   -0.42960648    0.84444187   -0.31993155    0.88355825    0.31993155   -0.34200676
    0.10569612    0.13646053   -0.98499079    0.13646053    0.97917769    0.15029831    0.98499079   -0.15029831    0.08487380
    0.94969796   -0.27802322   -0.14414186   -0.27802322   -0.53665554   -0.79668307    0.14414186    0.79668307   -0.58695758
    0.25034121   -0.29464387   -0.92223330   -0.29464387    0.88419397   -0.36247209    0.92223330    0.36247209    0.13453518
    0.54655257    0.69820547    0.46237366    0.69820547   -0.07507696   -0.71194984   -0.46237366    0.71194984   -0.52852439
    0.88667044    0.15327649    0.43625892    0.15327649    0.79269590   -0.59003350   -0.43625892    0.59003350    0.67936634
    0.99986297    0.01615097   -0.00363187    0.01615097   -0.90360423    0.42806372    0.00363187   -0.42806372   -0.90374126
    0.73243339    0.18207221    0.65604195    0.18207221    0.87610454   -0.44641970   -0.65604195    0.44641970    0.60853793
   -0.71374818    0.34734017   -0.60820913    0.34734017    0.92960156    0.12327101    0.60820913   -0.12327101   -0.78414661
    0.98220876    0.07009126    0.17422158    0.07009126    0.72386492   -0.68637219   -0.17422158    0.68637219    0.70607369
   -0.69148980   -0.38971569   -0.60824628   -0.38971569    0.91021033   -0.14013866    0.60824628    0.14013866   -0.78127948
   -0.68618577    0.38233982    0.61884195    0.38233982    0.91330508   -0.14032138   -0.61884195    0.14032138   -0.77288069
   -0.25695297    0.92155360   -0.29105693    0.92155360    0.32434940    0.21339268    0.29105693   -0.21339268   -0.93260357
    0.42604912    0.60302970   -0.67441629    0.60302970    0.36641823    0.70858512    0.67441629   -0.70858512   -0.20753265
    0.74430024    0.27349876    0.60927464    0.27349876    0.70746328   -0.65168562   -0.60927464    0.65168562    0.45176352
    0.59686475    0.00228473   -0.80233861    0.00228473    0.99998705    0.00454718    0.80233861   -0.00454718    0.59685180
    0.05893719    0.40672416    0.91164789    0.40672416    0.82421520   -0.39401113   -0.91164789    0.39401113   -0.11684761
    0.77505369   -0.21370726    0.59466039   -0.21370726    0.79697025    0.56494922   -0.59466039   -0.56494922    0.57202395
    0.91006345    0.39832967    0.11453381    0.39832967   -0.76420513   -0.50727112   -0.11453381    0.50727112   -0.85414168
   -0.70231493   -0.32570015    0.63298748   -0.32570015    0.93768451    0.12110810   -0.63298748   -0.12110810   -0.76463042
    0.52672366    0.26535188    0.80755840    0.26535188    0.85122515   -0.45277382   -0.80755840    0.45277382    0.37794880
    0.81854380   -0.56169329   -0.12036070   -0.56169329   -0.73870801   -0.37257365    0.12036070    0.37257365   -0.92016421
    0.98909750    0.05932809   -0.13478245    0.05932809    0.67715455    0.73344523    0.13478245   -0.73344523    0.66625205
    0.99959156    0.02410815    0.01534623    0.02410815   -0.42298835   -0.90581436   -0.01534623    0.90581436   -0.42339679
    0.32951699    0.67487741    0.66027194    0.67487741    0.32069938   -0.66459942   -0.66027194    0.66459942   -0.34978363
    0.56984153   -0.54404613    0.61586885   -0.54404613    0.31191360    0.77892471   -0.61586885   -0.77892471   -0.11824487
    0.71702641   -0.48460475   -0.50103031   -0.48460475    0.17009301   -0.85803648    0.50103031    0.85803648   -0.11288058
    0.49716557   -0.80381384   -0.32666453   -0.80381384   -0.28494916   -0.52219469    0.32666453    0.52219469   -0.78778359
    0.99474451   -0.03410222    0.09654217   -0.03410222    0.77871476    0.62645061   -0.09654217   -0.62645061    0.77345927
