# Rotation matrices: 59 entries, row-major flattening of 3x3 -> 1x9
# https://github.com/Neurophysics-CFIN/GFO
# Col:  1    2    3    4    5    6    7    8    9
#       R11  R12  R13  R21  R22  R23  R31  R32  R33
# where Rij = R(i,j), i = row index, j = column index

    0.79547224   -0.29278401    0.53056710   -0.29278401    0.58087610    0.75951332   -0.53056710   -0.75951332    0.37634833
    0.22195144   -0.08638588   -0.97122348   -0.08638588    0.99040867   -0.10783388    0.97122348    0.10783388    0.21236011
    0.95832981    0.22843469   -0.17152717    0.22843469   -0.25227184    0.94030661    0.17152717   -0.94030661   -0.29394203
    0.28214264   -0.38078908   -0.88056528   -0.38078908    0.79800956   -0.46709787    0.88056528    0.46709787    0.08015220
    0.48862532   -0.22463614   -0.84308001   -0.22463614    0.90132207   -0.37034731    0.84308001    0.37034731    0.38994739
   -0.21291672    0.86810193    0.44840328    0.86810193    0.37868697   -0.32092867   -0.44840328    0.32092867   -0.83422975
    0.89405299   -0.40226404    0.19711140   -0.40226404   -0.52733284    0.74840078   -0.19711140   -0.74840078   -0.63327985
    0.50529899   -0.12562454    0.85375137   -0.12562454    0.96809886    0.21680192   -0.85375137   -0.21680192    0.47339785
   -0.70569277   -0.09770141   -0.70174934   -0.09770141    0.99440370   -0.04019593    0.70174934    0.04019593   -0.71128907
    0.87526471    0.25380477   -0.41169750    0.25380477    0.48357149    0.83770028    0.41169750   -0.83770028    0.35883620
    0.48038394   -0.81707866    0.31876908   -0.81707866   -0.28482854    0.50125359   -0.31876908   -0.50125359   -0.80444460
   -0.05784825   -0.23780543   -0.96958865   -0.23780543    0.94654108   -0.21796458    0.96958865    0.21796458   -0.11130717
    0.80997279    0.34579503    0.47367698    0.34579503    0.37075222   -0.86195626   -0.47367698    0.86195626    0.18072501
    0.99769240    0.05472569    0.04018667    0.05472569   -0.29784400   -0.95304462   -0.04018667    0.95304462   -0.30015160
    0.74958227    0.62138958    0.22803820    0.62138958   -0.54192357   -0.56585673   -0.22803820    0.56585673   -0.79234131
    0.87695853    0.47341539    0.08259302    0.47341539   -0.82151700   -0.31778560   -0.08259302    0.31778560   -0.94455847
    0.10864986   -0.55594089   -0.82409037   -0.55594089    0.65325604   -0.51399053    0.82409037    0.51399053   -0.23809409
    0.82888134    0.08356873    0.55314736    0.08356873    0.95918778   -0.27013899   -0.55314736    0.27013899    0.78806911
    0.95300433   -0.28573426   -0.10069099   -0.28573426   -0.73726795   -0.61220250    0.10069099    0.61220250   -0.78426362
    0.65061052   -0.61253976    0.44888863   -0.61253976   -0.07388737    0.78697885   -0.44888863   -0.78697885   -0.42327686
    0.04779329    0.16107679   -0.98578399    0.16107679    0.97275200    0.16675678    0.98578399   -0.16675678    0.02054528
    0.69169942   -0.10646312   -0.71429512   -0.10646312    0.96323589   -0.24666217    0.71429512    0.24666217    0.65493531
    0.98509764    0.07824683   -0.15316679    0.07824683    0.58915445    0.80422289    0.15316679   -0.80422289    0.57425210
    0.92039911   -0.23873234    0.30963260   -0.23873234    0.28401389    0.92862424   -0.30963260   -0.92862424    0.20441300
   -0.78494451   -0.61479910   -0.07670840   -0.61479910    0.78824108   -0.02642113    0.07670840    0.02642113   -0.99670344
    0.36442216    0.26541304    0.89260988    0.26541304    0.88916529   -0.37274790   -0.89260988    0.37274790    0.25358745
    0.21324497    0.94837577   -0.23475516    0.94837577   -0.14319777    0.28298022    0.23475516   -0.28298022   -0.92995280
   -0.90783292   -0.07715222   -0.41217342   -0.07715222    0.99687999   -0.01666818    0.41217342    0.01666818   -0.91095293
    0.37623106    0.78254357    0.49606023    0.78254357    0.01826718   -0.62232778   -0.49606023    0.62232778   -0.60550176
   -0.50241650    0.03469610    0.86392930    0.03469610    0.99919874   -0.01995118   -0.86392930    0.01995118   -0.50321776
    0.61999201    0.31311727   -0.71942163    0.31311727    0.74199905    0.59278579    0.71942163   -0.59278579    0.36199105
    0.99716228   -0.05237158   -0.05407970   -0.05237158    0.03345709   -0.99806705    0.05407970    0.99806705    0.03061937
    0.29711014    0.03140394    0.95432665    0.03140394    0.99859692   -0.04263771   -0.95432665    0.04263771    0.29570706
    0.92439390    0.11587042    0.36341432    0.11587042    0.82242235   -0.55695199   -0.36341432    0.55695199    0.74681625
    0.30500390    0.41921383   -0.85512127    0.41921383    0.74713493    0.51579953    0.85512127   -0.51579953    0.05213883
    0.99491758    0.09645757   -0.02889538    0.09645757   -0.83063690    0.54839610    0.02889538   -0.54839610   -0.83571932
    0.96580208   -0.21199297    0.14928273   -0.21199297   -0.31414460    0.92540378   -0.14928273   -0.92540378   -0.34834253
    0.82841291   -0.10001808    0.55111562   -0.10001808    0.94169948    0.32124520   -0.55111562   -0.32124520    0.77011239
    0.92085420   -0.33816468   -0.19409325   -0.33816468   -0.44486950   -0.82929836    0.19409325    0.82929836   -0.52401530
    0.37645487    0.19566338   -0.90553718    0.19566338    0.93860243    0.28415018    0.90553718   -0.28415018    0.31505730
    0.81303669   -0.41460807    0.40874379   -0.41460807    0.08056906    0.90642638   -0.40874379   -0.90642638   -0.10639425
    0.95881331    0.00649357   -0.28396278    0.00649357    0.99897621    0.04477010    0.28396278   -0.04477010    0.95778953
    0.71499377    0.21601235    0.66492299    0.21601235    0.83627960   -0.50395942   -0.66492299    0.50395942    0.55127337
    0.68176410    0.15445484   -0.71508140    0.15445484    0.92503581    0.34706262    0.71508140   -0.34706262    0.60679991
    0.69582668   -0.70941428    0.11205630   -0.70941428   -0.65454556    0.26134552   -0.11205630   -0.26134552   -0.95871889
   -0.75467053    0.16865900    0.63405563    0.16865900    0.98378849   -0.06094545   -0.63405563    0.06094545   -0.77088204
    0.28859911   -0.92292483   -0.25479466   -0.92292483   -0.19734210   -0.33055387    0.25479466    0.33055387   -0.90874299
   -0.52804079   -0.71437977    0.45916714   -0.71437977    0.66601778    0.21466686   -0.45916714   -0.21466686   -0.86202301
    0.96021900    0.24915724   -0.12609577    0.24915724   -0.56052713    0.78976579    0.12609577   -0.78976579   -0.60030813
    0.91549443    0.28875072    0.28016597    0.28875072    0.01335523   -0.95731116   -0.28016597    0.95731116   -0.07115034
    0.64779084    0.43831957   -0.62309147    0.43831957    0.45451719    0.77542897    0.62309147   -0.77542897    0.10230803
    0.57067754    0.11207846    0.81348974    0.11207846    0.97074092   -0.21236876   -0.81348974    0.21236876    0.54141846
   -0.00379825   -0.72488275   -0.68886180   -0.72488275    0.47653326   -0.49745458    0.68886180    0.49745458   -0.52726499
    0.54325264   -0.52683398   -0.65369911   -0.52683398    0.39232480   -0.75400743    0.65369911    0.75400743   -0.06442257
    0.31327140    0.61860384   -0.72054863    0.61860384    0.44276282    0.64906885    0.72054863   -0.64906885   -0.24396578
    0.86752197    0.22484957    0.44367590    0.22484957    0.61837199   -0.75303304   -0.44367590    0.75303304    0.48589396
    0.90070781   -0.14936140    0.40794192   -0.14936140    0.77532144    0.61365124   -0.40794192   -0.61365124    0.67602925
    0.78929684   -0.19737646   -0.58142328   -0.19737646    0.81510735   -0.54464901    0.58142328    0.54464901    0.60440419
    0.61465272   -0.36792437   -0.69773468   -0.36792437    0.64871079   -0.66618764    0.69773468    0.66618764    0.26336351
