# Rotation matrices: 15 entries, row-major flattening of 3x3 -> 1x9
# https://github.com/Neurophysics-CFIN/GFO
# Col:  1    2    3    4    5    6    7    8    9
#       R11  R12  R13  R21  R22  R23  R31  R32  R33
# where Rij = R(i,j), i = row index, j = column index

    0.97657260    0.04397252   -0.21064750    0.04397252    0.91746491    0.39537901    0.21064750   -0.39537901    0.89403751
    0.96469799    0.04381864    0.25968772    0.04381864    0.94561008   -0.32233756   -0.25968772    0.32233756    0.91030807
    0.62750945   -0.44770958    0.63701494   -0.44770958    0.46188202    0.76565079   -0.63701494   -0.76565079    0.08939147
    0.96016758   -0.08391726   -0.26652600   -0.08391726    0.82320665   -0.56150574    0.26652600    0.56150574    0.78337424
    0.38898794   -0.23156284   -0.89166532   -0.23156284    0.91224175   -0.33792549    0.89166532    0.33792549    0.30122969
    0.95919190   -0.15812790   -0.23440662   -0.15812790    0.38726787   -0.90830565    0.23440662    0.90830565    0.34645977
    0.85150954    0.25607303   -0.45755668    0.25607303    0.55839995    0.78906027    0.45755668   -0.78906027    0.40990948
    0.92799689    0.23942440    0.28547808    0.23942440    0.20386715   -0.94927032   -0.28547808    0.94927032    0.13186404
    0.56407105   -0.16847658    0.80835604   -0.16847658    0.93488765    0.31241115   -0.80835604   -0.31241115    0.49895870
    0.22991443    0.13597284    0.96366526    0.13597284    0.97599148   -0.17015291   -0.96366526    0.17015291    0.20590591
    0.81033832   -0.02067608   -0.58559739   -0.02067608    0.99774598   -0.06383925    0.58559739    0.06383925    0.80808431
    0.45680736    0.22731410   -0.86003218    0.22731410    0.90487408    0.35990442    0.86003218   -0.35990442    0.36168144
    0.71043490    0.26516581    0.65189672    0.26516581    0.75717755   -0.59696671   -0.65189672    0.59696671    0.46761246
    0.92098244   -0.04905261    0.38650380   -0.04905261    0.96954907    0.23993426   -0.38650380   -0.23993426    0.89053151
    0.97763942   -0.10071052    0.18460378   -0.10071052    0.54640673    0.83144277   -0.18460378   -0.83144277    0.52404615
