# Rotation matrices: 13 entries, row-major flattening of 3x3 -> 1x9
# https://github.com/Neurophysics-CFIN/GFO
# Col:  1    2    3    4    5    6    7    8    9
#       R11  R12  R13  R21  R22  R23  R31  R32  R33
# where Rij = R(i,j), i = row index, j = column index

    0.75325588    0.53283446   -0.38560733    0.53283446   -0.15063558    0.83270424    0.38560733   -0.83270424   -0.39737971
    0.97038193    0.01401781   -0.24116886    0.01401781    0.99336557    0.11414177    0.24116886   -0.11414177    0.96374750
    0.96663265    0.15768527   -0.20188285    0.15768527    0.25482126    0.95404480    0.20188285   -0.95404480    0.22145391
    0.90310953    0.06579841    0.42433918    0.06579841    0.95531624   -0.28816914   -0.42433918    0.28816914    0.85842577
    0.08079119   -0.26028137   -0.96214676   -0.26028137    0.92629924   -0.27243960    0.96214676    0.27243960    0.00709043
    0.58004270   -0.61342092   -0.53597131   -0.61342092    0.10399170   -0.78287962    0.53597131    0.78287962   -0.31596560
   -0.52282618   -0.44274414   -0.72844383   -0.44274414    0.87127725   -0.21178664    0.72844383    0.21178664   -0.65154893
    0.32421055    0.30816534    0.89438339    0.30816534    0.85947416   -0.40784591   -0.89438339    0.40784591    0.18368472
    0.99675930   -0.02627681    0.07602906   -0.02627681    0.78693750    0.61647295   -0.07602906   -0.61647295    0.78369680
    0.75249506   -0.51020347    0.41646561   -0.51020347   -0.05172681    0.85849680   -0.41646561   -0.85849680   -0.29923175
    0.80511968   -0.56077718    0.19316123   -0.56077718   -0.61366238    0.55583041   -0.19316123   -0.55583041   -0.80854270
   -0.54091600   -0.31396156    0.78028073   -0.31396156    0.93603035    0.15898216   -0.78028073   -0.15898216   -0.60488565
    0.07163463    0.71308157    0.69741175    0.71308157    0.45227887   -0.53568507   -0.69741175    0.53568507   -0.47608650
