# Rotation matrices: 32 entries, row-major flattening of 3x3 -> 1x9
# https://github.com/Neurophysics-CFIN/GFO
# Col:  1    2    3    4    5    6    7    8    9
#       R11  R12  R13  R21  R22  R23  R31  R32  R33
# where Rij = R(i,j), i = row index, j = column index

    0.67981139    0.03403969    0.73259659    0.03403969    0.99638119   -0.07788335   -0.73259659    0.07788335    0.67619259
    0.20407511   -0.88268543   -0.42334357   -0.88268543    0.02109661   -0.46949054    0.42334357    0.46949054   -0.77482828
    0.99918364    0.02030745    0.03492369    0.02030745    0.49484082   -0.86874632   -0.03492369    0.86874632    0.49402446
    0.94135385    0.24397558   -0.23308550    0.24397558   -0.01496997    0.96966583    0.23308550   -0.96966583   -0.07361613
    0.99999624    0.00046599   -0.00270273    0.00046599    0.94226322    0.33487281    0.00270273   -0.33487281    0.94225946
    0.66527899    0.31779832   -0.67557982    0.31779832    0.69826880    0.64142413    0.67557982   -0.64142413    0.36354779
   -0.28758029   -0.56568953   -0.77284729   -0.56568953    0.75146821   -0.33954513    0.77284729    0.33954513   -0.53611209
    0.90257652    0.09610591    0.41966567    0.09610591    0.90519384   -0.41399006   -0.41966567    0.41399006    0.80777036
    0.98126190   -0.11566634    0.15409863   -0.11566634    0.28601619    0.95121819   -0.15409863   -0.95121819    0.26727809
    0.93505411    0.19280203   -0.29749149    0.19280203    0.42763702    0.88315002    0.29749149   -0.88315002    0.36269113
   -0.13869976   -0.17686416    0.97441338   -0.17686416    0.97252925    0.15134701   -0.97441338   -0.15134701   -0.16617051
   -0.36987923    0.67836530    0.63483059    0.67836530    0.66407295   -0.31436862   -0.63483059    0.31436862   -0.70580627
    0.26391766    0.00779842    0.96451369    0.00779842    0.99991738   -0.01021853   -0.96451369    0.01021853    0.26383504
    0.99414932   -0.04436583    0.09848251   -0.04436583    0.66357306    0.74679480   -0.09848251   -0.74679480    0.65772237
    0.60588197    0.65750758   -0.44787367    0.65750758   -0.09692067    0.74718817    0.44787367   -0.74718817   -0.49103870
    0.51298308   -0.66681234   -0.54056421   -0.66681234    0.08701593   -0.74012805    0.54056421    0.74012805   -0.40000099
    0.92215049   -0.01058294    0.38668653   -0.01058294    0.99856135    0.05256654   -0.38668653   -0.05256654    0.92071184
   -0.88055685    0.29795632    0.36856705    0.29795632    0.95279166   -0.05839594   -0.36856705    0.05839594   -0.92776519
    0.56834772   -0.28281139   -0.77265683   -0.28281139    0.81470668   -0.50623190    0.77265683    0.50623190    0.38305441
    0.40246881    0.14690483   -0.90356949    0.14690483    0.96388301    0.22214526    0.90356949   -0.22214526    0.36635182
    0.65146182   -0.06438133   -0.75594480   -0.06438133    0.98810760   -0.13963672    0.75594480    0.13963672    0.63956942
    0.62755050    0.71212863    0.31472716    0.71212863   -0.36159985   -0.60176271   -0.31472716    0.60176271   -0.73404936
    0.18165901    0.35788978    0.91592298    0.35788978    0.84348200   -0.40056587   -0.91592298    0.40056587    0.02514101
    0.56920276    0.52268139   -0.63467502    0.52268139    0.36583660    0.77004399    0.63467502   -0.77004399   -0.06496063
    0.89926834   -0.09125509   -0.42777210   -0.09125509    0.91732995   -0.38752841    0.42777210    0.38752841    0.81659829
    0.95169664   -0.19604550   -0.23630417   -0.19604550    0.20432368   -0.95907142    0.23630417    0.95907142    0.15602032
    0.60110647   -0.50991462    0.61535201   -0.50991462    0.34816461    0.78661839   -0.61535201   -0.78661839   -0.05072892
    0.99995790    0.00078982    0.00914155    0.00078982    0.98518143   -0.17151361   -0.00914155    0.17151361    0.98513934
    0.32245497   -0.36514816    0.87332103   -0.36514816    0.80321134    0.47065737   -0.87332103   -0.47065737    0.12566631
   -0.07771638    0.62713626   -0.77502276    0.62713626    0.63506179    0.45099516    0.77502276   -0.45099516   -0.44265460
    0.62342418   -0.66005302    0.41913279   -0.66005302   -0.15692503    0.73464586   -0.41913279   -0.73464586   -0.53350085
    0.99997264   -0.00226124   -0.00704263   -0.00226124    0.81308883   -0.58213524    0.00704263    0.58213524    0.81306148
