# Rotation matrices: 20 entries, row-major flattening of 3x3 -> 1x9
# https://github.com/Neurophysics-CFIN/GFO
# Col:  1    2    3    4    5    6    7    8    9
#       R11  R12  R13  R21  R22  R23  R31  R32  R33
# where Rij = R(i,j), i = row index, j = column index

    0.93830858   -0.00840571   -0.34569692   -0.00840571    0.99885469   -0.04710260    0.34569692    0.04710260    0.93716326
    0.47935487    0.40947081    0.77624260    0.40947081    0.67796426   -0.61049007   -0.77624260    0.61049007    0.15731913
    0.97725279   -0.13449907   -0.16397249   -0.13449907    0.20473753   -0.96953213    0.16397249    0.96953213    0.18199032
    0.98676350    0.03340033    0.15868903    0.03340033    0.91571923   -0.40042815   -0.15868903    0.40042815    0.90248273
    0.74211702    0.27088771   -0.61309231    0.27088771    0.71545175    0.64400981    0.61309231   -0.64400981    0.45756877
    0.29768933    0.07875428    0.95140886    0.07875428    0.99116881   -0.10668715   -0.95140886    0.10668715    0.28885814
    0.64464779   -0.09960861   -0.75796263   -0.09960861    0.97207876   -0.21246414    0.75796263    0.21246414    0.61672655
    0.35060617    0.15141820   -0.92420119    0.15141820    0.96469404    0.21549462    0.92420119   -0.21549462    0.31530021
    0.74241452   -0.35662650    0.56713157   -0.35662650    0.50625144    0.78519234   -0.56713157   -0.78519234    0.24866597
    0.93487060   -0.12116316    0.33367117   -0.12116316    0.77459470    0.62074354   -0.33367117   -0.62074354    0.70946530
    0.64224824   -0.14310880    0.75301864   -0.14310880    0.94275324    0.30122450   -0.75301864   -0.30122450    0.58500148
    0.68674838   -0.35434495   -0.63467813   -0.35434495    0.59917097   -0.71793719    0.63467813    0.71793719    0.28591935
    0.94114973    0.15295191    0.30140157    0.15295191    0.60247787   -0.78334292   -0.30140157    0.78334292    0.54362759
    0.94882295   -0.11057827   -0.29581658   -0.11057827    0.76107347   -0.63917104    0.29581658    0.63917104    0.70989642
    0.99918013    0.02180820   -0.03410955    0.02180820    0.41990787    0.90730468    0.03410955   -0.90730468    0.41908800
    0.75013650    0.11426651    0.65133585    0.11426651    0.94774412   -0.29786614   -0.65133585    0.29786614    0.69788063
    0.96463703   -0.01813528    0.26295725   -0.01813528    0.99069964    0.13485301   -0.26295725   -0.13485301    0.95533667
    0.13901935   -0.31713369   -0.93813637   -0.31713369    0.88318695   -0.34555323    0.93813637    0.34555323    0.02220629
    0.87650222    0.32456958    0.35552558    0.32456958    0.14698535   -0.93437139   -0.35552558    0.93437139    0.02348757
    0.96557001    0.06633175   -0.25154454    0.06633175    0.87220730    0.48461791    0.25154454   -0.48461791    0.83777731
