# Rotation matrices: 82 entries, row-major flattening of 3x3 -> 1x9
# https://github.com/Neurophysics-CFIN/GFO
# Col:  1    2    3    4    5    6    7    8    9
#       R11  R12  R13  R21  R22  R23  R31  R32  R33
# where Rij = R(i,j), i = row index, j = column index

    0.97772830    0.11621298    0.17476246    0.11621298    0.39360463   -0.91190457   -0.17476246    0.91190457    0.37133293
    0.78525086   -0.27181030   -0.55632746   -0.27181030    0.65596676   -0.70414967    0.55632746    0.70414967    0.44121763
    0.81969126    0.11414334    0.56131768    0.11414334    0.92774226   -0.35533870   -0.56131768    0.35533870    0.74743352
    0.98898679   -0.14483279    0.03047269   -0.14483279   -0.90467120    0.40074116   -0.03047269   -0.40074116   -0.91568441
    0.95054115    0.29346510   -0.10173372    0.29346510   -0.74128134    0.60363914    0.10173372   -0.60363914   -0.79074018
    0.16269972    0.28859902    0.94352499    0.28859902    0.90052626   -0.32521234   -0.94352499    0.32521234    0.06322598
    0.76993101   -0.48634505    0.41312798   -0.48634505   -0.02808948    0.87331522   -0.41312798   -0.87331522   -0.25815847
    0.27662770   -0.05539936   -0.95937898   -0.05539936    0.99575725   -0.07347390    0.95937898    0.07347390    0.27238495
    0.78404813   -0.10344521   -0.61201929   -0.10344521    0.95044770   -0.29316934    0.61201929    0.29316934    0.73449583
   -0.36667735    0.63267676    0.68210545    0.63267676    0.70711457   -0.31576748   -0.68210545    0.31576748   -0.65956278
    0.26414343   -0.10308329    0.95895885   -0.10308329    0.98555946    0.13433682   -0.95895885   -0.13433682    0.24970290
   -0.08789745   -0.69615851    0.71248675   -0.69615851    0.55451990    0.45592874   -0.71248675   -0.45592874   -0.53337755
    0.85123610    0.36765002    0.37447372    0.36765002    0.09140231   -0.92546155   -0.37447372    0.92546155   -0.05736159
    0.01710459    0.03993771    0.99905576    0.03993771    0.99837722   -0.04059435   -0.99905576    0.04059435    0.01548181
    0.99986212    0.00706068   -0.01502985    0.00706068    0.63844155    0.76963793    0.01502985   -0.76963793    0.63830366
    0.99047065    0.01018052    0.13734715    0.01018052    0.98912382   -0.14673251   -0.13734715    0.14673251    0.97959447
   -0.51813682   -0.81465739   -0.26051405   -0.81465739    0.56284134   -0.13979616    0.26051405    0.13979616   -0.95529548
    0.09969772    0.74924840   -0.65474208    0.74924840    0.37646146    0.54488861    0.65474208   -0.54488861   -0.52384082
    0.91898708    0.15230902   -0.36368215    0.15230902    0.71365013    0.68374371    0.36368215   -0.68374371    0.63263721
    0.85137991    0.24188253    0.46545149    0.24188253    0.60633076   -0.75753274   -0.46545149    0.75753274    0.45771067
    0.95851884    0.05725463    0.27921951    0.05725463    0.92097392   -0.38539452   -0.27921951    0.38539452    0.87949277
    0.99737014   -0.01425027    0.07106148   -0.01425027    0.92278285    0.38505680   -0.07106148   -0.38505680    0.92015299
    0.97509523    0.04002665   -0.21814480    0.04002665    0.93566963    0.35059979    0.21814480   -0.35059979    0.91076486
    0.43366965    0.62462279   -0.64944361    0.62462279    0.31108473    0.71629091    0.64944361   -0.71629091   -0.25524562
    0.79245094    0.45551672   -0.40561807    0.45551672    0.00025814    0.89022719    0.40561807   -0.89022719   -0.20729091
    0.66071321   -0.27455288    0.69862635   -0.27455288    0.77783018    0.56533258   -0.69862635   -0.56533258    0.43854339
    0.54081793    0.22451893   -0.81062150    0.22451893    0.89022057    0.39635665    0.81062150   -0.39635665    0.43103849
   -0.46036520   -0.32689377    0.82535104   -0.32689377    0.92682684    0.18474976   -0.82535104   -0.18474976   -0.53353836
    0.98681382   -0.01360210   -0.16128692   -0.01360210    0.98596886   -0.16637426    0.16128692    0.16637426    0.97278268
    0.24451837   -0.46440111    0.85120055   -0.46440111    0.71452860    0.52324036   -0.85120055   -0.52324036   -0.04095302
    0.95065879   -0.20693103   -0.23114372   -0.20693103    0.13215652   -0.96938857    0.23114372    0.96938857    0.08281531
   -0.60749197    0.60906716    0.50989283    0.60906716    0.76922883   -0.19319473   -0.50989283    0.19319473   -0.83826314
   -0.18094918    0.24340684    0.95289585    0.24340684    0.94983113   -0.19640250   -0.95289585    0.19640250   -0.23111805
    0.99676115   -0.06730244   -0.04401797   -0.06730244   -0.39852889   -0.91468306    0.04401797    0.91468306   -0.40176774
    0.31539576    0.12633519    0.94051312    0.12633519    0.97668642   -0.17355998   -0.94051312    0.17355998    0.29208218
    0.82494680    0.29263973   -0.48355431    0.29263973    0.51078868    0.80836682    0.48355431   -0.80836682    0.33573547
    0.77658374   -0.15093773    0.61166616   -0.15093773    0.89802802    0.41323538   -0.61166616   -0.41323538    0.67461176
    0.84679917   -0.46093224   -0.26546682   -0.46093224   -0.38679754   -0.79870466    0.26546682    0.79870466   -0.53999837
   -0.69149515   -0.50979580   -0.51180339   -0.50979580    0.84635383   -0.15425123    0.51180339    0.15425123   -0.84514132
    0.32534145    0.63131612    0.70398359    0.63131612    0.40924184   -0.65875722   -0.70398359    0.65875722   -0.26541671
    0.99075392   -0.07778469   -0.11115854   -0.07778469    0.34561948   -0.93514529    0.11115854    0.93514529    0.33637340
    0.31264554   -0.82669174    0.46779647   -0.82669174    0.00572519    0.56262598   -0.46779647   -0.56262598   -0.68162927
    0.50863797    0.06332486   -0.85864858    0.06332486    0.99183893    0.11065934    0.85864858   -0.11065934    0.50047690
    0.08117429    0.48143126    0.87271684    0.48143126    0.74774752   -0.45727189   -0.87271684    0.45727189   -0.17107818
    0.90094510    0.13994373    0.41074770    0.13994373    0.80228894   -0.58030011   -0.41074770    0.58030011    0.70323404
    0.99648000   -0.06246647   -0.05590657   -0.06246647   -0.10854058   -0.99212745    0.05590657    0.99212745   -0.11206058
    0.88250619   -0.36759764   -0.29335099   -0.36759764   -0.15008632   -0.91779414    0.29335099    0.91779414   -0.26758013
    0.95935979    0.01224411   -0.28191999    0.01224411    0.99631108    0.08493707    0.28191999   -0.08493707    0.95567087
    0.68371651   -0.06905186    0.72647338   -0.06905186    0.98492441    0.15860563   -0.72647338   -0.15860563    0.66864092
    0.97830789   -0.06820420   -0.19560640   -0.06820420    0.78555281   -0.61502436    0.19560640    0.61502436    0.76386070
   -0.37024184    0.48962315   -0.78942393    0.48962315    0.82504488    0.28208176    0.78942393   -0.28208176   -0.54519696
   -0.00460410    0.55657704   -0.83078324    0.55657704    0.69164171    0.46027572    0.83078324   -0.46027572   -0.31296239
    0.75745414    0.23524531   -0.60903437    0.23524531    0.77183550    0.59070264    0.60903437   -0.59070264    0.52928965
    0.04721781   -0.24747427    0.96774323   -0.24747427    0.93572139    0.25136023   -0.96774323   -0.25136023   -0.01706080
    0.63575836   -0.43459968   -0.63791412   -0.43459968    0.48145170   -0.76113558    0.63791412    0.76113558    0.11721007
    0.39376602    0.45209128    0.80035104    0.45209128    0.66285867   -0.59685162   -0.80035104    0.59685162    0.05662469
    0.88937485    0.11584835   -0.44225731    0.11584835    0.87868184    0.46313862    0.44225731   -0.46313862    0.76805669
    0.79794137   -0.51778610    0.30852410   -0.51778610   -0.32685474    0.79060960   -0.30852410   -0.79060960   -0.52891336
    0.61685941    0.49968335    0.60811268    0.49968335    0.34832421   -0.79308688   -0.60811268    0.79308688   -0.03481638
    0.55529599   -0.34214458   -0.75801283   -0.34214458    0.73676218   -0.58319686    0.75801283    0.58319686    0.29205817
    0.98939582    0.09632569    0.10870723    0.09632569    0.12500133   -0.98746951   -0.10870723    0.98746951    0.11439715
    0.79197698   -0.38867701    0.47085310   -0.38867701    0.27378317    0.87975733   -0.47085310   -0.87975733    0.06576015
    0.92682287   -0.08107631    0.36664151   -0.08107631    0.91017183    0.40621900   -0.36664151   -0.40621900    0.83699470
    0.90831178    0.02749888    0.41738894    0.02749888    0.99175261   -0.12518216   -0.41738894    0.12518216    0.90006439
   -0.69959272    0.25574618   -0.66720605    0.25574618    0.96151660    0.10039781    0.66720605   -0.10039781   -0.73807612
    0.95277302    0.23553057    0.19170011    0.23553057   -0.17463881   -0.95604740   -0.19170011    0.95604740   -0.22186580
    0.90532171    0.40150021    0.13852863    0.40150021   -0.70263342   -0.58745541   -0.13852863    0.58745541   -0.79731170
    0.96040901    0.13945742   -0.24117662    0.13945742    0.50876774    0.84953341    0.24117662   -0.84953341    0.46917675
   -0.49821843    0.00863630   -0.86700854    0.00863630    0.99995022    0.00499776    0.86700854   -0.00499776   -0.49826822
    0.79934200   -0.29645958    0.52265102   -0.29645958    0.56199960    0.77218402   -0.52265102   -0.77218402    0.36134160
    0.93832378   -0.06779729   -0.33904572   -0.06779729    0.92547415   -0.37269442    0.33904572    0.37269442    0.86379793
   -0.78280093   -0.41412315    0.46446175   -0.41412315    0.90380419    0.10788886   -0.46446175   -0.10788886   -0.87899674
   -0.28471671   -0.47410857   -0.83316113   -0.47410857    0.82503619   -0.30746765    0.83316113    0.30746765   -0.45968052
    0.85843740   -0.48072740   -0.17884742   -0.48072740   -0.63248507   -0.60734158    0.17884742    0.60734158   -0.77404767
    0.56857995   -0.42145243    0.70646634   -0.42145243    0.58828490    0.69014399   -0.70646634   -0.69014399    0.15686485
    0.99890025   -0.02112133   -0.04185909   -0.02112133    0.59435327   -0.80392667    0.04185909    0.80392667    0.59325351
   -0.13076490   -0.42880056    0.89388513   -0.42880056    0.83739332    0.33897271   -0.89388513   -0.33897271   -0.29337158
    0.98045918    0.19641849    0.01093493    0.19641849   -0.97434006   -0.10991460   -0.01093493    0.10991460   -0.99388088
    0.96712195    0.10955485    0.22950571    0.10955485    0.63494595   -0.76474923   -0.22950571    0.76474923    0.60206790
    0.37385958   -0.31125023    0.87370035   -0.31125023    0.84527958    0.43431063   -0.87370035   -0.43431063    0.21913917
    0.44650320   -0.77169760   -0.45289923   -0.77169760   -0.07591802   -0.63144222    0.45289923    0.63144222   -0.62941482
   -0.71648846    0.01077228    0.69751577    0.01077228    0.99993240   -0.00437745   -0.69751577    0.00437745   -0.71655606
