# Rotation matrices: 39 entries, row-major flattening of 3x3 -> 1x9
# https://github.com/Neurophysics-CFIN/GFO
# Col:  1    2    3    4    5    6    7    8    9
#       R11  R12  R13  R21  R22  R23  R31  R32  R33
# where Rij = R(i,j), i = row index, j = column index

    0.63224155   -0.29281860    0.71730599   -0.29281860    0.76685040    0.57113722   -0.71730599   -0.57113722    0.39909195
    0.18555621    0.08885218    0.97860829    0.08885218    0.99030662   -0.10676180   -0.97860829    0.10676180    0.17586284
   -0.17378894    0.85874968   -0.48202323    0.85874968    0.37173457    0.35265053    0.48202323   -0.35265053   -0.80205437
    0.95219851    0.06990863   -0.29737315    0.06990863    0.89776016    0.43490168    0.29737315   -0.43490168    0.84995867
    0.97925799    0.07037219    0.19000408    0.07037219    0.76124567   -0.64463383   -0.19000408    0.64463383    0.74050366
    0.71422870    0.42133227    0.55888861    0.42133227    0.37880087   -0.82400790   -0.55888861    0.82400790    0.09302957
    0.78093462   -0.58033055    0.23099258   -0.58033055   -0.53736545    0.61192713   -0.23099258   -0.61192713   -0.75643084
    0.71683624   -0.60688581   -0.34327164   -0.60688581   -0.30069748   -0.73571097    0.34327164    0.73571097   -0.58386124
   -0.12812376    0.98528772    0.11310355    0.98528772    0.13946331   -0.09878308   -0.11310355    0.09878308   -0.98866045
    0.37647250    0.37746854    0.84604134    0.37746854    0.77148963   -0.51217307   -0.84604134    0.51217307    0.14796213
    0.91391625    0.23905507   -0.32803928    0.23905507    0.33614273    0.91096693    0.32803928   -0.91096693    0.25005897
    0.99022351    0.12620341    0.05941459    0.12620341   -0.62914355   -0.76697529   -0.05941459    0.76697529   -0.63892004
    0.22141880   -0.31816505    0.92181599   -0.31816505    0.86998274    0.37669754   -0.92181599   -0.37669754    0.09140154
    0.74481499    0.25204371    0.61783865    0.25204371    0.75105892   -0.61023313   -0.61783865    0.61023313    0.49587391
    0.67953145    0.16671885   -0.71445213    0.16671885    0.91326707    0.37168276    0.71445213   -0.37168276    0.59279852
   -0.17703353   -0.09258853    0.97984003   -0.09258853    0.99271674    0.07707678   -0.97984003   -0.07707678   -0.18431679
    0.86737280   -0.48085720   -0.12822162   -0.48085720   -0.74341042   -0.46488418    0.12822162    0.46488418   -0.87603762
    0.76381495   -0.00835014    0.64538128   -0.00835014    0.99970479    0.02281694   -0.64538128   -0.02281694    0.76351974
    0.99529085    0.01455375    0.09583484    0.01455375    0.95502130   -0.29617984   -0.09583484    0.29617984    0.95031215
    0.99027742    0.10230910   -0.09425222    0.10230910   -0.07658165    0.99180043    0.09425222   -0.99180043   -0.08630423
   -0.39487874   -0.29978919   -0.86844529   -0.29978919    0.93556891   -0.18664741    0.86844529    0.18664741   -0.45930983
   -0.16732663   -0.93541907    0.31143692   -0.93541907    0.25041645    0.24956514   -0.31143692   -0.24956514   -0.91691019
   -0.09057190   -0.84290699   -0.53038150   -0.84290699    0.34851413   -0.40993379    0.53038150    0.40993379   -0.74205778
    0.98972904   -0.11458442   -0.08547999   -0.11458442   -0.27832219   -0.95362842    0.08547999    0.95362842   -0.28859314
    0.99434740   -0.05406710   -0.09137826   -0.05406710    0.48284792   -0.87403354    0.09137826    0.87403354    0.47719533
    0.83722965    0.45054714   -0.30992545    0.45054714   -0.24711121    0.85787139    0.30992545   -0.85787139   -0.40988156
    0.95621218   -0.01165717    0.29244209   -0.01165717    0.99689663    0.07785379   -0.29244209   -0.07785379    0.95310882
   -0.38417501    0.43212178   -0.81589235    0.43212178    0.86509709    0.25471119    0.81589235   -0.25471119   -0.51907792
    0.47915360   -0.26265155   -0.83751178   -0.26265155    0.86755051   -0.42233905    0.83751178    0.42233905    0.34670411
    0.91041486   -0.26173938   -0.32037052   -0.26173938    0.23528044   -0.93602116    0.32037052    0.93602116    0.14569531
    0.45436275   -0.53879324    0.70940562   -0.53879324    0.46796492    0.70050744   -0.70940562   -0.70050744   -0.07767232
    0.81273509   -0.33394879    0.47743049   -0.33394879    0.40447040    0.85139997   -0.47743049   -0.85139997    0.21720550
   -0.23369552   -0.74896908    0.62002558   -0.74896908    0.54530541    0.37641377   -0.62002558   -0.37641377   -0.68839011
   -0.79332454    0.28874903    0.53596657    0.28874903    0.95350758   -0.08629772   -0.53596657    0.08629772   -0.83981697
    0.33832740    0.62575111    0.70283008    0.62575111    0.40822025   -0.66467419   -0.70283008    0.66467419   -0.25345235
    0.50505582   -0.69075708    0.51746813   -0.69075708    0.03596129    0.72219210   -0.51746813   -0.72219210   -0.45898289
   -0.09410830    0.38130488    0.91964679    0.38130488    0.86711242   -0.32050374   -0.91964679    0.32050374   -0.22699588
    0.52708757    0.72094041    0.44991512    0.72094041   -0.09905141   -0.68588172   -0.44991512    0.68588172   -0.57196385
   -0.56081730   -0.05579034    0.82605775   -0.05579034    0.99800581    0.02952686   -0.82605775   -0.02952686   -0.56281148
