# Rotation matrices: 18 entries, row-major flattening of 3x3 -> 1x9
# https://github.com/Neurophysics-CFIN/GFO
# Col:  1    2    3    4    5    6    7    8    9
#       R11  R12  R13  R21  R22  R23  R31  R32  R33
# where Rij = R(i,j), i = row index, j = column index

    0.17009475   -0.95538067    0.24148611   -0.95538067   -0.09982704    0.27799700   -0.24148611   -0.27799700   -0.92973229
    0.36908814    0.11839575   -0.92182232    0.11839575    0.97778207    0.17298747    0.92182232   -0.17298747    0.34687021
    0.68906423   -0.65441960   -0.31132856   -0.65441960   -0.37734237   -0.65524630    0.31132856    0.65524630   -0.68827815
    0.15207801   -0.31681987   -0.93621442   -0.31681987    0.88162256   -0.34980970    0.93621442    0.34980970    0.03370057
    0.68907911   -0.18711379   -0.70011314   -0.18711379    0.88739396   -0.42133169    0.70011314    0.42133169    0.57647307
    0.89636558    0.33796288   -0.28689691    0.33796288   -0.10213297    0.93560138    0.28689691   -0.93560138   -0.20576739
    0.28898551    0.13781773    0.94736141    0.13781773    0.97328644   -0.18362946   -0.94736141    0.18362946    0.26227195
   -0.43534481   -0.49760663   -0.75024165   -0.49760663    0.82748928   -0.26009445    0.75024165    0.26009445   -0.60785553
    0.79269139   -0.48725622    0.36636284   -0.48725622   -0.14524248    0.86109581   -0.36636284   -0.86109581   -0.35255108
    0.52799716   -0.57627752   -0.62379741   -0.57627752    0.29641147   -0.76160650    0.62379741    0.76160650   -0.17559137
    0.81091666    0.06753616   -0.58125126    0.06753616    0.97587766    0.20760939    0.58125126   -0.20760939    0.78679432
    0.99999932    0.00016542   -0.00115076    0.00016542    0.95950849    0.28167966    0.00115076   -0.28167966    0.95950781
   -0.70773077    0.57036222   -0.41689819    0.57036222    0.80950565    0.13923915    0.41689819   -0.13923915   -0.89822512
    0.13326141    0.76052315   -0.63548874    0.76052315    0.33267600    0.55761207    0.63548874   -0.55761207   -0.53406259
    0.92164055    0.16046062   -0.35331442    0.16046062    0.67141664    0.72349989    0.35331442   -0.72349989    0.59305719
    0.99766427   -0.04221703    0.05370031   -0.04221703    0.23694998    0.97060416   -0.05370031   -0.97060416    0.23461425
    0.54207650    0.43819807   -0.71703244    0.43819807    0.58067767    0.68614568    0.71703244   -0.68614568    0.12275416
    0.98228549    0.17367102   -0.07038171    0.17367102   -0.70265111    0.69001435    0.07038171   -0.69001435   -0.72036561
