# Rotation matrices: 67 entries, row-major flattening of 3x3 -> 1x9
# https://github.com/Neurophysics-CFIN/GFO
# Col:  1    2    3    4    5    6    7    8    9
#       R11  R12  R13  R21  R22  R23  R31  R32  R33
# where Rij = R(i,j), i = row index, j = column index

    0.99628829   -0.01259160   -0.08515336   -0.01259160    0.95728424   -0.28887426    0.08515336    0.28887426    0.95357253
    0.98035399    0.03384692   -0.19432046    0.03384692    0.94168720    0.33478291    0.19432046   -0.33478291    0.92204119
    0.98772602   -0.01792947    0.15516393   -0.01792947    0.97380917    0.22665885   -0.15516393   -0.22665885    0.96153519
    0.83182903    0.08192036    0.54895311    0.08192036    0.96009451   -0.26740904   -0.54895311    0.26740904    0.79192353
    0.93078894   -0.02803443   -0.36448049   -0.02803443    0.98864445   -0.14763541    0.36448049    0.14763541    0.91943339
    0.90219606   -0.07319152    0.42507090   -0.07319152    0.94522716    0.31810157   -0.42507090   -0.31810157    0.84742322
    0.92407711   -0.08833210   -0.37185875   -0.08833210    0.89723047   -0.43263717    0.37185875    0.43263717    0.82130758
    0.99767879   -0.01789279    0.06570293   -0.01789279    0.86207523    0.50646436   -0.06570293   -0.50646436    0.85975402
    0.53057870    0.39659042    0.74913436    0.39659042    0.66494073   -0.63290589   -0.74913436    0.63290589    0.19551942
    0.67520868    0.05201662   -0.73579040    0.05201662    0.99166933    0.11783975    0.73579040   -0.11783975    0.66687801
    0.96720463   -0.12185870    0.22285793   -0.12185870    0.54720609    0.82807968   -0.22285793   -0.82807968    0.51441072
    0.80469286    0.18720660    0.56340313    0.18720660    0.82055795   -0.54003549   -0.56340313    0.54003549    0.62525082
    0.87598738    0.03052979   -0.48136685    0.03052979    0.99248409    0.11850431    0.48136685   -0.11850431    0.86847146
    0.74046543   -0.15092108    0.65493036   -0.15092108    0.91223839    0.38084637   -0.65493036   -0.38084637    0.65270382
    0.77085782   -0.18756140   -0.60876839   -0.18756140    0.84647402   -0.49829957    0.60876839    0.49829957    0.61733183
    0.97800575    0.11050079   -0.17690201    0.11050079    0.44483552    0.88876934    0.17690201   -0.88876934    0.42284127
    0.78988684    0.29149475    0.53954572    0.29149475    0.59560271   -0.74852403   -0.53954572    0.74852403    0.38548955
    0.48600054   -0.26668983   -0.83227400   -0.26668983    0.86162735   -0.43182733    0.83227400    0.43182733    0.34762790
    0.58829101   -0.37148085    0.71827269   -0.37148085    0.66481658    0.64809018   -0.71827269   -0.64809018    0.25310760
    0.87697039   -0.28224686   -0.38892114   -0.28224686    0.35248687   -0.89223860    0.38892114    0.89223860    0.22945726
    0.87787528    0.20268287   -0.43388321    0.20268287    0.66361973    0.72008924    0.43388321   -0.72008924    0.54149501
    0.73583338   -0.03155758    0.67642691   -0.03155758    0.99623010    0.08080655   -0.67642691   -0.08080655    0.73206348
    0.66007860   -0.34274096   -0.66844961   -0.34274096    0.65441610   -0.67399422    0.66844961    0.67399422    0.31449470
    0.99450768   -0.06323571    0.08340094   -0.06323571    0.27193685    0.96023518   -0.08340094   -0.96023518    0.26644454
    0.96402595    0.17698636   -0.19831742    0.17698636    0.12925651    0.97568877    0.19831742   -0.97568877    0.09328246
    0.25906057    0.29239424    0.92053964    0.29239424    0.88461352   -0.36326922   -0.92053964    0.36326922    0.14367409
    0.10844501   -0.02700214    0.99373566   -0.02700214    0.99918220    0.03009684   -0.99373566   -0.03009684    0.10762720
    0.87167000   -0.22214482   -0.43685592   -0.22214482    0.61545763   -0.75621662    0.43685592    0.75621662    0.48712763
    0.83650245    0.31048851   -0.45150918    0.31048851    0.41036967    0.85743432    0.45150918   -0.85743432    0.24687212
    0.14348120    0.14544024   -0.97890770    0.14544024    0.97530368    0.16622235    0.97890770   -0.16622235    0.11878488
    0.32046570   -0.43494690   -0.84150040   -0.43494690    0.72160521   -0.53861592    0.84150040    0.53861592    0.04207091
    0.88251102   -0.30912134    0.35442671   -0.30912134    0.18668112    0.93252032   -0.35442671   -0.93252032    0.06919214
    0.97582781    0.13460703    0.17216570    0.13460703    0.25041737   -0.95873463   -0.17216570    0.95873463    0.22624518
    0.81307080    0.36387224    0.45443686    0.36387224    0.29169433   -0.88459675   -0.45443686    0.88459675    0.10476514
    0.21089616   -0.17389351   -0.96191676   -0.17389351    0.96167937   -0.21197601    0.96191676    0.21197601    0.17257554
    0.52179666   -0.24569667    0.81692190   -0.24569667    0.87376321    0.41972729   -0.81692190   -0.41972729    0.39555987
    0.99042733   -0.07523174   -0.11573197   -0.07523174    0.40875278   -0.90953909    0.11573197    0.90953909    0.39918011
    0.64844715    0.32012212   -0.69067946    0.32012212    0.70849853    0.62892898    0.69067946   -0.62892898    0.35694568
    0.47147826    0.18685349   -0.86185499    0.18685349    0.93393985    0.30470007    0.86185499   -0.30470007    0.40541811
    0.61188860   -0.48044938   -0.62829987   -0.48044938    0.40524393   -0.77778258    0.62829987    0.77778258    0.01713253
    0.99185765   -0.08653915   -0.09343115   -0.08653915    0.08023813   -0.99301199    0.09343115    0.99301199    0.07209577
    0.56936641    0.46517323   -0.67781690    0.46517323    0.49751682    0.73218227    0.67781690   -0.73218227    0.06688323
    0.39159961    0.00504396   -0.92012190    0.00504396    0.99995818    0.00762830    0.92012190   -0.00762830    0.39155779
    0.47858439   -0.07977784    0.87440979   -0.07977784    0.98779380    0.13378679   -0.87440979   -0.13378679    0.46637819
    0.99972849    0.01003484    0.02102980    0.01003484    0.62912163   -0.77724210   -0.02102980    0.77724210    0.62885012
    0.96299504    0.08809950   -0.25471362    0.08809950    0.79025723    0.60640909    0.25471362   -0.60640909    0.75325227
    0.62740459    0.08725317    0.77378961    0.08725317    0.97956734   -0.18120350   -0.77378961    0.18120350    0.60697193
    0.22891092   -0.25937287    0.93825663   -0.25937287    0.91275419    0.31560338   -0.93825663   -0.31560338    0.14166511
    0.84201200   -0.28872672    0.45568923   -0.28872672    0.47234525    0.83278259   -0.45568923   -0.83278259    0.31435725
    0.94964511    0.15494723    0.27233349    0.15494723    0.52321133   -0.83799837   -0.27233349    0.83799837    0.47285643
    0.33506606    0.36413415   -0.86898622    0.36413415    0.80059120    0.47587819    0.86898622   -0.47587819    0.13565727
    0.36000913    0.09844674    0.92774008    0.09844674    0.98485641   -0.14270983   -0.92774008    0.14270983    0.34486554
    0.95912838   -0.10517279   -0.26270027   -0.10517279    0.72936437   -0.67599282    0.26270027    0.67599282    0.68849275
    0.99976022    0.00903483   -0.01994669    0.00903483    0.65956758    0.75159096    0.01994669   -0.75159096    0.65932780
    0.57897294    0.24103809    0.77890370    0.24103809    0.86200564   -0.44592254   -0.77890370    0.44592254    0.44097858
    0.57393246   -0.11390019   -0.81094284   -0.11390019    0.96955118   -0.21678849    0.81094284    0.21678849    0.54348364
    0.80908675   -0.22619889    0.54241376   -0.22619889    0.73199379    0.64266566   -0.54241376   -0.64266566    0.54108054
    0.94716807    0.10938452    0.30150900    0.10938452    0.77352763   -0.62425158   -0.30150900    0.62425158    0.72069570
    0.71542313    0.18831132   -0.67283623    0.18831132    0.87538989    0.44523183    0.67283623   -0.44523183    0.59081302
    0.90485840   -0.00000795    0.42571266   -0.00000795    1.00000000    0.00003558   -0.42571266   -0.00003558    0.90485840
    0.77979713   -0.06701985   -0.62243455   -0.06701985    0.97960217   -0.18944109    0.62243455    0.18944109    0.75939930
    0.94202321   -0.11005065    0.31698759   -0.11005065    0.79110355    0.60170095   -0.31698759   -0.60170095    0.73312676
    0.99999982    0.00016733    0.00056756    0.00016733    0.84006498   -0.54248577   -0.00056756    0.54248577    0.84006480
    0.87170575    0.10825868   -0.47792170    0.10825868    0.90864796    0.40328518    0.47792170   -0.40328518    0.78035371
    0.98901539    0.00713180    0.14764044    0.00713180    0.99536965   -0.09585609   -0.14764044    0.09585609    0.98438504
    0.95900071    0.05382713    0.27824500    0.05382713    0.92933146   -0.36530217   -0.27824500    0.36530217    0.88833217
    0.99121583    0.00374756   -0.13220110    0.00374756    0.99840119    0.05640051    0.13220110   -0.05640051    0.98961702
