# Rotation matrices: 11 entries, row-major flattening of 3x3 -> 1x9
# https://github.com/Neurophysics-CFIN/GFO
# Col:  1    2    3    4    5    6    7    8    9
#       R11  R12  R13  R21  R22  R23  R31  R32  R33
# where Rij = R(i,j), i = row index, j = column index

    0.59290762   -0.72415152    0.35222880   -0.72415152   -0.28814846    0.62655809   -0.35222880   -0.62655809   -0.69524085
   -0.29188868   -0.21392627   -0.93222130   -0.21392627    0.96457555   -0.15436827    0.93222130    0.15436827   -0.32731313
    0.71441691    0.22695388    0.66189154    0.22695388    0.81963895   -0.52600753   -0.66189154    0.52600753    0.53405587
    0.89071947    0.15274943   -0.42811966    0.15274943    0.78649090    0.59841430    0.42811966   -0.59841430    0.67721037
   -0.84516601   -0.09395621    0.52618119   -0.09395621    0.99521573    0.02679325   -0.52618119   -0.02679325   -0.84995028
    0.99922345   -0.02363551    0.03152546   -0.02363551    0.28061376    0.95952972   -0.03152546   -0.95952972    0.27983721
    0.44268530   -0.79762283   -0.40966761   -0.79762283   -0.14154925   -0.58631189    0.40966761    0.58631189   -0.69886395
    0.33937165    0.31896544   -0.88492256    0.31896544    0.84599669    0.42725946    0.88492256   -0.42725946    0.18536835
    0.33911188   -0.55529393    0.75937592   -0.55529393    0.53342883    0.63804572   -0.75937592   -0.63804572   -0.12745929
    0.94072839    0.01355389    0.33888994    0.01355389    0.99690057   -0.07749540   -0.33888994    0.07749540    0.93762896
    0.95714076    0.23727746   -0.16607520    0.23727746   -0.31361626    0.91942604    0.16607520   -0.91942604   -0.35647550
