# Rotation matrices: 19 entries, row-major flattening of 3x3 -> 1x9
# https://github.com/Neurophysics-CFIN/GFO
# Col:  1    2    3    4    5    6    7    8    9
#       R11  R12  R13  R21  R22  R23  R31  R32  R33
# where Rij = R(i,j), i = row index, j = column index

    0.99607483   -0.01056823    0.08788204   -0.01056823    0.97154584    0.23661571   -0.08788204   -0.23661571    0.96762067
    0.81911659   -0.22267488   -0.52864346   -0.22267488    0.72587811   -0.65078174    0.52864346    0.65078174    0.54499470
    0.91618375   -0.14824902    0.37232991   -0.14824902    0.73778627    0.65855421   -0.37232991   -0.65855421    0.65397002
    0.92583846    0.06633006    0.37205306    0.06633006    0.94067441   -0.33276415   -0.37205306    0.33276415    0.86651287
    0.55232160    0.18635799   -0.81253403    0.18635799    0.92242355    0.33823881    0.81253403   -0.33823881    0.47474516
    0.53780086    0.14633637    0.83027459    0.14633637    0.95366860   -0.26287235   -0.83027459    0.26287235    0.49146946
    0.87510819    0.29334427    0.38488284    0.29334427    0.31099677   -0.90400782   -0.38488284    0.90400782    0.18610495
    0.86953238    0.22537483   -0.43945379    0.22537483    0.61067877    0.75912951    0.43945379   -0.75912951    0.48021115
    0.10136659   -0.03571332   -0.99420791   -0.03571332    0.99858069   -0.03951162    0.99420791    0.03951162    0.09994728
    0.61942584   -0.47349588    0.62618949   -0.47349588    0.41089444    0.77908113   -0.62618949   -0.77908113    0.03032029
    0.40333405   -0.26215807    0.87669538   -0.26215807    0.88481519    0.38519505   -0.87669538   -0.38519505    0.28814924
    0.97648460   -0.13086028   -0.17132838   -0.13086028    0.27177879   -0.95342114    0.17132838    0.95342114    0.24826339
    0.39875308    0.44334493    0.80277099    0.44334493    0.67308818   -0.59194389   -0.80277099    0.59194389    0.07184126
    0.64812759   -0.08992816   -0.75620338   -0.08992816    0.97701703   -0.19326316    0.75620338    0.19326316    0.62514462
    0.99862950   -0.02999693    0.04288718   -0.02999693    0.34344082    0.93869515   -0.04288718   -0.93869515    0.34207031
    0.99437862    0.04215743    0.09712837    0.04215743    0.68384142   -0.72841174   -0.09712837    0.72841174    0.67822003
    0.90780447    0.06665430   -0.41406309    0.06665430    0.95181116    0.29935384    0.41406309   -0.29935384    0.85961563
    0.79504191   -0.05537793    0.60402123   -0.05537793    0.98503735    0.16320140   -0.60402123   -0.16320140    0.78007927
    0.97165677   -0.03401844   -0.23393562   -0.03401844    0.95916999   -0.28077691    0.23393562    0.28077691    0.93082676
