# Rotation matrices: 62 entries, row-major flattening of 3x3 -> 1x9
# https://github.com/Neurophysics-CFIN/GFO
# Col:  1    2    3    4    5    6    7    8    9
#       R11  R12  R13  R21  R22  R23  R31  R32  R33
# where Rij = R(i,j), i = row index, j = column index

    0.97514987    0.01822632    0.22079522    0.01822632    0.98663192   -0.16194216   -0.22079522    0.16194216    0.96178179
    0.99005093   -0.04290600   -0.13400836   -0.04290600    0.81496518   -0.57791939    0.13400836    0.57791939    0.80501611
    0.98363512   -0.01397298    0.17962938   -0.01397298    0.98806932    0.15337462   -0.17962938   -0.15337462    0.97170444
    0.97564731    0.05570203    0.21215471    0.05570203    0.87259251   -0.48526241   -0.21215471    0.48526241    0.84823981
    0.90177086    0.01174079   -0.43205495    0.01174079    0.99859669    0.05164115    0.43205495   -0.05164115    0.90036754
    0.69374095   -0.06370838    0.71740138   -0.06370838    0.98674731    0.14923470   -0.71740138   -0.14923470    0.68048826
    0.76083404   -0.15081446   -0.63117871   -0.15081446    0.90489867   -0.39801181    0.63117871    0.39801181    0.66573271
    0.94856165    0.14698454   -0.28040390    0.14698454    0.57999323    0.80125114    0.28040390   -0.80125114    0.52855488
    0.67368802    0.07770321    0.73491950    0.07770321    0.98149688   -0.17500309   -0.73491950    0.17500309    0.65518490
    0.91646963   -0.05814448   -0.39585683   -0.05814448    0.95952633   -0.27555117    0.39585683    0.27555117    0.87599596
    0.99087520   -0.03397173    0.13043107   -0.03397173    0.87352291    0.48559618   -0.13043107   -0.48559618    0.86439810
    0.85896004    0.09720461    0.50273145    0.09720461    0.93300667   -0.34648207   -0.50273145    0.34648207    0.79196671
    0.58206964    0.23743507   -0.77770143    0.23743507    0.86510812    0.44182862    0.77770143   -0.44182862    0.44717776
    0.18592455   -0.21151898    0.95952685   -0.21151898    0.94504161    0.24931122   -0.95952685   -0.24931122    0.13096616
    0.81739436   -0.26123699   -0.51344104   -0.26123699    0.62627243   -0.73453256    0.51344104    0.73453256    0.44366678
    0.99999298    0.00210231   -0.00310208    0.00210231    0.37053148    0.92881753    0.00310208   -0.92881753    0.37052445
    0.21624658    0.32898855    0.91924097    0.32898855    0.86190368   -0.38586083   -0.91924097    0.38586083    0.07815026
    0.49147722    0.05770720   -0.86897642    0.05770720    0.99345138    0.09861150    0.86897642   -0.09861150    0.48492861
    0.92321632   -0.13774831    0.35874369   -0.13774831    0.75288242    0.64357864   -0.35874369   -0.64357864    0.67609874
    0.99619146    0.03552784    0.07962624    0.03552784    0.66857934   -0.74279165   -0.07962624    0.74279165    0.66477080
    0.83052310    0.18710535   -0.52461697    0.18710535    0.79343254    0.57918597    0.52461697   -0.57918597    0.62395564
    0.42548283   -0.02319556    0.90466918   -0.02319556    0.99906350    0.03652512   -0.90466918   -0.03652512    0.42454633
    0.19783036   -0.06562906   -0.97803680   -0.06562906    0.99463059   -0.08001754    0.97803680    0.08001754    0.19246095
    0.58555983   -0.43224102   -0.68577503   -0.43224102    0.54919356   -0.71523013    0.68577503    0.71523013    0.13475338
    0.90169343    0.25837650   -0.34668508    0.25837650    0.32091603    0.91118301    0.34668508   -0.91118301    0.22260946
    0.45013160    0.41266046   -0.79189197    0.41266046    0.69031017    0.59429220    0.79189197   -0.59429220    0.14044177
    0.72946364   -0.29630378    0.61651186   -0.29630378    0.67547457    0.67523194   -0.61651186   -0.67523194    0.40493821
    0.99548297    0.06493733   -0.06925886    0.06493733    0.06645265    0.99567424    0.06925886   -0.99567424    0.06193563
    0.66164052    0.47003048    0.58421157    0.47003048    0.34705936   -0.81155477   -0.58421157    0.81155477    0.00869988
    0.44993783    0.18676710    0.87331209    0.18676710    0.93658544   -0.29652279   -0.87331209    0.29652279    0.38652327
    0.43274607   -0.40933986    0.80322582   -0.40933986    0.70461356    0.57962109   -0.80322582   -0.57962109    0.13735963
    0.28440395   -0.32291816   -0.90268392   -0.32291816    0.85428072   -0.40734299    0.90268392    0.40734299    0.13868467
    0.94136806   -0.22203551    0.25402049   -0.22203551    0.15916535    0.96195978   -0.25402049   -0.96195978    0.10053341
    0.80877809    0.29542624    0.50852860    0.29542624    0.54358439   -0.78564581   -0.50852860    0.78564581    0.35236248
    0.26538656    0.20067795   -0.94302616    0.20067795    0.94517982    0.25761107    0.94302616   -0.25761107    0.21056638
    0.73726217   -0.40032060    0.54423148   -0.40032060    0.39005135    0.82921852   -0.54423148   -0.82921852    0.12731352
    0.97870007    0.10902736    0.17395173    0.10902736    0.44192462   -0.89040197   -0.17395173    0.89040197    0.42062469
    0.91417026    0.25880418    0.31195053    0.25880418    0.21962245   -0.94063084   -0.31195053    0.94063084    0.13379271
    0.12001089    0.06076028    0.99091149    0.06076028    0.99580471   -0.06841910   -0.99091149    0.06841910    0.11581560
    0.87101803   -0.29394900   -0.39360077   -0.29394900    0.33009228   -0.89701342    0.39360077    0.89701342    0.20111031
    0.99754731   -0.02959221    0.06343238   -0.02959221    0.64296397    0.76532453   -0.06343238   -0.76532453    0.64051128
    0.90246676    0.16388098    0.39836762    0.16388098    0.72463771   -0.66936030   -0.39836762    0.66936030    0.62710447
    0.73038881    0.09750911   -0.67603563    0.09750911    0.96473430    0.24449887    0.67603563   -0.24449887    0.69512311
    0.49849883   -0.21913197    0.83873720   -0.21913197    0.90424983    0.36648795   -0.83873720   -0.36648795    0.40274867
    0.97393095   -0.11084476   -0.19791902   -0.11084476    0.52869164   -0.84154536    0.19791902    0.84154536    0.50262259
    0.74399181    0.31899274   -0.58712845    0.31899274    0.60252690    0.73157704    0.58712845   -0.73157704    0.34651871
    0.53673351    0.37646919    0.75510800    0.37646919    0.69406583   -0.61363146   -0.75510800    0.61363146    0.23079934
    0.59600677   -0.28263083   -0.75159547   -0.28263083    0.80227346   -0.52581091    0.75159547    0.52581091    0.39828022
    0.92533432   -0.19664962    0.32416865   -0.19664962    0.48207697    0.85377440   -0.32416865   -0.85377440    0.40741129
    0.99552239   -0.05871210   -0.07408142   -0.05871210    0.23014463   -0.97138372    0.07408142    0.97138372    0.22566702
    0.90962377    0.08127138   -0.40740589    0.08127138    0.92691621    0.36636225    0.40740589   -0.36636225    0.83653998
    0.90029072   -0.07388830    0.42897218   -0.07388830    0.94524601    0.31788441   -0.42897218   -0.31788441    0.84553674
    0.90738822   -0.13976526   -0.39637394   -0.13976526    0.78907297   -0.59818853    0.39637394    0.59818853    0.69646119
    0.98117225    0.06208627   -0.18288330    0.06208627    0.79526467    0.60307495    0.18288330   -0.60307495    0.77643693
    0.71603375    0.21949395    0.66265985    0.21949395    0.83034042   -0.51220815   -0.66265985    0.51220815    0.54637417
    0.49508749   -0.12878407   -0.85924562   -0.12878407    0.96715206   -0.21916103    0.85924562    0.21916103    0.46223955
    0.76119113   -0.17449837    0.62461058   -0.17449837    0.87249351    0.45640485   -0.62461058   -0.45640485    0.63368465
    0.99749529   -0.01135909   -0.06981492   -0.01135909    0.94848555   -0.31661670    0.06981492    0.31661670    0.94598083
    0.99256968    0.01815521   -0.12031552    0.01815521    0.95563968    0.29397821    0.12031552   -0.29397821    0.94820936
    0.87159159    0.00506639    0.49020653    0.00506639    0.99980010   -0.01934125   -0.49020653    0.01934125    0.87139169
    0.73689757   -0.03604415   -0.67504280   -0.03604415    0.99506207   -0.09247861    0.67504280    0.09247861    0.73195965
    0.99168838   -0.00161341   -0.12865281   -0.00161341    0.99968681   -0.02497349    0.12865281    0.02497349    0.99137520
