# Rotation matrices: 34 entries, row-major flattening of 3x3 -> 1x9
# https://github.com/Neurophysics-CFIN/GFO
# Col:  1    2    3    4    5    6    7    8    9
#       R11  R12  R13  R21  R22  R23  R31  R32  R33
# where Rij = R(i,j), i = row index, j = column index

    0.99633296   -0.00894256    0.08509213   -0.00894256    0.97819239    0.20750824   -0.08509213   -0.20750824    0.97452535
    0.77589553   -0.01992503   -0.63054669   -0.01992503    0.99822848   -0.05606162    0.63054669    0.05606162    0.77412400
    0.74104398   -0.12407642    0.65989307   -0.12407642    0.94054992    0.31618175   -0.65989307   -0.31618175    0.68159390
    0.89758879    0.10198218    0.42887527    0.10198218    0.89844506   -0.42707858   -0.42887527    0.42707858    0.79603385
    0.44573047   -0.04591581   -0.89398886   -0.04591581    0.99619632   -0.07405823    0.89398886    0.07405823    0.44192680
    0.48034103   -0.29437019    0.82620741   -0.29437019    0.83324870    0.46802008   -0.82620741   -0.46802008    0.31358973
    0.96263028   -0.00869067   -0.27067953   -0.00869067    0.99797890   -0.06294904    0.27067953    0.06294904    0.96060919
    0.99462982    0.04011719   -0.09540513    0.04011719    0.70031025    0.71271043    0.09540513   -0.71271043    0.69494007
    0.72009021    0.25844471    0.64395374    0.25844471    0.76137430   -0.59457170   -0.64395374    0.59457170    0.48146451
    0.61191646   -0.23902909   -0.75393855   -0.23902909    0.85277678   -0.46436715    0.75393855    0.46436715    0.46469324
    0.85818688   -0.34229536    0.38255610   -0.34229536    0.17379920    0.92337843   -0.38255610   -0.92337843    0.03198608
    0.72328401    0.41486303    0.55204068    0.41486303    0.37802173   -0.82764016   -0.55204068    0.82764016    0.10130574
    0.82918883    0.20807682   -0.51879661    0.20807682    0.74652734    0.63198178    0.51879661   -0.63198178    0.57571617
    0.89700904   -0.00383380    0.44199558   -0.00383380    0.99985729    0.01645313   -0.44199558   -0.01645313    0.89686632
    0.90674067   -0.10665155   -0.40797893   -0.10665155    0.87803308   -0.46656550    0.40797893    0.46656550    0.78477375
    0.48852572    0.38349712   -0.78375543    0.38349712    0.71245858    0.58765018    0.78375543   -0.58765018    0.20098430
    0.35500049    0.29989231    0.88545991    0.29989231    0.86056517   -0.41169430   -0.88545991    0.41169430    0.21556566
    0.31615438   -0.03306545    0.94813136   -0.03306545    0.99840121    0.04584425   -0.94813136   -0.04584425    0.31455560
    0.50942073   -0.47717676   -0.71609557   -0.47717676    0.53585960   -0.69653200    0.71609557    0.69653200    0.04528032
    0.98883265   -0.08073417    0.12526762   -0.08073417    0.41633347    0.90562047   -0.12526762   -0.90562047    0.40516612
    0.93938914    0.17005600    0.29770624    0.17005600    0.52287361   -0.83527489   -0.29770624    0.83527489    0.46226275
    0.14028100    0.14726166   -0.97909920    0.14726166    0.97477548    0.16771034    0.97909920   -0.16771034    0.11505648
    0.81897179   -0.25751510    0.51280716   -0.25751510    0.63368125    0.72947519   -0.51280716   -0.72947519    0.45265304
    0.99388769    0.07761766   -0.07850327    0.07761766    0.01436632    0.99687969    0.07850327   -0.99687969    0.00825400
    0.90027145    0.24485231   -0.35994257    0.24485231    0.39884160    0.88372661    0.35994257   -0.88372661    0.29911305
    0.15353829   -0.26780374   -0.95116095   -0.26780374    0.91527219   -0.30092851    0.95116095    0.30092851    0.06881048
    0.85001016   -0.24846285   -0.46448782   -0.24846285    0.58841352   -0.76943859    0.46448782    0.76943859    0.43842369
    0.95411691   -0.08643997    0.28668632   -0.08643997    0.83715419    0.54009351   -0.28668632   -0.54009351    0.79127110
    0.99242798   -0.06916202   -0.10150529   -0.06916202    0.36828173   -0.92713817    0.10150529    0.92713817    0.36070971
    0.63327620    0.14788732   -0.75966479    0.14788732    0.94036204    0.30634715    0.75966479   -0.30634715    0.57363823
    0.63981085    0.07050534    0.76529149    0.07050534    0.98619891   -0.14980223   -0.76529149    0.14980223    0.62600976
    0.99986941   -0.00590335   -0.01504367   -0.00590335    0.73313602   -0.68005642    0.01504367    0.68005642    0.73300543
    0.94921521    0.06156530   -0.30854531    0.06156530    0.92536572    0.37404278    0.30854531   -0.37404278    0.87458093
    0.99809624    0.00929350    0.06097157    0.00929350    0.95463242   -0.29764170   -0.06097157    0.29764170    0.95272865
