# Rotation matrices: 17 entries, row-major flattening of 3x3 -> 1x9
# https://github.com/Neurophysics-CFIN/GFO
# Col:  1    2    3    4    5    6    7    8    9
#       R11  R12  R13  R21  R22  R23  R31  R32  R33
# where Rij = R(i,j), i = row index, j = column index

    0.27469609   -0.03624195    0.96084784   -0.03624195    0.99818906    0.04801159   -0.96084784   -0.04801159    0.27288516
    0.33809390   -0.61099484   -0.71580571   -0.61099484    0.43600052   -0.66074870    0.71580571    0.66074870   -0.22590558
    0.22918650    0.83994828    0.49189473    0.83994828    0.08471619   -0.53601310   -0.49189473    0.53601310   -0.68609731
    0.98217946    0.10231803   -0.15765316    0.10231803    0.41253283    0.90517826    0.15765316   -0.90517826    0.39471229
    0.95621543    0.25486030   -0.14386898    0.25486030   -0.48348535    0.83742949    0.14386898   -0.83742949   -0.52726992
    0.77317892   -0.07140061    0.63015579   -0.07140061    0.97752393    0.19836563   -0.63015579   -0.19836563    0.75070285
    0.93343490    0.05997396    0.35369819    0.05997396    0.94596455   -0.31867570   -0.35369819    0.31867570    0.87939945
    0.33098303   -0.20118440   -0.92194093   -0.20118440    0.93950054   -0.27724280    0.92194093    0.27724280    0.27048357
    0.79726821   -0.26379392   -0.54293293   -0.26379392    0.65675224   -0.70646250    0.54293293    0.70646250    0.45402044
    0.95302186   -0.11186672    0.28148741   -0.11186672    0.73361730    0.67029210   -0.28148741   -0.67029210    0.68663916
    0.97222342   -0.05101165   -0.22842818   -0.05101165    0.90631719   -0.41950801    0.22842818    0.41950801    0.87854061
    0.94668455   -0.22836574    0.22723877   -0.22836574    0.02184251    0.97333036   -0.22723877   -0.97333036   -0.03147294
    0.99931919    0.00381908   -0.03669553    0.00381908    0.97857634    0.20584889    0.03669553   -0.20584889    0.97789553
    0.69744857    0.47015462   -0.54085130    0.47015462    0.26939573    0.84046450    0.54085130   -0.84046450   -0.03315570
   -0.03553720    0.44161445    0.89650085    0.44161445    0.81166942   -0.38232111   -0.89650085    0.38232111   -0.22386778
    0.74944200   -0.00964598   -0.66199973   -0.00964598    0.99962865   -0.02548567    0.66199973    0.02548567    0.74907065
   -0.02691152    0.66391430   -0.74732428    0.66391430    0.57076906    0.48315679    0.74732428   -0.48315679   -0.45614246
