# Rotation matrices: 66 entries, row-major flattening of 3x3 -> 1x9
# https://github.com/Neurophysics-CFIN/GFO
# Col:  1    2    3    4    5    6    7    8    9
#       R11  R12  R13  R21  R22  R23  R31  R32  R33
# where Rij = R(i,j), i = row index, j = column index

    0.95596981    0.03549075    0.29131105    0.03549075    0.97139250   -0.23481273   -0.29131105    0.23481273    0.92736231
    0.92142907   -0.07832358   -0.38057047   -0.07832358    0.92192300   -0.37937239    0.38057047    0.37937239    0.84335207
    0.99999887    0.00033520   -0.00146305    0.00033520    0.90025494    0.43536299    0.00146305   -0.43536299    0.90025381
    0.89698600   -0.00790391    0.44198828   -0.00790391    0.99939356    0.03391222   -0.44198828   -0.03391222    0.89637956
    0.84753942   -0.01885484   -0.53039743   -0.01885484    0.99766822   -0.06559438    0.53039743    0.06559438    0.84520764
    0.74803404   -0.06701778    0.66026789   -0.06701778    0.98217464    0.17561772   -0.66026789   -0.17561772    0.73020869
    0.99049739   -0.04050956   -0.13143021   -0.04050956    0.82730803   -0.56028600    0.13143021    0.56028600    0.81780542
    0.95071396    0.08241927   -0.29891474    0.08241927    0.86217322    0.49986439    0.29891474   -0.49986439    0.81288718
    0.75344100    0.06021732    0.65475227    0.06021732    0.98529307   -0.15991071   -0.65475227    0.15991071    0.73873407
    0.64795500   -0.01186149   -0.76158626   -0.01186149    0.99960035   -0.02566020    0.76158626    0.02566020    0.64755535
    0.97022889   -0.07867120    0.22905619   -0.07867120    0.79210856    0.60528908   -0.22905619   -0.60528908    0.76233745
    0.97921217    0.05709241    0.19463811    0.05709241    0.84319950   -0.53456062   -0.19463811    0.53456062    0.82241167
    0.82321859    0.18664425   -0.53616702    0.18664425    0.80294266    0.56608039    0.53616702   -0.56608039    0.62616125
    0.53023591    0.01665856    0.84768648    0.01665856    0.99940926   -0.03006027   -0.84768648    0.03006027    0.52964517
    0.89149949   -0.16578348   -0.42159755   -0.16578348    0.74669093   -0.64418048    0.42159755    0.64418048    0.63819042
    0.97837465    0.12120612   -0.16760701    0.12120612    0.32066175    0.93940679    0.16760701   -0.93940679    0.29903640
    0.83326778    0.20621338    0.51297256    0.20621338    0.74495655   -0.63444131   -0.51297256    0.63444131    0.57822434
    0.26298069    0.02669265   -0.96443178    0.02669265    0.99903327    0.03492885    0.96443178   -0.03492885    0.26201396
    0.72191064   -0.36193463    0.58978670   -0.36193463    0.52894036    0.76761020   -0.58978670   -0.76761020    0.25085100
    0.96990842    0.10308964    0.22056788    0.10308964    0.64682906   -0.75563530   -0.22056788    0.75563530    0.61673747
    0.93805826    0.15737176   -0.30867593    0.15737176    0.60017476    0.78423491    0.30867593   -0.78423491    0.53823302
    0.35186180    0.15705226    0.92278267    0.15705226    0.96194421   -0.22360217   -0.92278267    0.22360217    0.31380601
    0.75968076   -0.33045081   -0.56007804   -0.33045081    0.54561385   -0.77013492    0.56007804    0.77013492    0.30529460
    0.99703957   -0.03882220    0.06636962   -0.03882220    0.49089676    0.87035235   -0.06636962   -0.87035235    0.48793634
    0.95795270    0.19409940    0.21131033    0.19409940    0.10399541   -0.97545393   -0.21131033    0.97545393    0.06194811
    0.22796414    0.30666928   -0.92411379    0.30666928    0.87818435    0.36707791    0.92411379   -0.36707791    0.10614849
    0.24002633   -0.36312322    0.90029378   -0.36312322    0.82649600    0.43016961   -0.90029378   -0.43016961    0.06652233
    0.82713088   -0.36835738   -0.42446124   -0.36835738    0.21508735   -0.90446132    0.42446124    0.90446132    0.04221823
    0.83986976    0.32480191   -0.43488218    0.32480191    0.34118454    0.88209797    0.43488218   -0.88209797    0.18105430
    0.36992514    0.35516588    0.85849437    0.35516588    0.79979712   -0.48392331   -0.85849437    0.48392331    0.16972226
    0.43256931   -0.33338488   -0.83769823   -0.33338488    0.80412502   -0.49217626    0.83769823    0.49217626    0.23669433
    0.92061108   -0.22856273    0.31659805   -0.22856273    0.34196209    0.91149383   -0.31659805   -0.91149383    0.26257316
    0.98295989   -0.11765041   -0.14123822   -0.11765041    0.18770362   -0.97515421    0.14123822    0.97515421    0.17066351
    0.48647174    0.46087518   -0.74225286    0.46087518    0.58637927    0.66614820    0.74225286   -0.66614820    0.07285101
    0.13562816   -0.18174174   -0.97394812   -0.18174174    0.96178721   -0.20478111    0.97394812    0.20478111    0.09741537
    0.51396711   -0.32579785    0.79353234   -0.32579785    0.78161099    0.53192106   -0.79353234   -0.53192106    0.29557810
    0.99632009    0.04784588    0.07111287    0.04784588    0.37791105   -0.92460479   -0.07111287    0.92460479    0.37423115
    0.73856596    0.40905499    0.53590516    0.40905499    0.35996863   -0.83850856   -0.53590516    0.83850856    0.09853460
    0.05897129    0.09383412    0.99383980    0.09383412    0.99064339   -0.09910014   -0.99383980    0.09910014    0.04961468
    0.51911309   -0.48224289   -0.70566521   -0.48224289    0.51639730   -0.70765501    0.70566521    0.70765501    0.03551039
    0.99581731   -0.06053165    0.06843835   -0.06053165    0.12398972    0.99043549   -0.06843835   -0.99043549    0.11980702
    0.65120009    0.33954573    0.67870991    0.33954573    0.66946293   -0.66070272   -0.67870991    0.66070272    0.32066302
    0.47907883    0.12267400   -0.86915739    0.12267400    0.97111096    0.20468167    0.86915739   -0.20468167    0.45018979
    0.55987227   -0.16134390    0.81271839   -0.16134390    0.94085387    0.29792977   -0.81271839   -0.29792977    0.50072614
    0.93723857   -0.18101016   -0.29802548   -0.18101016    0.47794884   -0.85953489    0.29802548    0.85953489    0.41518741
    0.74157292    0.31221128   -0.59379603    0.31221128    0.62281088    0.71737767    0.59379603   -0.71737767    0.36438380
    0.62539920    0.19699704    0.75502848    0.19699704    0.89640216   -0.39705835   -0.75502848    0.39705835    0.52180136
    0.47495921   -0.14094105   -0.86864801   -0.14094105    0.96216603   -0.23317838    0.86864801    0.23317838    0.43712524
    0.91346531   -0.18118147    0.36435476   -0.18118147    0.62065241    0.76286556   -0.36435476   -0.76286556    0.53411773
    0.89258856    0.24026180    0.38152317    0.24026180    0.46257371   -0.85340485   -0.38152317    0.85340485    0.35516227
    0.54396224    0.28038202   -0.79087989    0.28038202    0.82761499    0.48625030    0.79087989   -0.48625030    0.37157723
    0.27592872   -0.11515133    0.95425548   -0.11515133    0.98168712    0.15175824   -0.95425548   -0.15175824    0.25761585
    0.68845424   -0.25301798   -0.67971513   -0.25301798    0.79451462   -0.55202212    0.67971513    0.55202212    0.48296885
    0.99711925    0.02888957   -0.07013264    0.02888957    0.71028101    0.70332515    0.07013264   -0.70332515    0.70740027
    0.86306404    0.11404133    0.49205187    0.11404133    0.90502549   -0.40978461   -0.49205187    0.40978461    0.76808953
    0.72322819    0.12370824   -0.67943893    0.12370824    0.94470633    0.30368770    0.67943893   -0.30368770    0.66793452
    0.75769446   -0.23110451    0.61031943   -0.23110451    0.77957873    0.58210627   -0.61031943   -0.58210627    0.53727319
    0.99440384   -0.04568412   -0.09525740   -0.04568412    0.62705904   -0.77763097    0.09525740    0.77763097    0.62146288
    0.88527146    0.05700265   -0.46156813    0.05700265    0.97167834    0.22932923    0.46156813   -0.22932923    0.85694981
    0.96456004   -0.03808303    0.26110076   -0.03808303    0.95907679    0.28057334   -0.26110076   -0.28057334    0.92363683
    0.75033921   -0.12861566   -0.64842045   -0.12861566    0.93374215   -0.33404133    0.64842045    0.33404133    0.68408136
    0.86169889   -0.11927787    0.49320160   -0.11927787    0.89712874    0.42536199   -0.49320160   -0.42536199    0.75882763
    0.99983917   -0.00273380   -0.01772453   -0.00273380    0.95353042   -0.30128435    0.01772453    0.30128435    0.95336959
    0.98637237    0.01606600   -0.16374198    0.01606600    0.98105933    0.19304009    0.16374198   -0.19304009    0.96743170
    0.99529262   -0.00060153    0.09691355   -0.00060153    0.99992313    0.01238406   -0.09691355   -0.01238406    0.99521575
    0.96858751   -0.01297175   -0.24833438   -0.01297175    0.99464333   -0.10254941    0.24833438    0.10254941    0.96323084
