# Rotation matrices: 37 entries, row-major flattening of 3x3 -> 1x9
# https://github.com/Neurophysics-CFIN/GFO
# Col:  1    2    3    4    5    6    7    8    9
#       R11  R12  R13  R21  R22  R23  R31  R32  R33
# where Rij = R(i,j), i = row index, j = column index

   -0.14958791    0.93232602    0.32922889    0.93232602    0.24387531   -0.26700755   -0.32922889    0.26700755   -0.90571260
    0.92717282   -0.16834729   -0.33467857   -0.16834729    0.61084842   -0.77364294    0.33467857    0.77364294    0.53802125
    0.98208647   -0.14447907   -0.12096266   -0.14447907   -0.16527573   -0.97560737    0.12096266    0.97560737   -0.18318926
    0.56893058   -0.40244787   -0.71718457   -0.40244787    0.62427330   -0.66956595    0.71718457    0.66956595    0.19320388
    0.83457085   -0.40422213    0.37429395   -0.40422213    0.01229296    0.91457824   -0.37429395   -0.91457824   -0.15313619
    0.21101662   -0.04070300    0.97663466   -0.04070300    0.99790017    0.05038378   -0.97663466   -0.05038378    0.20891678
    0.74301963   -0.23466465    0.62678093   -0.23466465    0.78571322    0.57235237   -0.62678093   -0.57235237    0.52873285
   -0.40676036   -0.89593871    0.17843721   -0.89593871    0.42939381    0.11364324   -0.17843721   -0.11364324   -0.97736655
   -0.83821436    0.17357404   -0.51698041    0.17357404    0.98361021    0.04881606    0.51698041   -0.04881606   -0.85460415
    0.58753923    0.79145603   -0.16850816    0.79145603   -0.51869632    0.32334421    0.16850816   -0.32334421   -0.93115709
    0.63978214    0.28740349    0.71279594    0.28740349    0.77069220   -0.56871149   -0.71279594    0.56871149    0.41047434
    0.04397783    0.38412874   -0.92223156    0.38412874    0.84565746    0.37055171    0.92223156   -0.37055171   -0.11036471
    0.96583677    0.22409337    0.13015950    0.22409337   -0.46993825   -0.85377995   -0.13015950    0.85377995   -0.50410148
    0.72756868   -0.20700321   -0.65405924   -0.20700321    0.84271144   -0.49697796    0.65405924    0.49697796    0.57028013
    0.92846844    0.25992318    0.26530417    0.25992318    0.05552098   -0.96403182   -0.26530417    0.96403182   -0.01601058
   -0.72976825   -0.39443424    0.55844421   -0.39443424    0.91005826    0.12734048   -0.55844421   -0.12734048   -0.81970999
    0.03414876   -0.91003930   -0.41311298   -0.91003930    0.14254753   -0.38924115    0.41311298    0.38924115   -0.82330371
    0.83364151   -0.48377413   -0.26646655   -0.48377413   -0.40682578   -0.77489055    0.26646655    0.77489055   -0.57318427
    0.25061052   -0.24635989   -0.93621641   -0.24635989    0.91900981   -0.30777877    0.93621641    0.30777877    0.16962033
   -0.49422780   -0.21365011    0.84266987   -0.21365011    0.96945153    0.12048799   -0.84266987   -0.12048799   -0.52477627
    0.40046636    0.80394133    0.43966468    0.80394133   -0.07804069   -0.58956593   -0.43966468    0.58956593   -0.67757433
    0.54144464    0.51802054   -0.66218760    0.51802054    0.41480286    0.74805969    0.66218760   -0.74805969   -0.04375250
    0.13798380    0.86668219   -0.47939800    0.86668219    0.12862655    0.48199293    0.47939800   -0.48199293   -0.73338964
    0.89388958    0.22703486    0.38654443    0.22703486    0.51423407   -0.82705411   -0.38654443    0.82705411    0.40812364
    0.61467102   -0.09850357    0.78260883   -0.09850357    0.97481904    0.20006220   -0.78260883   -0.20006220    0.58949006
    0.38449243   -0.33771329    0.85913637   -0.33771329    0.81470534    0.47138620   -0.85913637   -0.47138620    0.19919777
    0.51007693    0.30856034   -0.80287735    0.30856034    0.80566442    0.50566329    0.80287735   -0.50566329    0.31574135
    0.62589046   -0.55742664   -0.54546921   -0.55742664    0.16942918   -0.81275414    0.54546921    0.81275414   -0.20468036
    0.99997499    0.00574018   -0.00413202    0.00574018   -0.31735693    0.94828879    0.00413202   -0.94828879   -0.31738194
    0.81195862    0.30136325   -0.49990338    0.30136325    0.51702221    0.80116679    0.49990338   -0.80116679    0.32898083
   -0.44884093    0.53849004    0.71314115    0.53849004    0.79985966   -0.26505284   -0.71314115    0.26505284   -0.64898127
   -0.46145654    0.35621088   -0.81250949    0.35621088    0.91317826    0.19803854    0.81250949   -0.19803854   -0.54827828
    0.99964538    0.02548800    0.00771154    0.02548800   -0.83194897   -0.55426644   -0.00771154    0.55426644   -0.83230358
    0.99115492   -0.01002832    0.13233049   -0.01002832    0.98863016    0.15003280   -0.13233049   -0.15003280    0.97978508
    0.99537004    0.03682402    0.08878334    0.03682402    0.70712328   -0.70613076   -0.08878334    0.70613076    0.70249332
    0.57363961   -0.77313506    0.27055457   -0.77313506   -0.40195439    0.49060661   -0.27055457   -0.49060661   -0.82831478
   -0.19758726    0.15854857    0.96737874    0.15854857    0.97900976   -0.12807126   -0.96737874    0.12807126   -0.21857750
