# Rotation matrices: 52 entries, row-major flattening of 3x3 -> 1x9
# https://github.com/Neurophysics-CFIN/GFO
# Col:  1    2    3    4    5    6    7    8    9
#       R11  R12  R13  R21  R22  R23  R31  R32  R33
# where Rij = R(i,j), i = row index, j = column index

    0.58864820   -0.74521631    0.31328254   -0.74521631   -0.35005449    0.56755133   -0.31328254   -0.56755133   -0.76140629
    0.94836907    0.04728926   -0.31362370    0.04728926    0.95668731    0.28725095    0.31362370   -0.28725095    0.90505639
    0.66442081    0.31847939    0.67610344    0.31847939    0.69774906   -0.64165187   -0.67610344    0.64165187    0.36216987
    0.77994253   -0.51342836   -0.35788402   -0.51342836   -0.19790834   -0.83499917    0.35788402    0.83499917   -0.41796581
    0.98475447    0.00882823    0.17372591    0.00882823    0.99488783   -0.10059950   -0.17372591    0.10059950    0.97964231
   -0.13357119   -0.44552586    0.88524880   -0.44552586    0.82489561    0.34792807   -0.88524880   -0.34792807   -0.30867558
    0.93865219   -0.33810068    0.06797055   -0.33810068   -0.86334395    0.37459999   -0.06797055   -0.37459999   -0.92469176
    0.88641770   -0.44392315   -0.13113311   -0.44392315   -0.73502182   -0.51251844    0.13113311    0.51251844   -0.84860412
    0.84594815   -0.23866085   -0.47687811   -0.23866085    0.63026086   -0.73879108    0.47687811    0.73879108    0.47620900
    0.60423417    0.12908557   -0.78628111    0.12908557    0.95789660    0.25645859    0.78628111   -0.25645859    0.56213078
    0.62472070   -0.06354610   -0.77825827   -0.06354610    0.98923973   -0.13178260    0.77825827    0.13178260    0.61396043
    0.82951277   -0.33800760   -0.44458905   -0.33800760    0.32986688   -0.88144127    0.44458905    0.88144127    0.15937966
    0.33376918    0.01069306   -0.94259418    0.01069306    0.99982838    0.01512871    0.94259418   -0.01512871    0.33359755
   -0.81070093    0.27088740   -0.51902218    0.27088740    0.95947427    0.07764759    0.51902218   -0.07764759   -0.85122666
    0.55977697    0.71444656   -0.41978073    0.71444656   -0.15948927    0.68127035    0.41978073   -0.68127035   -0.59971230
   -0.05646770   -0.74365290    0.66617698   -0.74365290    0.47653900    0.46892531   -0.66617698   -0.46892531   -0.57992870
    0.97310771    0.12173777    0.19555383    0.12173777    0.44890952   -0.88524582   -0.19555383    0.88524582    0.42201723
    0.82467203    0.15406097   -0.54422538    0.15406097    0.86462639    0.47821170    0.54422538   -0.47821170    0.68929841
   -0.62401581    0.02681045   -0.78095164    0.02681045    0.99955739    0.01289252    0.78095164   -0.01289252   -0.62445842
    0.95645355   -0.19053998    0.22111337   -0.19053998    0.16628142    0.96749419   -0.22111337   -0.96749419    0.12273497
   -0.38098136   -0.65053233   -0.65700905   -0.65053233    0.69355683   -0.30949413    0.65700905    0.30949413   -0.68742454
   -0.77204747    0.26523621    0.57757463    0.26523621    0.96030002   -0.08645011   -0.57757463    0.08645011   -0.81174745
    0.94738002    0.06852329    0.31269098    0.06852329    0.91076694   -0.40719545   -0.31269098    0.40719545    0.85814697
   -0.81795655   -0.52650228    0.23182415   -0.52650228    0.84751855    0.06713909   -0.23182415   -0.06713909   -0.97043800
    0.99982683   -0.00195246    0.01850662   -0.00195246    0.97798608    0.20866102   -0.01850662   -0.20866102    0.97781291
   -0.29581099    0.02079657   -0.95502008    0.02079657    0.99966623    0.01532719    0.95502008   -0.01532719   -0.29614475
    0.99685382    0.04594683   -0.06458594    0.04594683    0.32899147    0.94321445    0.06458594   -0.94321445    0.32584529
   -0.24901735    0.47201219   -0.84569193    0.47201219    0.82162337    0.31959276    0.84569193   -0.31959276   -0.42739398
    0.98942616   -0.08942581   -0.11418796   -0.08942581    0.24370162   -0.96571867    0.11418796    0.96571867    0.23312778
    0.56484040   -0.38816216   -0.72820702   -0.38816216    0.65375954   -0.64956032    0.72820702    0.64956032    0.21859994
    0.30108362    0.36532593    0.88084370    0.36532593    0.80904291   -0.46041995   -0.88084370    0.46041995    0.11012653
    0.43100008   -0.79694369   -0.42322534   -0.79694369   -0.11620269   -0.59277119    0.42322534    0.59277119   -0.68520262
    0.98821454   -0.13730828   -0.06766425   -0.13730828   -0.59973139   -0.78833286    0.06766425    0.78833286   -0.61151684
    0.04172896   -0.20938861   -0.97694171   -0.20938861    0.95424719   -0.21346828    0.97694171    0.21346828   -0.00402384
    0.99590149    0.03192094    0.08462428    0.03192094    0.75138586   -0.65909055   -0.08462428    0.65909055    0.74728735
    0.21538445   -0.49002532   -0.84468025   -0.49002532    0.69395863   -0.52753825    0.84468025    0.52753825   -0.09065691
   -0.21265028    0.75352196   -0.62208080    0.75352196    0.53177322    0.38655130    0.62208080   -0.38655130   -0.68087707
    0.92408402   -0.04836349    0.37911700   -0.04836349    0.96918927    0.24152254   -0.37911700   -0.24152254    0.89327328
    0.00296864    0.15717406    0.98756645    0.15717406    0.97522276   -0.15568199   -0.98756645    0.15568199   -0.02180860
    0.52891392    0.47945313   -0.70026763    0.47945313    0.51203121    0.71270523    0.70026763   -0.71270523    0.04094513
    0.69105987   -0.41293384    0.59323006   -0.41293384    0.44806667    0.79291986   -0.59323006   -0.79291986    0.13912654
    0.98621500   -0.07757577   -0.14615734   -0.07757577    0.56343843   -0.82250784    0.14615734    0.82250784    0.54965343
    0.29633649    0.69987777    0.64988906    0.69987777    0.30388760   -0.64639263   -0.64988906    0.64639263   -0.39977591
    0.97349222    0.16278307   -0.16066914    0.16278307    0.00035667    0.98666182    0.16066914   -0.98666182   -0.02615111
    0.73375790    0.49726783   -0.46295146    0.49726783    0.07123895    0.86466740    0.46295146   -0.86466740   -0.19500315
   -0.23230558   -0.43545403   -0.86972059   -0.43545403    0.84612565   -0.30732908    0.86972059    0.30732908   -0.38617993
    0.92783065    0.17079836   -0.33159946    0.17079836    0.59578297    0.78477422    0.33159946   -0.78477422    0.52361362
    0.68373843   -0.28311767    0.67256683   -0.28311767    0.74655278    0.60208250   -0.67256683   -0.60208250    0.43029121
   -0.40133466   -0.77669345    0.48546656   -0.77669345    0.56951560    0.26907113   -0.48546656   -0.26907113   -0.83181906
    0.97722369    0.06708049   -0.20133072    0.06708049    0.80243540    0.59295669    0.20133072   -0.59295669    0.77965910
   -0.02825434    0.48759490    0.87261269    0.48759490    0.76878407   -0.41379013   -0.87261269    0.41379013   -0.25947027
    0.77633745    0.46546910    0.42501609    0.46546910    0.03130192   -0.88451044   -0.42501609    0.88451044   -0.19236062
