# Rotation matrices: 71 entries, row-major flattening of 3x3 -> 1x9
# https://github.com/Neurophysics-CFIN/GFO
# Col:  1    2    3    4    5    6    7    8    9
#       R11  R12  R13  R21  R22  R23  R31  R32  R33
# where Rij = R(i,j), i = row index, j = column index

    0.98800559    0.00615967    0.15429520    0.00615967    0.99683673   -0.07923754   -0.15429520    0.07923754    0.98484232
    0.92573919   -0.05397790   -0.37429044   -0.05397790    0.96076513   -0.27206021    0.37429044    0.27206021    0.88650432
    0.99277236   -0.00063816   -0.12001097   -0.00063816    0.99994365   -0.01059624    0.12001097    0.01059624    0.99271601
    0.98179674    0.03872088    0.18594582    0.03872088    0.91763526   -0.39553283   -0.18594582    0.39553283    0.89943201
    0.92237047    0.07434774   -0.37908460    0.07434774    0.92879531    0.36305878    0.37908460   -0.36305878    0.85116578
    0.98529194   -0.04789324    0.16403058   -0.04789324    0.84404728    0.53412586   -0.16403058   -0.53412586    0.82933922
    0.99999975    0.00023868    0.00066507    0.00023868    0.77180597   -0.63585807   -0.00066507    0.63585807    0.77180572
    0.92334992    0.13713353   -0.35863537    0.13713353    0.75465643    0.64162923    0.35863537   -0.64162923    0.67800635
    0.86140592    0.12176087    0.49310661    0.12176087    0.89302784   -0.43321539   -0.49310661    0.43321539    0.75443376
    0.77941758   -0.05232263   -0.62431609   -0.05232263    0.98758896   -0.14808915    0.62431609    0.14808915    0.76700653
    0.90070197   -0.16544470    0.40170140   -0.16544470    0.72434551    0.66929189   -0.40170140   -0.66929189    0.62504748
    0.95423375    0.10506532    0.27999863    0.10506532    0.75880217   -0.64279122   -0.27999863    0.64279122    0.71303592
    0.78967033    0.16770273   -0.59016656    0.16770273    0.86628513    0.47055911    0.59016656   -0.47055911    0.65595545
    0.72971383   -0.08517777    0.67842646   -0.08517777    0.97315715    0.21379877   -0.67842646   -0.21379877    0.70287098
    0.95997751   -0.08510082   -0.26683522   -0.08510082    0.81904802   -0.56737836    0.26683522    0.56737836    0.77902552
    0.98833631    0.07126579   -0.13458279    0.07126579    0.56456219    0.82230816    0.13458279   -0.82230816    0.55289850
    0.67532762    0.16923587    0.71783830    0.16923587    0.91178560   -0.37417407   -0.71783830    0.37417407    0.58711322
    0.18094250   -0.20050047   -0.96283922   -0.20050047    0.95091866   -0.23569740    0.96283922    0.23569740    0.13186116
    0.73236803   -0.20190331    0.65028618   -0.20190331    0.84768282    0.49058015   -0.65028618   -0.49058015    0.58005085
    0.99902849   -0.02096776   -0.03876114   -0.02096776    0.54745930   -0.83656958    0.03876114    0.83656958    0.54648779
    0.66895615    0.30612488   -0.67733686    0.30612488    0.71691834    0.62635106    0.67733686   -0.62635106    0.38587449
    0.24970661    0.06505811    0.96613356    0.06505811    0.99435880   -0.08377365   -0.96613356    0.08377365    0.24406541
    0.73419522   -0.26339162   -0.62576531   -0.26339162    0.73899962   -0.62008420    0.62576531    0.62008420    0.47319485
    0.98790489   -0.06726933    0.13970957   -0.06726933    0.62586838    0.77702227   -0.13970957   -0.77702227    0.61377327
    0.79619339    0.33312360    0.50507896    0.33312360    0.45550671   -0.82555576   -0.50507896    0.82555576    0.25170009
    0.57487762    0.19053310   -0.79574673    0.19053310    0.91460609    0.35664105    0.79574673   -0.35664105    0.48948371
    0.49191791   -0.13206331    0.86056729   -0.13206331    0.96567342    0.22368308   -0.86056729   -0.22368308    0.45759133
    0.75957863   -0.41986159    0.49674596   -0.41986159    0.26677169    0.86749589   -0.49674596   -0.86749589    0.02635032
    0.99862144    0.03698865   -0.03724321    0.03698865    0.00754293    0.99928722    0.03724321   -0.99928722    0.00616437
    0.57834028    0.34336224    0.74001682    0.34336224    0.72039628   -0.60260399   -0.74001682    0.60260399    0.29873656
    0.23799365   -0.41900381    0.87623903   -0.41900381    0.76960272    0.48181684   -0.87623903   -0.48181684    0.00759637
    0.55901237   -0.43358812    0.70675774   -0.43358812    0.57368722    0.69489878   -0.70675774   -0.69489878    0.13269959
    0.88884456    0.30605209    0.34100950    0.30605209    0.15732531   -0.93892538   -0.34100950    0.93892538    0.04616987
    0.18507773    0.32543199    0.92727572    0.32543199    0.87004162   -0.37029934   -0.92727572    0.37029934    0.05511935
    0.20910216   -0.17203529    0.96264227   -0.17203529    0.96257906    0.20939297   -0.96264227   -0.20939297    0.17168122
    0.59304249   -0.40984545   -0.69305650   -0.40984545    0.58724612   -0.69797471    0.69305650    0.69797471    0.18028861
    0.94277389   -0.22732916    0.24392386   -0.22732916    0.09694117    0.96898084   -0.24392386   -0.96898084    0.03971506
    0.74011544    0.39095939   -0.54715619    0.39095939    0.41185717    0.82311872    0.54715619   -0.82311872    0.15197261
    0.05548841    0.05867188   -0.99673399    0.05867188    0.99635538    0.06191587    0.99673399   -0.06191587    0.05184379
    0.46501004   -0.28572552   -0.83792994   -0.28572552    0.84740074   -0.44751862    0.83792994    0.44751862    0.31241078
    0.92455846   -0.20982156    0.31806692   -0.20982156    0.41643442    0.88462268   -0.31806692   -0.88462268    0.34099288
    0.50375707    0.48138733    0.71728310    0.48138733    0.53302354   -0.69581042   -0.71728310    0.69581042    0.03678061
    0.31693806    0.16414718   -0.93413381    0.16414718    0.96055366    0.22448247    0.93413381   -0.22448247    0.27749172
    0.49844136   -0.29671199    0.81456627   -0.29671199    0.82447117    0.48188100   -0.81456627   -0.48188100    0.32291253
    0.97508161   -0.13204829   -0.17826693   -0.13204829    0.30024561   -0.94467763    0.17826693    0.94467763    0.27532722
    0.95080788    0.18568821   -0.24796021    0.18568821    0.29907251    0.93598906    0.24796021   -0.93598906    0.24988038
    0.43436398    0.22537915    0.87208496    0.22537915    0.91019709   -0.34748453   -0.87208496    0.34748453    0.34456106
    0.38241145   -0.05981910   -0.92205377   -0.05981910    0.99420597   -0.08930934    0.92205377    0.08930934    0.37661742
    0.77057064   -0.29989001    0.56239387   -0.29989001    0.60800998    0.73511213   -0.56239387   -0.73511213    0.37858062
    0.98751822    0.09402472    0.12636106    0.09402472    0.29171574   -0.95187251   -0.12636106    0.95187251    0.27923396
    0.39813456    0.36778274   -0.84037178    0.36778274    0.77525849    0.51352714    0.84037178   -0.51352714    0.17339305
    0.52679607    0.03718703    0.84917785    0.03718703    0.99707763   -0.06673317   -0.84917785    0.06673317    0.52387371
    0.84238625   -0.29506244   -0.45091414   -0.29506244    0.44762531   -0.84413846    0.45091414    0.84413846    0.29001156
    0.99875366   -0.02903914    0.04059378   -0.02903914    0.32340171    0.94581608   -0.04059378   -0.94581608    0.32215537
    0.94664911    0.15773474    0.28102529    0.15773474    0.53364885   -0.83086621   -0.28102529    0.83086621    0.48029796
    0.58556164    0.03229108   -0.80998448    0.03229108    0.99748403    0.06311017    0.80998448   -0.06311017    0.58304567
    0.89847417   -0.09667186    0.42825076   -0.09667186    0.90795004    0.40777601   -0.42825076   -0.40777601    0.80642422
    0.92720082   -0.16437585   -0.33656978   -0.16437585    0.62884993   -0.75995286    0.33656978    0.75995286    0.55605075
    0.86734667    0.23914343   -0.43648616    0.23914343    0.56887942    0.78688413    0.43648616   -0.78688413    0.43622609
    0.75144657    0.03604534    0.65880861    0.03604534    0.99477269   -0.09554074   -0.65880861    0.09554074    0.74621926
    0.61925845   -0.14842885   -0.77103038   -0.14842885    0.94213628   -0.30057963    0.77103038    0.30057963    0.56139473
    0.99395790    0.03379056   -0.10443129    0.03379056    0.81102570    0.58403383    0.10443129   -0.58403383    0.80498360
    0.80503021    0.23413471    0.54507549    0.23413471    0.71883303   -0.65456857   -0.54507549    0.65456857    0.52386324
    0.78543833    0.05908227   -0.61611355    0.05908227    0.98373095    0.16965467    0.61611355   -0.16965467    0.76916928
    0.89831192   -0.02746593    0.43849895   -0.02746593    0.99258146    0.11843847   -0.43849895   -0.11843847    0.89089337
    0.83168369   -0.14796115   -0.53517262   -0.14796115    0.86993237   -0.47045209    0.53517262    0.47045209    0.70161606
    0.99328620    0.01748331   -0.11435407    0.01748331    0.95447197    0.29778784    0.11435407   -0.29778784    0.94775817
    0.90873737    0.04004617    0.41544277    0.04004617    0.98242768   -0.18229688   -0.41544277    0.18229688    0.89116505
    0.92099869    0.00854205   -0.38947201    0.00854205    0.99907639    0.04211181    0.38947201   -0.04211181    0.92007508
    0.98539094   -0.02059257    0.16905810   -0.02059257    0.97097323    0.23830010   -0.16905810   -0.23830010    0.95636417
    0.99521542   -0.01627259   -0.09634034   -0.01627259    0.94465606   -0.32765855    0.09634034    0.32765855    0.93987149
