# Rotation matrices: 23 entries, row-major flattening of 3x3 -> 1x9
# https://github.com/Neurophysics-CFIN/GFO
# Col:  1    2    3    4    5    6    7    8    9
#       R11  R12  R13  R21  R22  R23  R31  R32  R33
# where Rij = R(i,j), i = row index, j = column index

    0.64992839    0.13123559    0.74857886    0.13123559    0.95080213   -0.28062883   -0.74857886    0.28062883    0.60073052
    0.99265094   -0.00833622   -0.12072536   -0.00833622    0.99054401   -0.13694186    0.12072536    0.13694186    0.98319495
    0.96923261   -0.07969552    0.23288789   -0.07969552    0.79356794    0.60324005   -0.23288789   -0.60324005    0.76280055
    0.31604632    0.37432660    0.87177653    0.37432660    0.79513173   -0.47712171   -0.87177653    0.47712171    0.11117805
    0.78905973    0.01656161   -0.61409320    0.01656161    0.99869969    0.04821447    0.61409320   -0.04821447    0.78775942
    0.92692972   -0.02346516    0.37450057   -0.02346516    0.99246460    0.12026389   -0.37450057   -0.12026389    0.91939432
    0.99957589   -0.01260400   -0.02625223   -0.01260400    0.62542526   -0.78018228    0.02625223    0.78018228    0.62500115
    0.72715886    0.40806081   -0.55202027    0.40806081    0.38970486    0.82560069    0.55202027   -0.82560069    0.11686372
    0.31249529   -0.46020864   -0.83099621   -0.46020864    0.69194103   -0.55626038    0.83099621    0.55626038    0.00443632
    0.50534486   -0.18220605   -0.84346163   -0.18220605    0.93288446   -0.31068881    0.84346163    0.31068881    0.43822932
    0.81841722   -0.30521858   -0.48686227   -0.30521858    0.48696465   -0.81835630    0.48686227    0.81835630    0.30538188
    0.99077669    0.08857268    0.10254968    0.08857268    0.14942494   -0.98479798   -0.10254968    0.98479798    0.14020162
    0.37892581    0.14829913   -0.91346735    0.14829913    0.96458936    0.21811631    0.91346735   -0.21811631    0.34351517
    0.13603172   -0.06295240    0.98870236   -0.06295240    0.99541302    0.07204106   -0.98870236   -0.07204106    0.13144474
    0.74135926   -0.28188899    0.60903616   -0.28188899    0.69277306    0.66378015   -0.60903616   -0.66378015    0.43413232
    0.82465764    0.26071788    0.50196212    0.26071788    0.61233662   -0.74637125   -0.50196212    0.74637125    0.43699426
    0.98906432    0.07442619   -0.12732840    0.07442619    0.49346946    0.86657292    0.12732840   -0.86657292    0.48253378
    0.62141817   -0.10572344    0.77631309   -0.10572344    0.97047548    0.21679458   -0.77631309   -0.21679458    0.59189365
    0.88952162   -0.12175084   -0.44037259   -0.12175084    0.86582654   -0.48530520    0.44037259    0.48530520    0.75534816
    0.92897204   -0.23268560    0.28786864   -0.23268560    0.23772851    0.94304961   -0.28786864   -0.94304961    0.16670055
    0.95348959    0.06840411    0.29356172    0.06840411    0.89939624   -0.43174909   -0.29356172    0.43174909    0.85288583
    0.77560283    0.21407390   -0.59381193    0.21407390    0.79577445    0.56649395    0.59381193   -0.56649395    0.57137728
    0.97932378    0.04097656   -0.19810567    0.04097656    0.91879180    0.39260992    0.19810567   -0.39260992    0.89811558
