# Rotation matrices: 47 entries, row-major flattening of 3x3 -> 1x9
# https://github.com/Neurophysics-CFIN/GFO
# Col:  1    2    3    4    5    6    7    8    9
#       R11  R12  R13  R21  R22  R23  R31  R32  R33
# where Rij = R(i,j), i = row index, j = column index

    0.68019591   -0.67243346   -0.29183345   -0.67243346   -0.41388674   -0.61362123    0.29183345    0.61362123   -0.73369083
   -0.18336741   -0.37713856   -0.90782316   -0.37713856    0.87980614   -0.28932276    0.90782316    0.28932276   -0.30356127
    0.24934701    0.71390997   -0.65433831    0.71390997    0.32103455    0.62230971    0.65433831   -0.62230971   -0.42961845
    0.95879870    0.17462947    0.22407500    0.17462947    0.25984253   -0.94972965   -0.22407500    0.94972965    0.21864123
   -0.43901272   -0.16739965    0.88274866   -0.16739965    0.98052648    0.10268972   -0.88274866   -0.10268972   -0.45848624
   -0.01445130    0.99319878   -0.11553071    0.99319878    0.02760851    0.11311037    0.11553071   -0.11311037   -0.98684279
   -0.78330482   -0.56752900    0.25366197   -0.56752900    0.81938636    0.08072682   -0.25366197   -0.08072682   -0.96391845
    0.88411358    0.02032212    0.46682994    0.02032212    0.99643626   -0.08186441   -0.46682994    0.08186441    0.88054984
    0.99987488   -0.01069028    0.01165936   -0.01069028    0.08661433    0.99618456   -0.01165936   -0.99618456    0.08648921
    0.22246869    0.32820765    0.91803454    0.32820765    0.86145862   -0.38751617   -0.91803454    0.38751617    0.08392731
    0.74978339    0.00417426   -0.66167019    0.00417426    0.99993036    0.01103837    0.66167019   -0.01103837    0.74971375
    0.92506439   -0.24684238   -0.28866021   -0.24684238    0.18688648   -0.95086397    0.28866021    0.95086397    0.11195087
    0.95430124    0.16159922   -0.25138581    0.16159922    0.42855538    0.88894655    0.25138581   -0.88894655    0.38285663
   -0.32294215   -0.78661704    0.52625279   -0.78661704    0.53228010    0.31290817   -0.52625279   -0.31290817   -0.79066205
    0.25262358    0.02564562    0.96722470    0.02564562    0.99911999   -0.03318954   -0.96722470    0.03318954    0.25174357
    0.86559520   -0.26830403    0.42279769   -0.26830403    0.46440117    0.84400504   -0.42279769   -0.84400504    0.32999637
    0.64534451   -0.68540693    0.33726519   -0.68540693   -0.32461691    0.65179844   -0.33726519   -0.65179844   -0.67927240
    0.99156415    0.11909042   -0.05116639    0.11909042   -0.68122182    0.72232563    0.05116639   -0.72232563   -0.68965766
   -0.24619977    0.48076524   -0.84157617    0.48076524    0.81452796    0.32466751    0.84157617   -0.32466751   -0.43167181
    0.67181956   -0.73334176   -0.10425132   -0.73334176   -0.63870260   -0.23295675    0.10425132    0.23295675   -0.96688304
    0.98396190   -0.14987131    0.09673453   -0.14987131   -0.40050313    0.90395566   -0.09673453   -0.90395566   -0.41654123
   -0.42511018   -0.53447017   -0.73049501   -0.53447017    0.79955349   -0.27396324    0.73049501    0.27396324   -0.62555670
    0.12312848    0.04036978   -0.99156929    0.04036978    0.99814144    0.04565028    0.99156929   -0.04565028    0.12126992
   -0.24530573    0.40282465    0.88179215    0.40282465    0.86969650   -0.28523727   -0.88179215    0.28523727   -0.37560924
   -0.38240396    0.84518616    0.37340002    0.84518616    0.48326274   -0.22829255   -0.37340002    0.22829255   -0.89914122
    0.89542857   -0.07107111    0.43949581   -0.07107111    0.95169711    0.29869970   -0.43949581   -0.29869970    0.84712568
    0.82452212    0.13575872    0.54930214    0.13575872    0.89497007   -0.42496840   -0.54930214    0.42496840    0.71949219
    0.74318072    0.56807474   -0.35351594    0.56807474   -0.25656026    0.78196415    0.35351594   -0.78196415   -0.51337954
    0.45002784    0.39939287   -0.79872416    0.39939287    0.70995865    0.58003797    0.79872416   -0.58003797    0.15998650
    0.41858103    0.68504630    0.59623946    0.68504630    0.19285670   -0.70250827   -0.59623946    0.70250827   -0.38856227
    0.45519380    0.78549848    0.41927406    0.78549848   -0.13252724   -0.60450696   -0.41927406    0.60450696   -0.67733344
    0.62516157    0.74697681   -0.22627120    0.74697681   -0.48857297    0.45091251    0.22627120   -0.45091251   -0.86341140
    0.24293808   -0.59691222    0.76464167   -0.59691222    0.52935923    0.60288855   -0.76464167   -0.60288855   -0.22770268
   -0.29025535    0.67555063    0.67777812    0.67555063    0.64629587   -0.35487040   -0.67777812    0.35487040   -0.64395948
    0.18950516   -0.26673795   -0.94495432   -0.26673795    0.91221519   -0.31098924    0.94495432    0.31098924    0.10172036
    0.65964758    0.03193606    0.75089623    0.03193606    0.99700336   -0.07045834   -0.75089623    0.07045834    0.65665095
    0.90379224    0.41382774    0.10911551    0.41382774   -0.78003720   -0.46934909   -0.10911551    0.46934909   -0.87624496
    0.22774350   -0.56310165   -0.79438620   -0.56310165    0.58940654   -0.57923783    0.79438620    0.57923783   -0.18284997
    0.64835493   -0.48635130   -0.58574593   -0.48635130    0.32733996   -0.81013021    0.58574593    0.81013021   -0.02430511
    0.98742431   -0.03484646   -0.15420425   -0.03484646    0.90344262   -0.42729049    0.15420425    0.42729049    0.89086693
    0.75920912   -0.23679573    0.60624195   -0.23679573    0.76713313    0.59618331   -0.60624195   -0.59618331    0.52634225
    0.53651855    0.55300151   -0.63744582    0.55300151    0.34018789    0.76056658    0.63744582   -0.76056658   -0.12329356
    0.99767771    0.02738631   -0.06236323    0.02738631    0.67703823    0.73543812    0.06236323   -0.73543812    0.67471594
    0.60847009   -0.62651820    0.48707196   -0.62651820   -0.00254168    0.77940264   -0.48707196   -0.77940264   -0.39407159
    0.98967445   -0.07573193    0.12169293   -0.07573193    0.44455047    0.89254667   -0.12169293   -0.89254667    0.43422491
   -0.12863884   -0.67366993    0.72775056   -0.67366993    0.59789513    0.43438490   -0.72775056   -0.43438490   -0.53074371
    0.84310923    0.34500713   -0.41247656    0.34500713    0.24131983    0.90704731    0.41247656   -0.90704731    0.08442906
