# Rotation matrices: 61 entries, row-major flattening of 3x3 -> 1x9
# https://github.com/Neurophysics-CFIN/GFO
# Col:  1    2    3    4    5    6    7    8    9
#       R11  R12  R13  R21  R22  R23  R31  R32  R33
# where Rij = R(i,j), i = row index, j = column index

    0.99228581    0.00703817    0.12377130    0.00703817    0.99357862   -0.11292475   -0.12377130    0.11292475    0.98586443
    0.92267473   -0.07749238   -0.37771189   -0.07749238    0.92234015   -0.37852818    0.37771189    0.37852818    0.84501488
    0.98915173   -0.03467404    0.14274650   -0.03467404    0.88917229    0.45625689   -0.14274650   -0.45625689    0.87832402
    0.94369998    0.06836386    0.32366145    0.06836386    0.91698729   -0.39301488   -0.32366145    0.39301488    0.86068727
    0.93088232    0.03853985   -0.36328060    0.03853985    0.97851028    0.20256435    0.36328060   -0.20256435    0.90939260
    0.88025001   -0.12179630    0.45861267   -0.12179630    0.87612241    0.46644954   -0.45861267   -0.46644954    0.75637242
    0.98069136   -0.06945573   -0.18281234   -0.06945573    0.75015854   -0.65760023    0.18281234    0.65760023    0.73084990
    0.98399470    0.04733317   -0.17179641    0.04733317    0.86001959    0.50806091    0.17179641   -0.50806091    0.84401428
    0.72187768    0.07918210    0.68747568    0.07918210    0.97745666   -0.19572599   -0.68747568    0.19572599    0.69933434
    0.61644857   -0.02952700   -0.78684136   -0.02952700    0.99772692   -0.06057353    0.78684136    0.06057353    0.61417549
    0.97806096   -0.08052076    0.19212801   -0.08052076    0.70447243    0.70514892   -0.19212801   -0.70514892    0.68253339
    0.90965955    0.17431906    0.37700447    0.17431906    0.66363756   -0.72746000   -0.37700447    0.72746000    0.57329711
    0.74237317    0.08476848   -0.66460242    0.08476848    0.97210812    0.21867808    0.66460242   -0.21867808    0.71448130
    0.21757162    0.02426320    0.97574274    0.02426320    0.99924760   -0.03025790   -0.97574274    0.03025790    0.21681922
    0.85690647   -0.18233653   -0.48214592   -0.18233653    0.76765818   -0.61437310    0.48214592    0.61437310    0.62456465
    0.89975070    0.24926849   -0.35820929    0.24926849    0.38019736    0.89068243    0.35820929   -0.89068243    0.27994806
    0.76453944    0.32699869    0.55547394    0.32699869    0.54587663   -0.77142113   -0.55547394    0.77142113    0.31041607
    0.35596017   -0.10148690   -0.92897404   -0.10148690    0.98400784   -0.14638643    0.92897404    0.14638643    0.33996801
    0.82149695   -0.23365293    0.52014331   -0.23365293    0.69415821    0.68084557   -0.52014331   -0.68084557    0.51565516
    0.99920054    0.01951616    0.03489139    0.01951616    0.52358036   -0.85175274   -0.03489139    0.85175274    0.52278090
    0.66464835    0.23636942   -0.70878210    0.23636942    0.83339726    0.49957833    0.70878210   -0.49957833    0.49804561
    0.47594036    0.14296942    0.86777907    0.14296942    0.96099632   -0.23673998   -0.86777907    0.23673998    0.43693668
    0.27174270   -0.39959306   -0.87548917   -0.39959306    0.78074423   -0.48037884    0.87548917    0.48037884    0.05248693
    0.97246375   -0.15447554    0.17450378   -0.15447554    0.13340820    0.97894819   -0.17450378   -0.97894819    0.10587194
    0.77165870    0.41531565    0.48172166    0.41531565    0.24460845   -0.87617328   -0.48172166    0.87617328    0.01626715
    0.25540991    0.30385730    0.91784341    0.30385730    0.87599988   -0.37455967   -0.91784341    0.37455967    0.13140979
    0.55533920   -0.35705997    0.75107027   -0.35705997    0.71328298    0.60310494   -0.75107027   -0.60310494    0.26862218
    0.99481008   -0.06328302   -0.07967540   -0.06328302    0.22836207   -0.97151738    0.07967540    0.97151738    0.22317215
    0.66652871    0.36849497   -0.64803622    0.36849497    0.59280291    0.71609788    0.64803622   -0.71609788    0.25933162
    0.61095981    0.27836491    0.74110801    0.27836491    0.80082515   -0.53027546   -0.74110801    0.53027546    0.41178496
    0.35358240   -0.22449756    0.90806406   -0.22449756    0.92203314    0.31536604   -0.90806406   -0.31536604    0.27561554
    0.85614352   -0.32050293   -0.40533461   -0.32050293    0.28594023   -0.90305928    0.40533461    0.90305928    0.14208374
    0.99765480    0.03791034   -0.05698873    0.03791034    0.38717755    0.92122546    0.05698873   -0.92122546    0.38483235
    0.46355914    0.46251819    0.75577103    0.46251819    0.60121778   -0.65162421   -0.75577103    0.65162421    0.06477692
    0.05744381   -0.17240937   -0.98334898   -0.17240937    0.96846343   -0.17987106    0.98334898    0.17987106    0.02590724
    0.55483174   -0.48058581   -0.67911635   -0.48058581    0.48117882   -0.73314679    0.67911635    0.73314679    0.03601056
    0.97957502    0.13890141   -0.14539321    0.13890141    0.05539206    0.98875584    0.14539321   -0.98875584    0.03496708
    0.37292808    0.33252279   -0.86622932    0.33252279    0.82367029    0.45934283    0.86622932   -0.45934283    0.19659837
    0.14048741    0.12732999   -0.98186066    0.12732999    0.98113707    0.14545488    0.98186066   -0.14545488    0.12162448
    0.70918183   -0.32304840   -0.62665849   -0.32304840    0.64114943   -0.69610857    0.62665849    0.69610857    0.35033126
    0.95296179   -0.15883477    0.25813821   -0.15883477    0.46365972    0.87166001   -0.25813821   -0.87166001    0.41662152
    0.95021063    0.18147318    0.25331254    0.18147318    0.33856336   -0.92327804   -0.25331254    0.92327804    0.28877399
    0.45668839    0.12711972   -0.88049775    0.12711972    0.97025754    0.20601185    0.88049775   -0.20601185    0.42694593
    0.65914575   -0.19221700    0.72703473   -0.19221700    0.89160359    0.40999471   -0.72703473   -0.40999471    0.55074934
    0.93631076   -0.17650529   -0.30359191   -0.17650529    0.51084174   -0.84135997    0.30359191    0.84135997    0.44715250
    0.88545596    0.19708706   -0.42086154    0.19708706    0.66088756    0.72414386    0.42086154   -0.72414386    0.54634351
    0.81185081    0.16322114    0.56058641    0.16322114    0.85840417   -0.48631382   -0.56058641    0.48631382    0.67025498
    0.50784235   -0.26649255   -0.81919343   -0.26649255    0.85570014   -0.44357523    0.81919343    0.44357523    0.36354249
    0.79670301   -0.34811859    0.49404226   -0.34811859    0.40389401    0.84598054   -0.49404226   -0.84598054    0.20059702
    0.98952682    0.04882307    0.13584174    0.04882307    0.77240035   -0.63325667   -0.13584174    0.63325667    0.76192717
    0.87106072    0.12936651   -0.47383281    0.12936651    0.87020485    0.47540280    0.47383281   -0.47540280    0.74126557
    0.53544319   -0.04859299    0.84317217   -0.04859299    0.99491714    0.08819644   -0.84317217   -0.08819644    0.53036033
    0.71778248   -0.15023908   -0.67986509   -0.15023908    0.92001992   -0.36192758    0.67986509    0.36192758    0.63780239
    0.99116538    0.05512822   -0.12063195    0.05512822    0.65599873    0.75274601    0.12063195   -0.75274601    0.64716411
    0.89375543    0.02348983    0.44793913    0.02348983    0.99480659   -0.09903576   -0.44793913    0.09903576    0.88856202
    0.84426869   -0.02656147   -0.53526149   -0.02656147    0.99546969   -0.09129399    0.53526149    0.09129399    0.83973838
    0.94982420   -0.03037076    0.31130630   -0.03037076    0.98161698    0.18842965   -0.31130630   -0.18842965    0.93144117
    0.99920168   -0.00794355   -0.03915222   -0.00794355    0.92095871   -0.38957920    0.03915222    0.38957920    0.92016039
    0.99904827    0.00420151   -0.04341540    0.00420151    0.98145192    0.19166239    0.04341540   -0.19166239    0.98050019
    0.77845039   -0.05734591    0.62508115   -0.05734591    0.98515658    0.16179604   -0.62508115   -0.16179604    0.76360697
    0.97570579   -0.01135439   -0.21879053   -0.01135439    0.99469330   -0.10225615    0.21879053    0.10225615    0.97039909
