# Rotation matrices: 23 entries, row-major flattening of 3x3 -> 1x9
# https://github.com/Neurophysics-CFIN/GFO
# Col:  1    2    3    4    5    6    7    8    9
#       R11  R12  R13  R21  R22  R23  R31  R32  R33
# where Rij = R(i,j), i = row index, j = column index

    0.98270013   -0.09134149    0.16111235   -0.09134149    0.51772658    0.85065617   -0.16111235   -0.85065617    0.50042671
    0.60496837   -0.01625152    0.79608364   -0.01625152    0.99933142    0.03275071   -0.79608364   -0.03275071    0.60429979
    0.96267709    0.23231351   -0.13886413    0.23231351   -0.44601726    0.86434891    0.13886413   -0.86434891   -0.48334017
   -0.78448090   -0.56422509    0.25737087   -0.56422509    0.82160080    0.08137667   -0.25737087   -0.08137667   -0.96288009
    0.29818759    0.23175493    0.92594482    0.23175493    0.92346908   -0.30576871   -0.92594482    0.30576871    0.22165667
    0.26845529    0.74893314   -0.60583075    0.74893314    0.23326511    0.62023103    0.60583075   -0.62023103   -0.49827960
    0.06092408   -0.84598147   -0.52972031   -0.84598147    0.23788414   -0.47720696    0.52972031    0.47720696   -0.70119178
   -0.33095257    0.74408813    0.58034752    0.74408813    0.58400685   -0.32445161   -0.58034752    0.32445161   -0.74694572
    0.99952039    0.00820795    0.02985985    0.00820795    0.85952960   -0.51102005   -0.02985985    0.51102005    0.85905000
   -0.08429243   -0.38753223   -0.91799431   -0.38753223    0.86149380   -0.32809634    0.91799431    0.32809634   -0.22279864
    0.47493624    0.29669347   -0.82849777    0.29669347    0.83234985    0.46815244    0.82849777   -0.46815244    0.30728609
    0.22716325   -0.02364552   -0.97356959   -0.02364552    0.99927655   -0.02978709    0.97356959    0.02978709    0.22643979
   -0.38785976   -0.89504774   -0.22012347   -0.89504774    0.42277276   -0.14196032    0.22012347    0.14196032   -0.96508700
   -0.37616109    0.79687186   -0.47275583    0.79687186    0.53856801    0.27375125    0.47275583   -0.27375125   -0.83759309
    0.99285832    0.08158838   -0.08703843    0.08158838    0.06791321    0.99434960    0.08703843   -0.99434960    0.06077153
    0.64206392    0.49344736   -0.58673983    0.49344736    0.31973805    0.80887408    0.58673983   -0.80887408   -0.03819803
    0.50898500   -0.34846236   -0.78708847   -0.34846236    0.75270406   -0.55857907    0.78708847    0.55857907    0.26168906
    0.68414408   -0.07552874   -0.72542559   -0.07552874    0.98193927   -0.17346668    0.72542559    0.17346668    0.66608335
    0.84214636   -0.40837468    0.35216420   -0.40837468   -0.05648424    0.91106512   -0.35216420   -0.91106512   -0.21433788
    0.69835712    0.59607353    0.39622427    0.59607353   -0.17789506   -0.78297490   -0.39622427    0.78297490   -0.47953794
    0.95167435    0.29515367    0.08485422    0.29515367   -0.80268022   -0.51825551   -0.08485422    0.51825551   -0.85100587
    0.89608454   -0.15450275   -0.41612666   -0.15450275    0.77028346   -0.61870210    0.41612666    0.61870210    0.66636800
    0.53482421   -0.59463990   -0.60030529   -0.59463990    0.23986453   -0.76737761    0.60030529    0.76737761   -0.22531126
