# Rotation matrices: 96 entries, row-major flattening of 3x3 -> 1x9
# https://github.com/Neurophysics-CFIN/GFO
# Col:  1    2    3    4    5    6    7    8    9
#       R11  R12  R13  R21  R22  R23  R31  R32  R33
# where Rij = R(i,j), i = row index, j = column index

    0.98379903   -0.01909361    0.17825516   -0.01909361    0.97749729    0.21008210   -0.17825516   -0.21008210    0.96129632
    0.96689309    0.00640438    0.25510141    0.00640438    0.99876110   -0.04934818   -0.25510141    0.04934818    0.96565420
    0.98740444   -0.03633291    0.15398831   -0.03633291    0.89519485    0.44419152   -0.15398831   -0.44419152    0.88259928
    0.93796130    0.06031560    0.34145371    0.06031560    0.94135965   -0.33196994   -0.34145371    0.33196994    0.87932094
    0.86070354   -0.00870946   -0.50903198   -0.00870946    0.99945544   -0.03182704    0.50903198    0.03182704    0.86015899
    0.77267972   -0.04658031    0.63308477   -0.04658031    0.99045521    0.12972571   -0.63308477   -0.12972571    0.76313492
    0.99745336   -0.02620465   -0.06633339   -0.02620465    0.73035739   -0.68256238    0.06633339    0.68256238    0.72781074
    0.91613682    0.09730457   -0.38887677    0.09730457    0.88709969    0.45120502    0.38887677   -0.45120502    0.80323651
    0.83479431    0.11940472    0.53745789    0.11940472    0.91369857   -0.38845520   -0.53745789    0.38845520    0.74849287
    0.91660180   -0.05836734   -0.39551789   -0.05836734    0.95915085   -0.27680843    0.39551789    0.27680843    0.87575264
    0.99954952   -0.01034078    0.02817484   -0.01034078    0.76262619    0.64675681   -0.02817484   -0.64675681    0.76217571
    0.99913078   -0.01027927   -0.04039818   -0.01027927    0.87843819   -0.47774541    0.04039818    0.47774541    0.87756898
    0.78575003    0.16077644   -0.59728370    0.16077644    0.87935091    0.44821080    0.59728370   -0.44821080    0.66510094
    0.59865102   -0.02772235    0.80053009   -0.02772235    0.99808514    0.05529495   -0.80053009   -0.05529495    0.59673616
    0.79532699   -0.10497643   -0.59702172   -0.10497643    0.94615777   -0.30621139    0.59702172    0.30621139    0.74148476
    0.96083129    0.17214863   -0.21718214    0.17214863    0.24339732    0.95452742    0.21718214   -0.95452742    0.20422860
    0.75815730    0.24876786    0.60275373    0.24876786    0.74410868   -0.62001357   -0.60275373    0.62001357    0.50226599
    0.49916597   -0.01240465   -0.86641760   -0.01240465    0.99969276   -0.02145942    0.86641760    0.02145942    0.49885873
    0.90248494   -0.09548534    0.42000414   -0.09548534    0.90650213    0.41126201   -0.42000414   -0.41126201    0.80898707
    0.97871436    0.05968327    0.19635709    0.05968327    0.83265277   -0.55056995   -0.19635709    0.55056995    0.81136713
    0.86574073    0.19445828   -0.46117130    0.19445828    0.71835077    0.66795071    0.46117130   -0.66795071    0.58409149
    0.39949811   -0.08467058    0.91281551   -0.08467058    0.98806147    0.12870671   -0.91281551   -0.12870671    0.38755958
    0.68635555   -0.24483164   -0.68481641   -0.24483164    0.80888381   -0.53456941    0.68481641    0.53456941    0.49523936
    0.89223985   -0.21393652    0.39766720   -0.21393652    0.57527120    0.78948984   -0.39766720   -0.78948984    0.46751106
    0.91090338    0.19392915    0.36420670    0.19392915    0.57789068   -0.79273820   -0.36420670    0.79273820    0.48879406
    0.63801987    0.09390367   -0.76427269    0.09390367    0.97563982    0.19826506    0.76427269   -0.19826506    0.61365969
    0.66064114   -0.27746558    0.69754293   -0.27746558    0.77313942    0.57032297   -0.69754293   -0.57032297    0.43378055
    0.93727924   -0.19106448   -0.29155101   -0.19106448    0.41796567   -0.88814360    0.29155101    0.88814360    0.35524491
    0.93211448    0.18227099   -0.31295348    0.18227099    0.51060679    0.84027257    0.31295348   -0.84027257    0.44272127
    0.22830391    0.26012693    0.93819577    0.26012693    0.91231520   -0.31625142   -0.93819577    0.31625142    0.14061910
    0.45953798   -0.30160494   -0.83537974   -0.30160494    0.83168930   -0.46618383    0.83537974    0.46618383    0.29122728
    0.85641276   -0.32178823    0.40374437   -0.32178823    0.27885190    0.90481708   -0.40374437   -0.90481708    0.13526466
    0.98712166    0.08780166    0.13372243    0.08780166    0.40138757   -0.91169013   -0.13372243    0.91169013    0.38850924
    0.61227995    0.22842801   -0.75692398    0.22842801    0.86542002    0.44594712    0.75692398   -0.44594712    0.47769997
    0.28890738    0.07322244    0.95455278    0.07322244    0.99246016   -0.09829195   -0.95455278    0.09829195    0.28136754
    0.66191670   -0.36143988   -0.65667914   -0.36143988    0.61358995   -0.70204600    0.65667914    0.70204600    0.27550665
    0.99402102    0.04991121   -0.09711378    0.04991121    0.58335233    0.81068424    0.09711378   -0.81068424    0.57737335
    0.77394425    0.32699580    0.54229516    0.32699580    0.52699166   -0.78444473   -0.54229516    0.78444473    0.30093592
    0.42239460    0.16126307   -0.89195125    0.16126307    0.95497657    0.24902606    0.89195125   -0.24902606    0.37737117
    0.37479495   -0.27625526    0.88499253   -0.27625526    0.87793290    0.39104585   -0.88499253   -0.39104585    0.25272785
    0.99687949   -0.04914084   -0.06177755   -0.04914084    0.22614572   -0.97285317    0.06177755    0.97285317    0.22302521
    0.81747257    0.32097797   -0.47823816    0.32097797    0.43555412    0.84099094    0.47823816   -0.84099094    0.25302669
    0.02035723    0.06823991    0.99746123    0.06823991    0.99524655   -0.06948110   -0.99746123    0.06948110    0.01560378
    0.50036426   -0.39603758    0.76992847   -0.39603758    0.68607977    0.61028582   -0.76992847   -0.61028582    0.18644403
    0.93780059   -0.23316681   -0.25722228   -0.23316681    0.12592809   -0.96424860    0.25722228    0.96424860    0.06372868
    0.63879961    0.45833624    0.61795060    0.45833624    0.41840564   -0.78413303   -0.61795060    0.78413303    0.05720525
    0.31201795    0.44531498    0.83924929    0.44531498    0.71175784   -0.54322679   -0.83924929    0.54322679    0.02377579
    0.17940695   -0.36465013   -0.91369767   -0.36465013    0.83795901   -0.40602339    0.91369767    0.40602339    0.01736595
    0.80716722   -0.35051049   -0.47499840   -0.35051049    0.36288009   -0.86340051    0.47499840    0.86340051    0.17004731
    0.83708157    0.36603411   -0.40658760    0.36603411    0.17761934    0.91349352    0.40658760   -0.91349352    0.01470091
    0.59075712    0.41991757   -0.68896681    0.41991757    0.56912930    0.70693782    0.68896681   -0.70693782    0.15988642
    0.14323884   -0.15906463   -0.97682193   -0.15906463    0.97046837   -0.18135488    0.97682193    0.18135488    0.11370721
    0.62924641   -0.47209752    0.61739200   -0.47209752    0.39885662    0.78615350   -0.61739200   -0.78615350    0.02810303
    0.99608591   -0.05902992    0.06579001   -0.05902992    0.10974638    0.99220522   -0.06579001   -0.99220522    0.10583229
    0.55867505    0.37114766    0.74170857    0.37114766    0.68787038   -0.62376578   -0.74170857    0.62376578    0.24654543
    0.25774955    0.02831341   -0.96579683    0.02831341    0.99891998    0.03684066    0.96579683   -0.03684066    0.25666952
    0.74824276   -0.33693353    0.57149678   -0.33693353    0.54907274    0.76484961   -0.57149678   -0.76484961    0.29731550
    0.98184442    0.12982006    0.13830506    0.12982006    0.07173188   -0.98893948   -0.13830506    0.98893948    0.05357630
    0.44258668    0.33821271   -0.83049936    0.33821271    0.79478811    0.50390874    0.83049936   -0.50390874    0.23737479
    0.51855028    0.10749471    0.84826322    0.10749471    0.97599934   -0.18939424   -0.84826322    0.18939424    0.49454962
    0.42583643   -0.44839997   -0.78587582   -0.44839997    0.64981663   -0.61373920    0.78587582    0.61373920    0.07565306
    0.95930619   -0.16232547    0.23104560   -0.16232547    0.35249216    0.92162884   -0.23104560   -0.92162884    0.31179836
    0.91372773    0.24304938    0.32562039    0.24304938    0.31527247   -0.91734959   -0.32562039    0.91734959    0.22900020
    0.19851277    0.25233705   -0.94705791    0.25233705    0.92055521    0.29816795    0.94705791   -0.29816795    0.11906798
    0.16742779   -0.14343974    0.97539375   -0.14343974    0.97528748    0.16804576   -0.97539375   -0.16804576    0.14271526
    0.83538387   -0.24856671   -0.49025338   -0.24856671    0.62466975   -0.74027177    0.49025338    0.74027177    0.46005362
    0.99963948    0.01512868   -0.02218170    0.01512868    0.36514292    0.93082854    0.02218170   -0.93082854    0.36478240
    0.47584044    0.26124436    0.83983764    0.26124436    0.86979420   -0.41858026   -0.83983764    0.41858026    0.34563464
    0.38874029   -0.15852601   -0.90760701   -0.15852601    0.95888737   -0.23538165    0.90760701    0.23538165    0.34762766
    0.83291030   -0.19501283    0.51790967   -0.19501283    0.77239767    0.60445995   -0.51790967   -0.60445995    0.60530797
    0.99520490   -0.04854517   -0.08491508   -0.04854517    0.50853281   -0.85967305    0.08491508    0.85967305    0.50373771
    0.72154981    0.29647683   -0.62567353    0.29647683    0.68432950    0.66617912    0.62567353   -0.66617912    0.40587931
    0.57226949   -0.17769708    0.80058190   -0.17769708    0.92617722    0.33259509   -0.80058190   -0.33259509    0.49844671
    0.84883936   -0.16297373   -0.50290288   -0.16297373    0.82429000   -0.54220436    0.50290288    0.54220436    0.67312936
    0.98284048   -0.08448545    0.16397195   -0.08448545    0.58403319    0.80732115   -0.16397195   -0.80732115    0.56687367
    0.90086533    0.14685866    0.40850237    0.14685866    0.78244275   -0.60515773   -0.40850237    0.60515773    0.68330808
    0.81305998    0.06769896   -0.57823034    0.06769896    0.97548331    0.20940189    0.57823034   -0.20940189    0.78854329
    0.75809330   -0.14168735    0.63656833   -0.14168735    0.91701220    0.37284491   -0.63656833   -0.37284491    0.67510549
    0.94679043   -0.13209198   -0.29349548   -0.13209198    0.67208362   -0.72859819    0.29349548    0.72859819    0.61887404
    0.96507422    0.09302963   -0.24490252    0.09302963    0.75220275    0.65233159    0.24490252   -0.65233159    0.71727697
    0.67595457    0.18324453    0.71379749    0.18324453    0.89637700   -0.40364553   -0.71379749    0.40364553    0.57233157
    0.61707218   -0.14699992   -0.77305430   -0.14699992    0.94356906   -0.29676330    0.77305430    0.29676330    0.56064124
    0.95174615   -0.10517089    0.28830253   -0.10517089    0.77077650    0.62836508   -0.28830253   -0.62836508    0.72252265
    0.98550318    0.07152379    0.15384352    0.07152379    0.64711895   -0.75902662   -0.15384352    0.75902662    0.63262213
    0.93878598    0.04066053   -0.34209297    0.04066053    0.97299183    0.22723031    0.34209297   -0.22723031    0.91177782
    0.72998119    0.06193678    0.68065505    0.06193678    0.98579297   -0.15612832   -0.68065505    0.15612832    0.71577416
    0.98739775   -0.02043891   -0.15693291   -0.02043891    0.96685123   -0.25452102    0.15693291    0.25452102    0.95424898
    0.99118384    0.03158374   -0.12867426    0.03158374    0.88685183    0.46097320    0.12867426   -0.46097320    0.87803567
    0.99386128    0.01519317    0.10958522    0.01519317    0.96239732   -0.27122052   -0.10958522    0.27122052    0.95625860
    0.70538212   -0.02487192   -0.70839075   -0.02487192    0.99790029   -0.05980302    0.70839075    0.05980302    0.70328241
    0.90620390   -0.03858972    0.42107638   -0.03858972    0.98412336    0.17323983   -0.42107638   -0.17323983    0.89032727
    0.95317555   -0.08214337   -0.29104782   -0.08214337    0.85589723   -0.51058046    0.29104782    0.51058046    0.80907278
    0.99647102    0.00968330   -0.08337709    0.00968330    0.97342965    0.22878144    0.08337709   -0.22878144    0.96990067
    0.87248258    0.02576640    0.48796540    0.02576640    0.99479359   -0.09859918   -0.48796540    0.09859918    0.86727618
    0.96258056   -0.00190667   -0.27098897   -0.00190667    0.99990285   -0.01380799    0.27098897    0.01380799    0.96248341
    0.99997357   -0.00006887   -0.00726971   -0.00006887    0.99982051   -0.01894601    0.00726971    0.01894601    0.99979408
