# Rotation matrices: 35 entries, row-major flattening of 3x3 -> 1x9
# https://github.com/Neurophysics-CFIN/GFO
# Col:  1    2    3    4    5    6    7    8    9
#       R11  R12  R13  R21  R22  R23  R31  R32  R33
# where Rij = R(i,j), i = row index, j = column index

    0.58675157    0.00209441   -0.80976429    0.00209441    0.99998939    0.00410402    0.80976429   -0.00410402    0.58674096
   -0.88562198    0.21818901   -0.40996007    0.21818901    0.97475292    0.04743728    0.40996007   -0.04743728   -0.91086906
    0.99975264   -0.00339461   -0.02198054   -0.00339461    0.95341544   -0.30164129    0.02198054    0.30164129    0.95316808
    0.98413639   -0.14788216    0.09801243   -0.14788216   -0.37857213    0.91368157   -0.09801243   -0.91368157   -0.39443574
   -0.14882731   -0.72195417    0.67574596   -0.72195417    0.54630446    0.42465705   -0.67574596   -0.42465705   -0.60252285
    0.67370789   -0.29846066    0.67604653   -0.29846066    0.72699687    0.61838239   -0.67604653   -0.61838239    0.40070476
    0.97826998    0.05775045   -0.19912996    0.05775045    0.84652042    0.52921457    0.19912996   -0.52921457    0.82479040
    0.37313848   -0.53317382    0.75927159   -0.53317382    0.54651177    0.64579452   -0.75927159   -0.64579452   -0.08034975
    0.54353566    0.46847861   -0.69648889    0.46847861    0.51919090    0.71482068    0.69648889   -0.71482068    0.06272656
    0.98314343   -0.02716679    0.18080640   -0.02716679    0.95621680    0.29139561   -0.18080640   -0.29139561    0.93936023
   -0.10671118    0.56077699    0.82106144    0.56077699    0.71585104   -0.41603661   -0.82106144    0.41603661   -0.39086014
    0.90076089    0.39146964   -0.18809927    0.39146964   -0.54423476    0.74199734    0.18809927   -0.74199734   -0.64347387
    0.97362564   -0.08323383    0.21242701   -0.08323383    0.73732551    0.67039035   -0.21242701   -0.67039035    0.71095116
    0.88458784    0.27788065   -0.37454866    0.27788065    0.33094004    0.90180987    0.37454866   -0.90180987    0.21552788
    0.92421223    0.08857746    0.37146437    0.08857746    0.89647450   -0.43415148   -0.37146437    0.43415148    0.82068673
    0.58331511   -0.08160435    0.80813626   -0.08160435    0.98401845    0.15826691   -0.80813626   -0.15826691    0.56733356
    0.56148308   -0.66012410    0.49897186   -0.66012410    0.00627819    0.75113032   -0.49897186   -0.75113032   -0.43223873
    0.41193238    0.75194986    0.51466798    0.75194986    0.03849732   -0.65809526   -0.51466798    0.65809526   -0.54957029
    0.99383607    0.05521952   -0.09612843    0.05521952    0.50531651    0.86116550    0.09612843   -0.86116550    0.49915258
    0.96938043   -0.08085609   -0.23187037   -0.08085609    0.78648598   -0.61229250    0.23187037    0.61229250    0.75586641
   -0.43401228    0.70231055    0.56426344    0.70231055    0.65604192   -0.27634921   -0.56426344    0.27634921   -0.77797036
    0.91116756    0.24752696    0.32939957    0.24752696    0.31027903   -0.91785474   -0.32939957    0.91785474    0.22144659
    0.83035034   -0.11727864    0.54476053   -0.11727864    0.91892539    0.37659241   -0.54476053   -0.37659241    0.74927573
    0.00810068   -0.37730012   -0.92605561   -0.37730012    0.85648203   -0.35225439    0.92605561    0.35225439   -0.13541729
    0.80071516   -0.40706612    0.43949107   -0.40706612    0.16851264    0.89771970   -0.43949107   -0.89771970   -0.03077220
   -0.48255849    0.85650529    0.18312834    0.85650529    0.50517884   -0.10579710   -0.18312834    0.10579710   -0.97737965
   -0.25809011    0.05671689   -0.96445461    0.05671689    0.99744310    0.04347929    0.96445461   -0.04347929   -0.26064700
    0.75686858    0.27270320    0.59395532    0.27270320    0.69412825   -0.66619737   -0.59395532    0.66619737    0.45099682
   -0.18139278   -0.33816521    0.92343974   -0.33816521    0.90320263    0.26432800   -0.92343974   -0.26432800   -0.27819015
    0.67231800    0.12247542    0.73006046    0.12247542    0.95422321   -0.27286962   -0.73006046    0.27286962    0.62654121
   -0.59358302   -0.66330743    0.45572191   -0.66330743    0.72390723    0.18968810   -0.45572191   -0.18968810   -0.86967578
    0.16079331    0.14086286   -0.97688442    0.14086286    0.97635583    0.16397240    0.97688442   -0.16397240    0.13714914
    0.91746120   -0.21351678    0.33567176   -0.21351678    0.44766080    0.86833772   -0.33567176   -0.86833772    0.36512200
    0.38115175    0.32420448    0.86580298    0.32420448    0.83015457   -0.45358003   -0.86580298    0.45358003    0.21130632
    0.99892060   -0.03344749   -0.03223190   -0.03344749   -0.03644374   -0.99877581    0.03223190    0.99877581   -0.03752314
