# Rotation matrices: 56 entries, row-major flattening of 3x3 -> 1x9
# https://github.com/Neurophysics-CFIN/GFO
# Col:  1    2    3    4    5    6    7    8    9
#       R11  R12  R13  R21  R22  R23  R31  R32  R33
# where Rij = R(i,j), i = row index, j = column index

    0.99508883   -0.00124392   -0.09897814   -0.00124392    0.99968494   -0.02506947    0.09897814    0.02506947    0.99477377
    0.97600977   -0.03657046   -0.21463348   -0.03657046    0.94425238   -0.32718504    0.21463348    0.32718504    0.92026215
    0.93275329   -0.05388070    0.35646622   -0.05388070    0.95682867    0.28561473   -0.35646622   -0.28561473    0.88958196
    0.88522402    0.15656818    0.43802379    0.15656818    0.78642226   -0.59751689   -0.43802379    0.59751689    0.67164628
    0.88988891   -0.01778161   -0.45583061   -0.01778161    0.99712849   -0.07361112    0.45583061    0.07361112    0.88701740
    0.74888221   -0.10797200    0.65384821   -0.10797200    0.95357575    0.28113222   -0.65384821   -0.28113222    0.70245797
    0.85365985   -0.11973153   -0.50688186   -0.11973153    0.90203893   -0.41471694    0.50688186    0.41471694    0.75569877
    0.97832355    0.07490864   -0.19305888    0.07490864    0.74113362    0.66716539    0.19305888   -0.66716539    0.71945717
    0.90546546    0.07227140    0.41822141    0.07227140    0.94474871   -0.31972912   -0.41822141    0.31972912    0.85021417
    0.65899810   -0.25172582   -0.70877049   -0.25172582    0.81417731   -0.52321069    0.70877049    0.52321069    0.47317541
    0.83867314   -0.26873001    0.47372095   -0.26873001    0.55236331    0.78910009   -0.47372095   -0.78910009    0.39103645
    0.98754154    0.06562709    0.14302026    0.06562709    0.65429798   -0.75338386   -0.14302026    0.75338386    0.64183951
    0.87052477    0.13133518   -0.47427597    0.13133518    0.86677814    0.48108910    0.47427597   -0.48108910    0.73730291
    0.44268310   -0.19180572    0.87592365   -0.19180572    0.93398831    0.30145715   -0.87592365   -0.30145715    0.37667141
    0.89184307   -0.17763240   -0.41600802   -0.17763240    0.70826402   -0.68323408    0.41600802    0.68323408    0.60010708
    0.98460224   -0.07974805    0.15555922   -0.07974805    0.58696898    0.80567218   -0.15555922   -0.80567218    0.57157123
    0.71984828    0.13615691    0.68064657    0.13615691    0.93382620   -0.33080195   -0.68064657    0.33080195    0.65367447
    0.15159377   -0.03211059   -0.98792117   -0.03211059    0.99878467   -0.03739097    0.98792117    0.03739097    0.15037844
    0.49907165   -0.40393121    0.76665968   -0.40393121    0.67428391    0.61820772   -0.76665968   -0.61820772    0.17335555
    0.98050499   -0.09866579   -0.16992653   -0.09866579    0.50064463   -0.86001164    0.16992653    0.86001164    0.48114962
    0.86813765    0.29167574   -0.40157475    0.29167574    0.35482160    0.88827186    0.40157475   -0.88827186    0.22295926
    0.11162788    0.22150533    0.96874899    0.22150533    0.94477020   -0.24154638   -0.96874899    0.24154638    0.05639809
    0.39948553   -0.19045494   -0.89673755   -0.19045494    0.93959665   -0.28440296    0.89673755    0.28440296    0.33908219
    0.94622026   -0.20861796   -0.24727670   -0.20861796    0.19074632   -0.95921551    0.24727670    0.95921551    0.13696658
    0.63898462    0.45653300    0.61909310    0.45653300    0.42267727   -0.78289306   -0.61909310    0.78289306    0.06166189
    0.48213706    0.04558618   -0.87490900    0.04558618    0.99598716    0.07701605    0.87490900   -0.07701605    0.47812422
    0.13748888   -0.30839486    0.94127011   -0.30839486    0.88973198    0.33655550   -0.94127011   -0.33655550    0.02722087
    0.99828406    0.04005045   -0.04271881    0.04005045    0.06521288    0.99706732    0.04271881   -0.99706732    0.06349694
    0.89866292    0.28570195    0.33283533    0.28570195    0.19451397   -0.93837024   -0.33283533    0.93837024    0.09317689
    0.34762250    0.24188167   -0.90589837    0.24188167    0.91031766    0.33587948    0.90589837   -0.33587948    0.25794016
    0.56819922    0.00049591    0.82289088    0.00049591    0.99999943   -0.00094506   -0.82289088    0.00094506    0.56819865
    0.79179913   -0.32241644   -0.51875021   -0.32241644    0.50071121   -0.80332803    0.51875021    0.80332803    0.29251034
    0.98872578    0.08011461   -0.12650288    0.08011461    0.43070545    0.89892962    0.12650288   -0.89892962    0.41943123
    0.33794862    0.42357087    0.84046323    0.42357087    0.72900550   -0.53771619   -0.84046323    0.53771619    0.06695412
    0.23657951   -0.02089422    0.97138744   -0.02089422    0.99942814    0.02658611   -0.97138744   -0.02658611    0.23600765
    0.72723064   -0.42958859    0.53534030   -0.42958859    0.32343443    0.84311554   -0.53534030   -0.84311554    0.05066507
    0.99481311    0.05988511    0.08222319    0.05988511    0.30859815   -0.94930551   -0.08222319    0.94930551    0.30341126
    0.59744521    0.37165366   -0.71058622    0.37165366    0.65687542    0.65603982    0.71058622   -0.65603982    0.25432063
    0.82544224    0.00575361    0.56445726    0.00575361    0.99981035   -0.01860512   -0.56445726    0.01860512    0.82525260
    0.47303336   -0.40839485   -0.78067476   -0.40839485    0.68349732   -0.60501658    0.78067476    0.60501658    0.15653068
    0.96082123   -0.16732688    0.22096216   -0.16732688    0.28537099    0.94369758   -0.22096216   -0.94369758    0.24619222
    0.65619310    0.30251380    0.69130024    0.30251380    0.73381977   -0.60827128   -0.69130024    0.60827128    0.39001286
    0.64738839    0.20875928   -0.73301285    0.20875928    0.87640669    0.43397105    0.73301285   -0.43397105    0.52379508
    0.69001024   -0.24917260    0.67955786   -0.24917260    0.79971279    0.54623482   -0.67955786   -0.54623482    0.48972303
    0.99150638   -0.04262512   -0.12287471   -0.04262512    0.78608637   -0.61664521    0.12287471    0.61664521    0.77759275
    0.85512675    0.22582906   -0.46664706    0.22582906    0.64797666    0.72741150    0.46664706   -0.72741150    0.50310341
    0.45212337    0.19291183    0.87084412    0.19291183    0.93207417   -0.30663132   -0.87084412    0.30663132    0.38419754
    0.75959481    0.06073835   -0.64755430    0.06073835    0.98465446    0.16360455    0.64755430   -0.16360455    0.74424927
    0.89859492   -0.14240123    0.41502898   -0.14240123    0.80002866    0.58281732   -0.41502898   -0.58281732    0.69862358
    0.87913818    0.23903590    0.41228376    0.23903590    0.52724392   -0.81539910   -0.41228376    0.81539910    0.40638210
    0.94992112    0.04288584   -0.30953299    0.04288584    0.96327404    0.26507343    0.30953299   -0.26507343    0.91319516
    0.97306695    0.00536366    0.23046028    0.00536366    0.99893184   -0.04589571   -0.23046028    0.04589571    0.97199879
    0.67552031   -0.08182499   -0.73278714   -0.08182499    0.97936595   -0.18478906    0.73278714    0.18478906    0.65488626
    0.99497817   -0.03013592    0.09544768   -0.03013592    0.81915463    0.57278052   -0.09544768   -0.57278052    0.81413280
    0.99257472    0.02534290    0.11896708    0.02534290    0.91350325   -0.40604131   -0.11896708    0.40604131    0.90607797
    0.99983571   -0.00270895    0.01792264   -0.00270895    0.95533337    0.29551787   -0.01792264   -0.29551787    0.95516908
