# Rotation matrices: 19 entries, row-major flattening of 3x3 -> 1x9
# https://github.com/Neurophysics-CFIN/GFO
# Col:  1    2    3    4    5    6    7    8    9
#       R11  R12  R13  R21  R22  R23  R31  R32  R33
# where Rij = R(i,j), i = row index, j = column index

   -0.18238820   -0.85427577   -0.48677249   -0.85427577    0.38278555   -0.35169324    0.48677249    0.35169324   -0.79960265
    0.67215497   -0.46453138   -0.57655728   -0.46453138    0.34179451   -0.81693764    0.57655728    0.81693764    0.01394948
   -0.48382557    0.38212411   -0.78733346    0.38212411    0.90159299    0.20275907    0.78733346   -0.20275907   -0.58223258
    0.99652570   -0.03104865    0.07728199   -0.03104865    0.72252845    0.69064363   -0.07728199   -0.69064363    0.71905415
    0.97496877   -0.18537645    0.12276595   -0.18537645   -0.37286194    0.90918070   -0.12276595   -0.90918070   -0.39789317
    0.99264487    0.00629069   -0.12089908    0.00629069    0.99461971    0.10340242    0.12089908   -0.10340242    0.98726458
    0.44055073    0.39579679   -0.80576669    0.39579679    0.71998337    0.57006039    0.80576669   -0.57006039    0.16053409
    0.51627749   -0.25785913    0.81668000   -0.25785913    0.86254241    0.43534959   -0.81668000   -0.43534959    0.37881990
    0.89734079    0.17157422    0.40662243    0.17157422    0.71324820   -0.67958758   -0.40662243    0.67958758    0.61058899
    0.01464861   -0.42320216    0.90591686   -0.42320216    0.81823736    0.38908553   -0.90591686   -0.38908553   -0.16711403
    0.84903348    0.11103331   -0.51654018    0.11103331    0.91833689    0.37990652    0.51654018   -0.37990652    0.76737037
   -0.55837608    0.00676528    0.82956035    0.00676528    0.99997063   -0.00360132   -0.82956035    0.00360132   -0.55840545
    0.11787570    0.12586694    0.98501920    0.12586694    0.98204053   -0.14054862   -0.98501920    0.14054862    0.09991623
    0.81293996   -0.56142091    0.15470999   -0.56142091   -0.68498543    0.46432912   -0.15470999   -0.46432912   -0.87204546
    0.98211802   -0.14524236   -0.11978668   -0.14524236   -0.17969850   -0.97294044    0.11978668    0.97294044   -0.19758048
    0.80062466    0.43404534   -0.41304333    0.43404534    0.05507192    0.89920617    0.41304333   -0.89920617   -0.14430342
   -0.33931964    0.87399203   -0.34785072    0.87399203    0.42966411    0.22699492    0.34785072   -0.22699492   -0.90965553
    0.76145461    0.52869715    0.37505494    0.52869715   -0.17177140   -0.83124841   -0.37505494    0.83124841   -0.41031680
    0.16407946   -0.79651752    0.58192592   -0.79651752    0.24102815    0.55449551   -0.58192592   -0.55449551   -0.59489239
