# Rotation matrices: 69 entries, row-major flattening of 3x3 -> 1x9
# https://github.com/Neurophysics-CFIN/GFO
# Col:  1    2    3    4    5    6    7    8    9
#       R11  R12  R13  R21  R22  R23  R31  R32  R33
# where Rij = R(i,j), i = row index, j = column index

    0.87411497   -0.45390288    0.17290225   -0.45390288   -0.63663488    0.62343260   -0.17290225   -0.62343260   -0.76251990
    0.79979929   -0.22658789   -0.55585881   -0.22658789    0.74354700   -0.62912303    0.55585881    0.62912303    0.54334629
    0.55158809    0.73501797    0.39433381    0.73501797   -0.20481060   -0.64637543   -0.39433381    0.64637543   -0.65322251
    0.20121388    0.10200840    0.97422136    0.10200840    0.98697309   -0.12441222   -0.97422136    0.12441222    0.18818697
    0.43677196    0.43941146    0.78495084    0.43941146    0.65718604   -0.61239209   -0.78495084    0.61239209    0.09395800
    0.83128989   -0.15737496    0.53309496   -0.15737496    0.85319861    0.49727784   -0.53309496   -0.49727784    0.68448850
    0.80860624   -0.40218745    0.42941962   -0.40218745    0.15485886    0.90236578   -0.42941962   -0.90236578   -0.03653491
    0.15148961    0.29164085   -0.94445567    0.29164085    0.89976035    0.32461813    0.94445567   -0.32461813    0.05124996
    0.76788944    0.29964323   -0.56617995    0.29964323    0.61317544    0.73091027    0.56617995   -0.73091027    0.38106488
    0.38669456    0.28465416    0.87717691    0.28465416    0.86788314   -0.40712512   -0.87717691    0.40712512    0.25457770
    0.98109423    0.18869418   -0.04299563    0.18869418   -0.88331330    0.42912950    0.04299563   -0.42912950   -0.90221907
    0.97011756   -0.04139315   -0.23907849   -0.04139315    0.94266222   -0.33117149    0.23907849    0.33117149    0.91277978
    0.81903465    0.43535116    0.37369990    0.43535116   -0.04733104   -0.89901565   -0.37369990    0.89901565   -0.22829640
    0.77860704    0.11579301   -0.61673581    0.11579301    0.93943791    0.32256534    0.61673581   -0.32256534    0.71804495
   -0.73704443   -0.65298169    0.17429983   -0.65298169    0.75453415    0.06552198   -0.17429983   -0.06552198   -0.98251028
   -0.58812317   -0.49517966   -0.63945934   -0.49517966    0.84560209   -0.19938457    0.63945934    0.19938457   -0.74252108
   -0.65372303    0.07848056    0.75265331    0.07848056    0.99627556   -0.03571859   -0.75265331    0.03571859   -0.65744747
   -0.44687850   -0.55778654    0.69940959   -0.55778654    0.78496755    0.26962959   -0.69940959   -0.26962959   -0.66191095
   -0.01729100   -0.40423508    0.91449167   -0.40423508    0.83937143    0.36338631   -0.91449167   -0.36338631   -0.17791957
    0.36189005   -0.48930541   -0.79348334   -0.48930541    0.62479854   -0.60844638    0.79348334    0.60844638   -0.01331141
    0.98338752    0.01973117   -0.18044295    0.01973117    0.97656465    0.21431791    0.18044295   -0.21431791    0.95995217
   -0.23081136    0.13540331    0.96353104    0.13540331    0.98510409   -0.10599942   -0.96353104    0.10599942   -0.24570727
    0.42757898   -0.08388330   -0.90007767   -0.08388330    0.98770764   -0.13189852    0.90007767    0.13189852    0.41528662
    0.99177756    0.00893598    0.12766132    0.00893598    0.99028856   -0.13873972   -0.12766132    0.13873972    0.98206613
    0.93390493    0.33119800   -0.13464570    0.33119800   -0.65961118    0.67470066    0.13464570   -0.67470066   -0.72570625
    0.87908453    0.03179308   -0.47560445    0.03179308    0.99164044    0.12505374    0.47560445   -0.12505374    0.87072497
   -0.69357750   -0.51606397    0.50262137   -0.51606397    0.84274589    0.15315790   -0.50262137   -0.15315790   -0.85083160
    0.89536359    0.17036287    0.41146146    0.17036287    0.72262517   -0.66991743   -0.41146146    0.66991743    0.61798876
    0.51311832   -0.69528978   -0.50327102   -0.69528978    0.00709373   -0.71869451    0.50327102    0.71869451   -0.47978795
   -0.18570270    0.78235069   -0.59450980    0.78235069    0.48378915    0.39226962    0.59450980   -0.39226962   -0.70191355
   -0.28835684   -0.54984415   -0.78391438   -0.54984415    0.76533785   -0.33455850    0.78391438    0.33455850   -0.52301899
    0.34983611   -0.61764272    0.70436650   -0.61764272    0.41325175    0.66913412   -0.70436650   -0.66913412   -0.23691214
   -0.33577293    0.41031264    0.84787975    0.41031264    0.87396326   -0.26044530   -0.84787975    0.26044530   -0.46180967
    0.52029845   -0.00030992    0.85398444   -0.00030992    0.99999980    0.00055173   -0.85398444   -0.00055173    0.52029825
    0.55256245    0.53677272    0.63761257    0.53677272    0.35605550   -0.76491799   -0.63761257    0.76491799   -0.09138205
    0.89095280    0.38772631    0.23637136    0.38772631   -0.37859284   -0.84043784   -0.23637136    0.84043784   -0.48764004
    0.84746338   -0.42058429   -0.32390534   -0.42058429   -0.15966350   -0.89309374    0.32390534    0.89309374   -0.31220011
    0.03209938    0.73253101    0.67997643    0.73253101    0.44560250   -0.51462290   -0.67997643    0.51462290   -0.52229812
    0.33622689    0.88024110    0.33485382    0.88024110   -0.16730309   -0.44405549   -0.33485382    0.44405549   -0.83107620
    0.73963437    0.35182192    0.57372671    0.35182192    0.52459676   -0.77525453   -0.57372671    0.77525453    0.26423113
    0.83112692   -0.29685460   -0.47021846   -0.29685460    0.47817231   -0.82657643    0.47021846    0.82657643    0.30929923
    0.55673945    0.15624558    0.81586059    0.15624558    0.94492476   -0.28758394   -0.81586059    0.28758394    0.50166421
    0.43815012   -0.89132689   -0.11645100   -0.89132689   -0.41401408   -0.18473958    0.11645100    0.18473958   -0.97586395
    0.88010511   -0.12346585   -0.45844430   -0.12346585    0.87285682   -0.47209866    0.45844430    0.47209866    0.75296193
    0.95998213   -0.07153092    0.27077228   -0.07153092    0.87214029    0.48399860   -0.27077228   -0.48399860    0.83212242
    0.57018494   -0.23934416   -0.78587754   -0.23934416    0.86672029   -0.43761891    0.78587754    0.43761891    0.43690523
    0.83876393    0.44695349   -0.31097853    0.44695349   -0.23897478    0.86204619    0.31097853   -0.86204619   -0.40021085
    0.83809249   -0.48853354   -0.24276729   -0.48853354   -0.47408247   -0.73251675    0.24276729    0.73251675   -0.63598998
    0.83773348   -0.47424576    0.27072786   -0.47424576   -0.38604711    0.79123864   -0.27072786   -0.79123864   -0.54831363
   -0.50057549   -0.77362454   -0.38849614   -0.77362454    0.60115640   -0.20028992    0.38849614    0.20028992   -0.89941909
    0.99623945    0.08391162    0.02158253    0.08391162   -0.87237318   -0.48158476   -0.02158253    0.48158476   -0.87613373
    0.94052878    0.07538716    0.33124371    0.07538716    0.90443743   -0.41989251   -0.33124371    0.41989251    0.84496620
   -0.76634393    0.49195265   -0.41315805    0.49195265    0.86298399    0.11507057    0.41315805   -0.11507057   -0.90335994
    0.97591847   -0.14910131    0.15922292   -0.14910131    0.07683602    0.98583215   -0.15922292   -0.98583215    0.05275449
    0.31588044   -0.11122442    0.94225722   -0.11122442    0.98191709    0.15319254   -0.94225722   -0.15319254    0.29779754
    0.04445199   -0.10166023   -0.99382555   -0.10166023    0.98918442   -0.10573255    0.99382555    0.10573255    0.03363642
    0.99067658    0.08731691    0.10457374    0.08731691    0.18224809   -0.97936785   -0.10457374    0.97936785    0.17292467
    0.86240040    0.33030768    0.38361751    0.33030768    0.20709681   -0.92087336   -0.38361751    0.92087336    0.06949721
    0.17347504    0.72323250   -0.66846179    0.72323250    0.36715131    0.58492279    0.66846179   -0.58492279   -0.45937366
   -0.70913414    0.24934307   -0.65951255    0.24934307    0.96362371    0.09621532    0.65951255   -0.09621532   -0.74551043
    0.97627986   -0.12894281   -0.17392925   -0.12894281    0.29906614   -0.94548040    0.17392925    0.94548040    0.27534600
    0.99156144    0.08369553   -0.09899989    0.08369553    0.16988942    0.98190256    0.09899989   -0.98190256    0.16145086
    0.15071176   -0.65991090   -0.73607307   -0.65991090    0.48723840   -0.57194086    0.73607307    0.57194086   -0.36204984
    0.11579692    0.55986453    0.82045279    0.55986453    0.64550192   -0.51949877   -0.82045279    0.51949877   -0.23870115
    0.99778470    0.05765601   -0.03318859    0.05765601   -0.50056947    0.86377427    0.03318859   -0.86377427   -0.50278477
    0.28861015   -0.30565717    0.90734661   -0.30565717    0.86867073    0.38985235   -0.90734661   -0.38985235    0.15728088
    0.99781600   -0.03531778    0.05582013   -0.03531778    0.42887132    0.90267494   -0.05582013   -0.90267494    0.42668732
    0.99841170    0.02174194   -0.05197467    0.02174194    0.70237875    0.71147127    0.05197467   -0.71147127    0.70079045
    0.69333746   -0.40508936    0.59597464   -0.40508936    0.46489260    0.78725947   -0.59597464   -0.78725947    0.15823006
