# Rotation matrices: 29 entries, row-major flattening of 3x3 -> 1x9
# https://github.com/Neurophysics-CFIN/GFO
# Col:  1    2    3    4    5    6    7    8    9
#       R11  R12  R13  R21  R22  R23  R31  R32  R33
# where Rij = R(i,j), i = row index, j = column index

   -0.05527338    0.56096250    0.82599390    0.56096250    0.70180340   -0.43908206   -0.82599390    0.43908206   -0.35346997
    0.73334939   -0.35240415    0.58138626   -0.35240415    0.53426439    0.76835726   -0.58138626   -0.76835726    0.26761378
    0.97514326   -0.10759906   -0.19369581   -0.10759906    0.53422866   -0.83846418    0.19369581    0.83846418    0.50937192
   -0.08657385   -0.55476189   -0.82749273   -0.55476189    0.71676039   -0.42248525    0.82749273    0.42248525   -0.36981346
    0.26200648   -0.81962789    0.50947300   -0.81962789    0.08970763    0.56582919   -0.50947300   -0.56582919   -0.64828589
    0.77374830   -0.09891166    0.62572363   -0.09891166    0.95675827    0.27355091   -0.62572363   -0.27355091    0.73050656
    0.44284506    0.84433462   -0.30164100    0.84433462   -0.27953807    0.45711871    0.30164100   -0.45711871   -0.83669301
    0.23837448   -0.61934312    0.74805863   -0.61934312    0.49635892    0.60831071   -0.74805863   -0.60831071   -0.26526660
   -0.90602619    0.19453473   -0.37586272    0.19453473    0.98014520    0.03836167    0.37586272   -0.03836167   -0.92588098
    0.87670980    0.41536869    0.24258765    0.41536869   -0.39939068   -0.81728571   -0.24258765    0.81728571   -0.52268088
    0.80901125    0.12529446   -0.57428398    0.12529446    0.91780300    0.37674786    0.57428398   -0.37674786    0.72681426
    0.58801717    0.58994912    0.55334965    0.58994912    0.15520759   -0.79238289   -0.55334965    0.79238289   -0.25677524
    0.78472960   -0.60282564    0.14422448   -0.60282564   -0.68810368    0.40387445   -0.14422448   -0.40387445   -0.90337408
    0.86688785    0.30737319    0.39246297    0.30737319    0.29023552   -0.90624779   -0.39246297    0.90624779    0.15712337
    0.99997632   -0.00491091   -0.00482043   -0.00491091   -0.01858313   -0.99981526    0.00482043    0.99981526   -0.01860681
    0.36669030    0.00665961   -0.93031923    0.00665961    0.99992997    0.00978283    0.93031923   -0.00978283    0.36662027
    0.42570485    0.42166758    0.80060717    0.42166758    0.69039692   -0.58783377   -0.80060717    0.58783377    0.11610177
    0.73354171    0.22796094    0.64027367    0.22796094    0.80497440   -0.54776822   -0.64027367    0.54776822    0.53851611
    0.59812507   -0.73672839   -0.31540083   -0.73672839   -0.35059114   -0.57820164    0.31540083    0.57820164   -0.75246606
    0.94557571   -0.27312723   -0.17688441   -0.27312723   -0.37068362   -0.88769092    0.17688441    0.88769092   -0.42510791
    0.89813404    0.38492127   -0.21258142    0.38492127   -0.45450342    0.80328218    0.21258142   -0.80328218   -0.55636938
    0.56129911    0.05793422    0.82558279    0.05793422    0.99234929   -0.10902530   -0.82558279    0.10902530    0.55364840
    0.06239663   -0.29547707    0.95331000   -0.29547707    0.90688312    0.30042687   -0.95331000   -0.30042687   -0.03072025
    0.91585365   -0.00317013   -0.40149973   -0.00317013    0.99988057   -0.01512612    0.40149973    0.01512612    0.91573422
   -0.57471990   -0.39191852    0.71839885   -0.39191852    0.90245876    0.17879612   -0.71839885   -0.17879612   -0.67226114
    0.99997755    0.00050417   -0.00668161    0.00050417    0.98867746    0.15005541    0.00668161   -0.15005541    0.98865501
    0.84427590   -0.33272869   -0.42010691   -0.33272869    0.28907353   -0.89762359    0.42010691    0.89762359    0.13334944
   -0.09722712    0.16958243   -0.98070826    0.16958243    0.97379011    0.15157380    0.98070826   -0.15157380   -0.12343701
    0.87956872    0.45387068    0.14268940    0.45387068   -0.71050745   -0.53775512   -0.14268940    0.53775512   -0.83093873
