# Rotation matrices: 47 entries, row-major flattening of 3x3 -> 1x9
# https://github.com/Neurophysics-CFIN/GFO
# Col:  1    2    3    4    5    6    7    8    9
#       R11  R12  R13  R21  R22  R23  R31  R32  R33
# where Rij = R(i,j), i = row index, j = column index

    0.89830072    0.22534889    0.37719185    0.22534889    0.50066390   -0.83579515   -0.37719185    0.83579515    0.39896462
    0.48763474   -0.86136797   -0.14232912   -0.86136797   -0.44809736   -0.23927803    0.14232912    0.23927803   -0.96046262
    0.70660296   -0.18121037    0.68401393   -0.18121037    0.88807931    0.42246650   -0.68401393   -0.42246650    0.59468227
    0.92992232   -0.29142597   -0.22431090   -0.29142597   -0.21192791   -0.93282231    0.22431090    0.93282231   -0.28200559
    0.98881654    0.05987011    0.13659214    0.05987011    0.67948816   -0.73123964   -0.13659214    0.73123964    0.66830470
    0.95851169    0.01675063    0.28456063    0.01675063    0.99323704   -0.11488948   -0.28456063    0.11488948    0.95174874
    0.50657749   -0.38316077   -0.77237755   -0.38316077    0.70246154   -0.59977964    0.77237755    0.59977964    0.20903902
    0.92229897   -0.10116973    0.37300041   -0.10116973    0.86827314    0.48566083   -0.37300041   -0.48566083    0.79057210
    0.62149414    0.61666120    0.48319148    0.61666120   -0.00466352   -0.78721485   -0.48319148    0.78721485   -0.38316938
    0.99934356   -0.00823569   -0.03527929   -0.00823569    0.89667564   -0.44261153    0.03527929    0.44261153    0.89601920
    0.02178146   -0.91820326    0.39551024   -0.91820326    0.13812999    0.37124505   -0.39551024   -0.37124505   -0.84008855
    0.98214880    0.11708947   -0.14722018    0.11708947    0.23198737    0.96564586    0.14722018   -0.96564586    0.21413617
    0.65842892   -0.58629060    0.47194776   -0.58629060   -0.00634008    0.81007600   -0.47194776   -0.81007600   -0.34791116
    0.76821252   -0.57859802    0.27399610   -0.57859802   -0.44432159    0.68396101   -0.27399610   -0.68396101   -0.67610907
    0.22020461    0.78950108   -0.57288565    0.78950108    0.20067242    0.58001605    0.57288565   -0.58001605   -0.57912297
    0.71213512   -0.06879153   -0.69866393   -0.06879153    0.98356078   -0.16696084    0.69866393    0.16696084    0.69569590
    0.95697710    0.25462088    0.13915113    0.25462088   -0.50691360   -0.82353313   -0.13915113    0.82353313   -0.54993650
   -0.70941959   -0.45723232   -0.53634174   -0.45723232    0.87770036   -0.14345967    0.53634174    0.14345967   -0.83171922
    0.51509146    0.06629104   -0.85456789    0.06629104    0.99093746    0.11682656    0.85456789   -0.11682656    0.50602892
    0.10760236   -0.25216701   -0.96168266   -0.25216701    0.92874454   -0.27174505    0.96168266    0.27174505    0.03634690
    0.98287697    0.11904730    0.14064351    0.11904730    0.17232746   -0.97781951   -0.14064351    0.97781951    0.15520443
   -0.43769365    0.65752536    0.61325743    0.65752536    0.69928253   -0.28047165   -0.61325743    0.28047165   -0.73841112
   -0.04789842    0.63712213    0.76927312    0.63712213    0.61262981   -0.46771798   -0.76927312    0.46771798   -0.43526861
    0.68651964   -0.47720025   -0.54860797   -0.47720025    0.27357465   -0.83512684    0.54860797    0.83512684   -0.03990571
    0.20681705    0.05330385    0.97692651    0.05330385    0.99641785   -0.06565187   -0.97692651    0.06565187    0.20323490
    0.99960303    0.00848629   -0.02686558    0.00848629    0.81858161    0.57432755    0.02686558   -0.57432755    0.81818464
    0.24078699   -0.55787305   -0.79422873   -0.55787305    0.59007243   -0.58360276    0.79422873    0.58360276   -0.16914058
    0.52415694    0.42574310   -0.73756513    0.42574310    0.61908200    0.65990931    0.73756513   -0.65990931    0.14323894
    0.77844651    0.08306521    0.62219065    0.08306521    0.96885705   -0.23327277   -0.62219065    0.23327277    0.74730356
    0.94216424    0.08166689    0.32504933    0.08166689    0.88468241   -0.45898535   -0.32504933    0.45898535    0.82684665
    0.25337052    0.93613962    0.24381550    0.93613962   -0.17375138   -0.30570096   -0.24381550    0.30570096   -0.92038086
    0.94575129   -0.23586347    0.22343437   -0.23586347   -0.02549126    0.97145181   -0.22343437   -0.97145181   -0.07973997
   -0.26949985   -0.38855779    0.88113147   -0.38855779    0.88107352    0.26968928   -0.88113147   -0.26968928   -0.38842634
    0.78829300   -0.27918803    0.54831396   -0.27918803    0.63182156    0.72308752   -0.54831396   -0.72308752    0.42011456
    0.99414608   -0.05727462   -0.09161431   -0.05727462    0.43962606   -0.89635291    0.09161431    0.89635291    0.43377215
    0.19030026    0.07811131   -0.97861353    0.07811131    0.99246464    0.09440634    0.97861353   -0.09440634    0.18276490
    0.57757961   -0.01086503    0.81626206   -0.01086503    0.99972054    0.02099499   -0.81626206   -0.02099499    0.57730015
    0.39248276   -0.18882937    0.90016707   -0.18882937    0.94130779    0.27979121   -0.90016707   -0.27979121    0.33379055
    0.77865976    0.41362325    0.47181012    0.41362325    0.22705337   -0.88168167   -0.47181012    0.88168167    0.00571313
    0.49942077    0.20518477    0.84171142    0.20518477    0.91589585   -0.34501304   -0.84171142    0.34501304    0.41531662
    0.59201437    0.38052350    0.71043708    0.38052350    0.64509011   -0.66261649   -0.71043708    0.66261649    0.23710448
    0.08950970   -0.77175369    0.62959055   -0.77175369    0.34584284    0.53365624   -0.62959055   -0.53365624   -0.56464746
    0.96728785   -0.10908148    0.22903156   -0.10908148    0.63625847    0.76372534   -0.22903156   -0.76372534    0.60354632
   -0.89961379   -0.02529546    0.43595318   -0.02529546    0.99966316    0.00580520   -0.43595318   -0.00580520   -0.89995063
    0.89347832    0.14754962   -0.42417638    0.14754962    0.79562011    0.58755234    0.42417638   -0.58755234    0.68909843
   -0.06039904   -0.99442614    0.08642114   -0.99442614    0.06744225    0.08104443   -0.08642114   -0.08104443   -0.99295679
    0.14831241    0.36544995   -0.91893948    0.36544995    0.84318937    0.39430701    0.91893948   -0.39430701   -0.00849822
