# Rotation matrices: 78 entries, row-major flattening of 3x3 -> 1x9
# https://github.com/Neurophysics-CFIN/GFO
# Col:  1    2    3    4    5    6    7    8    9
#       R11  R12  R13  R21  R22  R23  R31  R32  R33
# where Rij = R(i,j), i = row index, j = column index

   -0.99991593    0.00821111    0.01003516    0.00908914    0.99582437    0.09083621   -0.00924739    0.09091979   -0.99581528
   -0.99415045   -0.10782866   -0.00615276   -0.06290696    0.62440986   -0.77855959    0.08779288   -0.77361832   -0.62754052
   -0.83897212    0.13031079   -0.52834163    0.38314192   -0.54800763   -0.74356567   -0.38642988   -0.82626069    0.40983560
   -0.67454843    0.29667580   -0.67599400   -0.25762773   -0.95272807   -0.16105022   -0.69181816    0.06551863    0.71909314
   -0.83191034    0.27114443   -0.48415481   -0.55474637   -0.42756529    0.71375373   -0.01347744    0.86236223    0.50611237
   -0.84134856    0.48267986   -0.24321337    0.05502428    0.52413734    0.84985433    0.53768478    0.70164108   -0.46754131
   -0.65462317    0.51287692   -0.55536094    0.63946547    0.76750355   -0.04496906    0.40317790   -0.38457193   -0.83039268
   -0.83472577    0.54657780   -0.06697456    0.27526591    0.30882499   -0.91041518   -0.47692931   -0.77838283   -0.40823842
   -0.75227943    0.65228743   -0.09271875   -0.42531264   -0.58827457   -0.68778063   -0.50317474   -0.47796877    0.71997294
   -0.88140284    0.43694624    0.17946313   -0.34216301   -0.85250879    0.39516229    0.32565857    0.28689152    0.90091051
   -0.80303198    0.44544293    0.39587905    0.30969476   -0.25561935    0.91583181    0.50914516    0.85804390    0.06731918
   -0.85251502    0.35396093    0.38461642    0.52181546    0.61917639    0.58679572   -0.03044265    0.70095096   -0.71255947
   -0.88147660    0.08174981    0.46509780   -0.10563727    0.92580634   -0.36293716   -0.46026054   -0.36905228   -0.80744081
   -0.80739995    0.25171237    0.53361616   -0.52632848    0.10141496   -0.84421167   -0.26661518   -0.96247384    0.05060095
   -0.52384194    0.33275983    0.78413042   -0.49877001   -0.86605462    0.03432023    0.69052017   -0.37312236    0.61964635
   -0.61212813    0.07029483    0.78762795    0.20329127   -0.94857381    0.24265282    0.76418049    0.30865250    0.56635838
   -0.39263988   -0.18042831    0.90182013    0.91887145   -0.03554105    0.39295304   -0.03884822    0.98294581    0.17974526
   -0.28672490   -0.28417755    0.91489450    0.02103857    0.95289368    0.30257398   -0.95778192    0.10600356   -0.26723966
   -0.15948019   -0.53791761    0.82777456   -0.80475973    0.55649357    0.20658337   -0.57177605   -0.63321367   -0.52164413
   -0.44211003   -0.58259773    0.68199605   -0.70912353   -0.23857158   -0.66349636    0.54925635   -0.77695784   -0.30765887
   -0.55249618   -0.67417742    0.49013546    0.40824227   -0.73154795   -0.54605480    0.72669541   -0.10159918    0.67940517
   -0.49220516   -0.76380150    0.41754202    0.86942321   -0.40774116    0.27901690   -0.04286446    0.50035428    0.86475906
   -0.38315478   -0.86938727    0.31202273    0.22048789    0.24195271    0.94490422   -0.89698244    0.43084180    0.09898403
   -0.48673853   -0.86534826   -0.11940683   -0.81778845    0.40333854    0.41053633   -0.30709552    0.29747338   -0.90399222
   -0.50386501   -0.84383916    0.18454140   -0.69737891    0.27134184   -0.66335228    0.50968883   -0.46293528   -0.72519530
   -0.31828450   -0.87708717   -0.35974028    0.35732787    0.24048797   -0.90248675    0.87807276   -0.41579277    0.23686410
   -0.47388377   -0.83433118   -0.28164810    0.85581277   -0.51169309    0.07585964   -0.20740945   -0.20508939    0.95651433
   -0.51623997   -0.68980504   -0.50760743   -0.11948238   -0.52888833    0.84023871   -0.84806855    0.49441495    0.19061375
   -0.42215421   -0.54371971   -0.72536522   -0.83897201   -0.06875972    0.53981300   -0.34338288    0.83644544   -0.42713841
   -0.29519564   -0.50610752   -0.81037936   -0.41161189    0.83279624   -0.37017033    0.86222688    0.22428911   -0.45415769
   -0.30180331   -0.40452085   -0.86329464    0.67705747    0.54656758   -0.49280530    0.67119888   -0.73323036    0.10892796
   -0.11362331    0.07422388   -0.99074748    0.96196374   -0.24112774   -0.12838684   -0.24842607   -0.96765088   -0.04400294
   -0.40474325    0.17878209   -0.89678307   -0.29704043   -0.95322306   -0.05597129   -0.86484096    0.24372683    0.43891611
    0.05644989    0.34897348   -0.93543087   -0.97944306   -0.16237964   -0.11968350   -0.19366130    0.92295740    0.33263334
   -0.07394560    0.78759092   -0.61174553   -0.40994354    0.53519486    0.73858836    0.90910854    0.30539649    0.28329250
    0.15095849    0.67946660   -0.71800883    0.72442107    0.41817618    0.54803541    0.67262594   -0.60287132   -0.42909267
    0.03445245    0.92057989   -0.38903175    0.81808509   -0.24957205   -0.51812216   -0.57406429   -0.30041050   -0.76171105
   -0.04701712    0.95444230   -0.29466811   -0.37619189   -0.29019373   -0.87992458   -0.92534807    0.06948024    0.37269753
   -0.07711192    0.98170636   -0.17408726   -0.99448201   -0.06327720    0.08367519    0.07112871    0.17957900    0.98116874
    0.05481590    0.99813407    0.02689985   -0.23305139   -0.01340676    0.97237200    0.97091826   -0.05957049    0.23188163
    0.08388126    0.98439283    0.15470843    0.83435546   -0.15426619    0.52920025    0.54480721    0.08469183   -0.83427358
   -0.01134489    0.92347142    0.38349946    0.66056070    0.29484646   -0.69045284   -0.75068692    0.24549156   -0.61335393
   -0.07508795    0.80075353    0.59426895   -0.29013227    0.55262513   -0.78129938   -0.95403620   -0.23108277    0.19082896
    0.04344287    0.78926992    0.61250772   -0.99716235   -0.00347359    0.07520101    0.06148150   -0.61403659    0.78687934
    0.03057028    0.56728749    0.82295222   -0.18521899   -0.80586251    0.56238735    0.98222166   -0.16961872    0.08043697
   -0.03890526    0.18114092    0.98268731    0.87134065   -0.47524427    0.12209980    0.48913379    0.86100572   -0.13934594
   -0.04715110    0.31892350    0.94660687    0.70599888    0.68104244   -0.19428532   -0.70664161    0.65914262   -0.25727154
    0.32554391   -0.03227455    0.94497593   -0.52403389    0.82572380    0.20873115   -0.78702582   -0.56315057    0.25189639
    0.33977477   -0.11979142    0.93284678   -0.90104832   -0.32574298    0.28636243    0.26956453   -0.93783875   -0.21861710
    0.18196079   -0.58879966    0.78753109   -0.13297716   -0.80827893   -0.57358717    0.97427273   -0.00035327   -0.22537198
    0.35850352   -0.55284604    0.75222103    0.79125667   -0.24762643   -0.55910109    0.49536663    0.79563962    0.34866817
    0.44485135   -0.66953829    0.59483254    0.64149575    0.70167699    0.31005258   -0.62497238    0.24365524    0.74164793
    0.44874164   -0.77290191    0.44861295   -0.38640309    0.28483450    0.87724681   -0.80580618   -0.56700260   -0.17083459
    0.48865426   -0.84079074    0.23299775   -0.84781321   -0.52064409   -0.10070995    0.20598490   -0.14832622   -0.96724845
    0.47403511   -0.87874260    0.05569706   -0.07059487   -0.10098193   -0.99238048    0.87767139    0.46649126   -0.10990370
    0.32530735   -0.92791645   -0.18206096    0.89907908    0.36316467   -0.24447543    0.29297088   -0.08415755    0.95241040
    0.53053497   -0.83076541   -0.16840865    0.46784363    0.12130322    0.87544724   -0.70686278   -0.54324429    0.45302390
    0.53391764   -0.77912074   -0.32848566   -0.59311338   -0.62198706    0.51122267   -0.60261801   -0.07812156   -0.79419680
    0.39113773   -0.73900277   -0.54853093   -0.83261484   -0.03019433   -0.55302878    0.39212728    0.67302541   -0.62711482
    0.45526518   -0.64050174   -0.61845868    0.12425873    0.73352892   -0.66820289    0.88164243    0.22736062    0.41353811
    0.40504742   -0.52671451   -0.74733420    0.90959880    0.31488997    0.27106150    0.09255602   -0.78956706    0.60664425
    0.30499533   -0.26252006   -0.91545675    0.45620149   -0.80351930    0.38240939   -0.83597730   -0.53426581   -0.12530759
    0.43075545    0.00090225   -0.90246824   -0.68924526   -0.64520286   -0.32962743   -0.58257250    0.76401077   -0.27730278
    0.66379615    0.33529214   -0.66854607   -0.69546894    0.60554389   -0.38683272    0.27513202    0.72173109    0.63514298
    0.80706503    0.22011239   -0.54790198    0.19532204    0.77615840    0.59952267    0.55722109   -0.59087111    0.58341750
    0.81768629    0.29134918   -0.49649248    0.54928845   -0.65295097    0.52147600   -0.17225364   -0.69912137   -0.69394380
    0.87624250    0.30250008   -0.37509037    0.03434410   -0.81563051   -0.57755291   -0.48064495    0.49319426   -0.72507920
    0.78710923    0.60140731   -0.13699746   -0.48206146    0.46122578   -0.74490774   -0.38480620    0.65236495    0.65295035
    0.88003182    0.47368432   -0.03416381   -0.41709680    0.80529042    0.42135211    0.22709968   -0.35655365    0.90625340
    0.72752682    0.67986608    0.09212401    0.18853368   -0.32721956    0.92594946    0.65966641   -0.65628459   -0.36623866
    0.74538246    0.48046897    0.46211964    0.61976713   -0.75478807   -0.21490387    0.24554775    0.44659214   -0.86038466
    0.89534231    0.42831500    0.12209997    0.13537829   -0.00054635   -0.99079383   -0.42430515    0.90362933   -0.05847373
    0.79325210    0.40557399    0.45415950   -0.47577528    0.87832941    0.04664039   -0.37998551   -0.25307545    0.88969873
    0.68491923    0.24051396    0.68777808   -0.70271933   -0.03138750    0.71077449    0.19253883   -0.97013806    0.14751591
    0.65913780    0.10629023    0.74447279    0.19588199   -0.98005496   -0.03350419    0.72606308    0.16791268   -0.66681161
    0.83509286    0.14302024    0.53119218    0.55008026   -0.20722948   -0.80899175   -0.00562352    0.96778156   -0.25172847
    0.97435155   -0.16036194    0.15787052    0.20931125    0.90344551   -0.37413234   -0.08263083    0.39758050    0.91383909
    0.99730745    0.02746671    0.06799586   -0.07293484    0.46809717    0.88066199   -0.00763978   -0.88325003    0.46884008
