# Rotation matrices: 92 entries, row-major flattening of 3x3 -> 1x9
# https://github.com/Neurophysics-CFIN/GFO
# Col:  1    2    3    4    5    6    7    8    9
#       R11  R12  R13  R21  R22  R23  R31  R32  R33
# where Rij = R(i,j), i = row index, j = column index

   -0.95831084   -0.23991558   -0.15518002   -0.24793971    0.96816758    0.03431385    0.14200784    0.07135862   -0.98729009
   -0.87147516   -0.47111356   -0.13631972   -0.18423547    0.57206932   -0.79924589    0.45451991   -0.67140801   -0.58534002
   -0.96634996   -0.23645160   -0.10128371    0.20342584   -0.46149699   -0.86350360    0.15743467   -0.85505039    0.49406796
   -0.93575534    0.12465165   -0.32988470   -0.13237741   -0.99119892    0.00096484   -0.32686109    0.04457214    0.94402074
   -0.94054420    0.14136149   -0.30885844   -0.33965942   -0.38380194    0.85867779    0.00284351    0.91253110    0.40899745
   -0.92504181    0.30863381   -0.22145615    0.01010583    0.60277447    0.79784761    0.37973086    0.73580440   -0.56071058
   -0.75096387    0.50819732   -0.42165003    0.60997156    0.77845568   -0.14812644    0.25295840   -0.36843213   -0.89457801
   -0.82260217    0.56812953    0.02354803    0.14670471    0.25206210   -0.95652623   -0.54936637   -0.78338594   -0.29069410
   -0.67736441    0.73252877    0.06766873   -0.54455132   -0.43743609   -0.71562108   -0.49461229   -0.52158535    0.69520315
   -0.63865907    0.75008163    0.17173275   -0.61195880   -0.63040126    0.47759888    0.46649869    0.19992948    0.86163053
   -0.63947544    0.50832328    0.57678298    0.23724702   -0.58313795    0.77695816    0.73128996    0.63368571    0.25230421
   -0.62589946    0.64429167    0.43947481    0.77923225    0.53999949    0.31811578   -0.03235683    0.54156144   -0.84003824
   -0.61054819    0.58655129    0.53215458    0.20999097    0.76777479   -0.60533104   -0.76363257   -0.25783611   -0.59193398
   -0.72747776    0.30333780    0.61543666   -0.54326337    0.29322638   -0.78669130   -0.41909547   -0.90664462   -0.04852336
   -0.70482279    0.15181026    0.69294912   -0.49884207   -0.80058299   -0.33199920    0.50436239   -0.57967278    0.63999848
   -0.77570215    0.03960230    0.62985541    0.23339013   -0.90927296    0.34460374    0.58635759    0.41431190    0.69608220
   -0.67730254   -0.22256144    0.70123297    0.73205350   -0.10903643    0.67246466   -0.07320476    0.96880208    0.23677753
   -0.71980168   -0.04356750    0.69281124    0.22812360    0.92775343    0.29535266   -0.65562578    0.37064193   -0.65785971
   -0.82814454   -0.38137958    0.41076299   -0.53234214    0.76456572   -0.36338836   -0.17546640   -0.51960454   -0.83619535
   -0.70678746   -0.46582652    0.53240694   -0.41279052   -0.33961917   -0.84514070    0.57450455   -0.81710739    0.04774980
   -0.76066424   -0.50788390    0.40428191    0.33965214   -0.84212940   -0.41887288    0.55319647   -0.18130641    0.81308158
   -0.73175457   -0.63809240    0.23952732    0.66828465   -0.60267972    0.43608804   -0.13390620    0.47918185    0.86744100
   -0.41945924   -0.87557516    0.23962907   -0.05054552    0.28609216    0.95686803   -0.90636587    0.38925496   -0.16426040
   -0.47862500   -0.84319805   -0.24481656   -0.84083602    0.35989411    0.40431550   -0.25281001    0.39936609   -0.88124561
   -0.39347459   -0.91275962   -0.10976162   -0.65135579    0.36104111   -0.66737167    0.64877838   -0.19109993   -0.73659177
   -0.37494789   -0.90774813   -0.18816859    0.65375437   -0.11499801   -0.74791757    0.65728175   -0.40344615    0.63656256
   -0.27714703   -0.70293904   -0.65503147    0.94089353   -0.33670059   -0.03677053   -0.19470205   -0.62650572    0.75470636
   -0.41871152   -0.60479774   -0.67742185   -0.04735728   -0.73040422    0.68137138   -0.90688365    0.31737890    0.27718709
   -0.40017894   -0.55676972   -0.72791778   -0.89192710    0.05415158    0.44892499   -0.21052995    0.82889992   -0.51826833
   -0.45837166   -0.17112667   -0.87213020   -0.54486884    0.82935630    0.12363687    0.70214911    0.53186821   -0.47339501
   -0.34029920   -0.28348193   -0.89656815    0.54632344    0.71643098   -0.43388633    0.76532813   -0.63746737   -0.08892806
   -0.22916403   -0.10362305   -0.96785645    0.92987153   -0.31728272   -0.18620045   -0.28778947   -0.94265261    0.16906591
   -0.37161624    0.12771882   -0.91955928   -0.07556658   -0.99136660   -0.10715394   -0.92530593    0.02966780    0.37805920
   -0.23240250    0.27341909   -0.93339760   -0.91167841   -0.39559619    0.11111320   -0.33886806    0.87678142    0.34120783
   -0.33098414    0.40107799   -0.85415803   -0.48714208    0.70260956    0.51868333    0.80817207    0.58777228   -0.03717066
   -0.36960221    0.45872501   -0.80806285    0.71341176    0.69728707    0.06952980    0.59534684   -0.55078317   -0.58497866
   -0.30529754    0.89083644   -0.33645780    0.85674599    0.10272977   -0.50540370   -0.41566780   -0.44255738   -0.79458369
   -0.34180493    0.75539176   -0.55906411   -0.13920587   -0.62902848   -0.76481690   -0.92940363   -0.18359318    0.32016001
   -0.10905242    0.89546343   -0.43157018   -0.99386001   -0.10639029    0.03038724   -0.01870422    0.43223415    0.90156741
   -0.16652834    0.91404149    0.36986005   -0.38351237   -0.40560402    0.82970093    0.90839781   -0.00367718    0.41809078
   -0.16032319    0.98576466   -0.05064107    0.71639394    0.15150026    0.68104874    0.67902592    0.07290895   -0.73048483
    0.33415405    0.82350814    0.45844892    0.71709741    0.09352171   -0.69066996   -0.61164726    0.55954270   -0.55928490
   -0.16614468    0.70721632    0.68719795   -0.48396062    0.54870279   -0.68169449   -0.85917290   -0.44583666    0.25110080
   -0.00214841    0.69033942    0.72348246   -0.99507303   -0.07318875    0.06688103    0.09912139   -0.71977420    0.68709538
    0.06832810    0.37333342    0.92517751   -0.14731284   -0.91340425    0.37946225    0.98672701   -0.16221846   -0.00741437
   -0.06550100    0.34948826    0.93464837    0.87125662   -0.43657652    0.22430526    0.48643759    0.82901080   -0.27589776
   -0.11949550    0.14665551    0.98194347    0.62345998    0.78079299   -0.04074260   -0.77266971    0.60733390   -0.18473509
    0.07019738   -0.14456603    0.98700202   -0.49809916    0.85218469    0.16024507   -0.86427401   -0.50287366   -0.01218709
   -0.21134150   -0.27929062    0.93665977   -0.91290131   -0.28597733   -0.29125274    0.34920762   -0.91663172   -0.19452589
    0.04837535   -0.54555847    0.83667543    0.06117212   -0.83446550   -0.54765436    0.99695426    0.07767418   -0.00699459
   -0.02476508   -0.64162028    0.76662254    0.90185559   -0.34520718   -0.25978548    0.43132724    0.68494921    0.58719792
   -0.10919351   -0.75015321    0.65218627    0.53940411    0.50638871    0.67276569   -0.83493711    0.42525360    0.34934137
    0.13657347   -0.90278271    0.40783706   -0.43522601    0.31515172    0.84336096   -0.88990225   -0.29268202   -0.34987315
   -0.11186277   -0.97265651    0.20353387   -0.94252696    0.03895586   -0.33185143    0.31484862   -0.22895798   -0.92111269
   -0.11071270   -0.99346374    0.02779389    0.01450307   -0.02957780   -0.99945726    0.99374663   -0.11024951    0.01768291
    0.28835379   -0.95640554   -0.04626596    0.92694176    0.29093216   -0.23693343    0.24006469    0.02543481    0.97042363
    0.01181744   -0.94913538   -0.31464644    0.37910157   -0.28692387    0.87974808   -0.92527960   -0.12967933    0.35642801
    0.14360299   -0.93323367   -0.32932217   -0.64678542   -0.34037047    0.68250756   -0.74903058    0.11499065   -0.65248015
    0.08770294   -0.76669331   -0.63599494   -0.90813105    0.20085570   -0.36736218    0.40939734    0.60978550   -0.67864237
    0.43960759   -0.61508140   -0.65453803    0.03013748    0.73842084   -0.67366638    0.89768419    0.27642272    0.34315241
    0.33855059   -0.42475428   -0.83962331    0.91197724    0.36783696    0.18164111    0.23169165   -0.82721205    0.51189765
    0.32511906   -0.28285076   -0.90238187    0.48661638   -0.76815657    0.41610093   -0.81086503   -0.57439614   -0.11210253
    0.37228431   -0.02506197   -0.92778030   -0.63225743   -0.73865562   -0.23374861   -0.67945194    0.67361693   -0.29083551
    0.32040964    0.09643677   -0.94235748   -0.81920520    0.52771972   -0.22453226    0.47564745    0.84392645    0.24808799
    0.40886730    0.31759649   -0.85554661    0.20011635    0.88346941    0.42359798    0.89038249   -0.34440423    0.29766550
    0.38271892    0.43810108   -0.81338409    0.92367905   -0.16379516    0.34639307    0.01852680   -0.88387702   -0.46735229
    0.28237835    0.63255829   -0.72120210    0.23984909   -0.77447465   -0.58537290   -0.92883523   -0.00768304   -0.37041340
    0.47435551    0.69520933   -0.54006559   -0.71544492   -0.05302526   -0.69665407   -0.51295752    0.71684887    0.47223116
    0.32510193    0.82519465   -0.46191181   -0.70764182    0.53629706    0.46003100    0.62733707    0.17731115    0.75829345
    0.47241777    0.83878185   -0.27067776    0.37551447    0.08629088    0.92279075    0.79737716   -0.53758616   -0.27420938
    0.67002217    0.74156998    0.03382674    0.73390915   -0.65487508   -0.18032191   -0.11156903    0.14564543   -0.98302582
    0.82092177    0.56742245    0.06418106    0.07713877    0.00117176   -0.99701968   -0.56580655    0.82342601   -0.04280834
    0.65888129    0.64040362    0.39466270   -0.67294708    0.73625407   -0.07121912   -0.33618101   -0.21866217    0.91606178
    0.82822847    0.42987678    0.35950459   -0.38740440   -0.02432349    0.92158895    0.40491410   -0.90255987    0.14639075
    0.67672869    0.45776970    0.57661528    0.35135089   -0.88906182    0.29346488    0.64698596    0.00399819   -0.76249143
    0.79971073    0.21436237    0.56081328    0.59428065   -0.14975881   -0.79019163   -0.08540062    0.96520520   -0.24715514
    0.65809603    0.24196008    0.71299715   -0.01329824    0.95054584   -0.31029947   -0.75281656    0.19472524    0.62876809
    0.83359109   -0.05982634    0.54913268   -0.48918075    0.38179358    0.78417846   -0.25656986   -0.92230931    0.28899384
    0.69911939   -0.10297818    0.70755040   -0.44177310   -0.84030274    0.31420984    0.56219979   -0.53224693   -0.63296493
    0.68501667   -0.11437896    0.71949261    0.56481430   -0.54040223   -0.62365875    0.46014885    0.83359635   -0.30558167
    0.70082095   -0.46919365    0.53731491    0.70617237    0.56282198   -0.42959517   -0.10084932    0.68050624    0.72576902
    0.63959234   -0.62812938    0.44314233    0.02990107    0.59636450    0.80215666   -0.76813252   -0.49980282    0.40021190
    0.49288160   -0.60507782    0.62525879   -0.86824558   -0.29518189    0.39876969   -0.05672163   -0.73942442   -0.67084587
    0.55281093   -0.79924327    0.23581830   -0.48364463   -0.53818178   -0.69025231    0.67859262    0.26752677   -0.68406248
    0.75594548   -0.65190468    0.05972194    0.43079103    0.42669322   -0.79520562    0.49291532    0.62685977    0.60339150
    0.44747583   -0.88088490   -0.15429571    0.83325414    0.34803014    0.42960745   -0.32473516   -0.32080649    0.88973607
    0.95043258   -0.25346361   -0.18009475    0.05672406   -0.42814774    0.90192677   -0.30571277   -0.86743629   -0.39254807
    0.93799084   -0.28598528   -0.19592245   -0.34413569   -0.83626354   -0.42688864   -0.04175893    0.46784154   -0.88282528
    0.93817084   -0.08565957   -0.33540710   -0.33257481    0.04586124   -0.94196111    0.09607017    0.99526840    0.01453746
    0.91510812    0.26993601   -0.29951907   -0.21171512    0.95387839    0.21282086    0.34315279   -0.13134138    0.93005140
    0.98397456    0.11923902   -0.13257498    0.12362918    0.07955835    0.98913411    0.12849083   -0.98967294    0.06354197
    0.97446894   -0.19143744   -0.11731151   -0.17331611   -0.97353045    0.14899660   -0.14272985   -0.12486059   -0.98185438
