# Rotation matrices: 43 entries, row-major flattening of 3x3 -> 1x9
# https://github.com/Neurophysics-CFIN/GFO
# Col:  1    2    3    4    5    6    7    8    9
#       R11  R12  R13  R21  R22  R23  R31  R32  R33
# where Rij = R(i,j), i = row index, j = column index

   -0.97003627   -0.19488476   -0.14508471   -0.21195858    0.97069166    0.11327518    0.11875691    0.14063298   -0.98291361
   -0.88183533    0.06682953   -0.46679789    0.39694117    0.63959265   -0.65830004    0.25456662   -0.76580353   -0.59054279
   -0.49202243    0.01888850   -0.87037759    0.78021997   -0.43396968   -0.45047433   -0.38622627   -0.90072945    0.19878563
   -0.70778346    0.20765964   -0.67521851   -0.38836264   -0.91280123    0.12636602   -0.59009917    0.35166943    0.72671286
   -0.60163064    0.50823373   -0.61622970   -0.76731052   -0.15332732    0.62267592    0.22198006    0.84746045    0.48221950
   -0.79880690    0.59505385   -0.08842198    0.31409262    0.53788980    0.78231732    0.51308222    0.59714779   -0.61657210
   -0.66446410    0.62117000   -0.41549403    0.74565863    0.58812643   -0.31321001    0.04980636   -0.51793351   -0.85396967
   -0.56822005    0.80953920    0.14755423    0.20475228    0.31277109   -0.92749703   -0.79699591   -0.49681035   -0.34347780
   -0.99516518    0.06777440   -0.07108369    0.02314182   -0.54156773   -0.84033853   -0.09545007   -0.83792065    0.53738093
   -0.93123091    0.36434177   -0.00800454   -0.35169475   -0.89271662    0.28172300    0.09549767    0.26516431    0.95946239
   -0.72950838    0.56708232    0.38240706    0.23513676   -0.31708892    0.91878470    0.64228360    0.76017909    0.09797713
   -0.48674687    0.43947095    0.75494554    0.84369275    0.46050376    0.27589643   -0.22640679    0.77123380   -0.59492722
   -0.39365831    0.80160821    0.44995267    0.37708383    0.58721133   -0.71623365   -0.83835608   -0.11228145   -0.53343411
   -0.13591868    0.75604803    0.64024799   -0.55578928    0.47678554   -0.68100942   -0.82013681   -0.44840487    0.35539932
    0.13694726    0.04273417    0.98965612   -0.88199512   -0.44952599    0.14146018    0.45092134   -0.89224446   -0.02387002
   -0.06457945    0.27037140    0.96058774    0.03805226   -0.96122982    0.27311034    0.99718680    0.05418985    0.05178745
   -0.03577697   -0.32282977    0.94578060    0.99774064   -0.06538926    0.01542276    0.05686497    0.94419552    0.32443981
   -0.45133306   -0.15289572    0.87915946    0.31454890    0.89471708    0.31708096   -0.83507931    0.41964776   -0.35572222
    0.02774419   -0.75736815    0.65239845   -0.86255596    0.31170740    0.39854199   -0.50520044   -0.57378740   -0.64462434
    0.25849576   -0.38563069    0.88570250   -0.62685226   -0.76457404   -0.14994263    0.73500761   -0.51644508   -0.43937262
    0.16457104   -0.78507550    0.59713720    0.27603444   -0.54454573   -0.79200690    0.94695373    0.29517183    0.12709142
   -0.33747329   -0.84801939    0.40862561    0.88763624   -0.14215786    0.43805599   -0.31339063    0.51054310    0.80070723
   -0.26659878   -0.96378759   -0.00621037    0.06109956   -0.02333101    0.99785896   -0.96186898    0.26564853    0.06510702
    0.28760618   -0.95543653    0.06651106   -0.90501145   -0.24838709    0.34533771   -0.31342778   -0.15951453   -0.93611866
    0.31581908   -0.90598841    0.28185691   -0.67528653   -0.42330230   -0.60398946    0.66651813    0.00041723   -0.74548871
   -0.00990762   -0.99202763   -0.12563049    0.59506203    0.09511970   -0.79803096    0.80361870   -0.08266452    0.58937557
   -0.10762553   -0.88979925   -0.44347947    0.99159804   -0.12827216    0.01672052   -0.07176398   -0.43795382    0.89612855
   -0.28325709   -0.69223285   -0.66376133    0.20318345   -0.71971198    0.66387586   -0.93727365    0.05318223    0.34451378
   -0.52234131   -0.54734297   -0.65389237   -0.76897294    0.63376887    0.08377128    0.36856501    0.54658274   -0.75193560
    0.03603244   -0.39690602   -0.91715172   -0.61378844    0.71546054   -0.33373638    0.78864784    0.57496246   -0.21783654
    0.60239223    0.24502449   -0.75966216    0.30960843    0.80548114    0.50531451    0.73570797   -0.53959534    0.40935393
    0.56659575   -0.29377526   -0.76984761    0.74742077   -0.21008540    0.63025893   -0.34688823   -0.93250213    0.10054024
    0.80932625    0.57619775   -0.11396126    0.40605849   -0.68906767   -0.60025182   -0.42439077    0.43952462   -0.79165054
    0.85388826    0.08906824   -0.51277840   -0.51455270   -0.00350455   -0.85745159   -0.07816877    0.99601936    0.04283781
    0.92741776    0.21055161   -0.30913479   -0.06348733    0.90312670    0.42465459    0.36859959   -0.37420606    0.85094310
    0.28512992    0.46322283   -0.83912189    0.84035762    0.30023127    0.45128734    0.46097723   -0.83383799   -0.30366791
    0.67045436    0.56873989   -0.47647234    0.51152985   -0.81949182   -0.25839961   -0.53742735   -0.07048468   -0.84035930
    0.43083634    0.82345717   -0.36918604   -0.34503475   -0.22770888   -0.91054911   -0.83386514    0.51967966    0.18601608
    0.53838987    0.81016496    0.23188162   -0.77477585    0.58411646   -0.24193043   -0.33144943   -0.04940339    0.94217863
    0.76422358    0.63015447    0.13735961   -0.23611602    0.07517151    0.96881292    0.60017626   -0.77282248    0.20623741
    0.57157504    0.29593514    0.76532631    0.29029537   -0.94530891    0.14872681    0.76748327    0.13716215   -0.62622358
    0.80783327    0.37550071    0.45431775    0.55713702   -0.23490957   -0.79650225   -0.19236358    0.89655826   -0.39897312
    0.86795082   -0.25242253   -0.42771982   -0.13188603    0.71314505   -0.68849853    0.47881881    0.65399313    0.58568382
