# Rotation matrices: 24 entries, row-major flattening of 3x3 -> 1x9
# https://github.com/Neurophysics-CFIN/GFO
# Col:  1    2    3    4    5    6    7    8    9
#       R11  R12  R13  R21  R22  R23  R31  R32  R33
# where Rij = R(i,j), i = row index, j = column index

   -0.11385227   -0.94876224    0.29476747   -0.91725411    0.21436731    0.33569561   -0.38168384   -0.23215697   -0.89466228
   -0.32999703   -0.77473051    0.53934645   -0.65264605   -0.22555431   -0.72331071    0.68202279   -0.59069272   -0.43119256
   -0.93218683   -0.32504677    0.15928690    0.15669499   -0.75903965   -0.63190623    0.32630416   -0.56409521    0.75849996
   -0.88047149    0.19384373   -0.43265986   -0.37636417   -0.84074262    0.38923240   -0.28830532    0.50554570    0.81320574
   -0.57651482    0.60464274   -0.54957967   -0.81360861   -0.36280984    0.45432373    0.07531064    0.70906711    0.70110779
    0.07498049    0.97927611    0.18813887    0.17304248   -0.19858531    0.96468657    0.98205612   -0.03977666   -0.18434639
    0.53346166    0.83624572    0.12693208    0.77696644   -0.54379242    0.31719544    0.33427804   -0.07058964   -0.93982727
    0.85399173    0.51587118    0.06763908    0.18842777   -0.18547994   -0.96441286   -0.48496711    0.83634569   -0.25560279
    0.63207903    0.42394402    0.64865058   -0.38446905    0.89834832   -0.21249434   -0.67279986   -0.11507285    0.73082049
    0.77799128    0.06231002    0.62517759   -0.62805153    0.10367300    0.77123485   -0.01675838   -0.99265773    0.11979059
   -0.23494517    0.44273294    0.86532555   -0.01148936   -0.89144745    0.45297840    0.97194072    0.09648305    0.21452799
    0.15928057    0.30322271    0.93951354    0.93993157   -0.33762402   -0.05038519    0.30192440    0.89110382   -0.33878554
    0.29460994    0.74571867    0.59758568    0.53738533    0.38781323   -0.74887776   -0.79020376    0.54176061   -0.28648464
   -0.32598269    0.79204992    0.51613197   -0.77118361    0.09299779   -0.62978350   -0.54681910   -0.60333103    0.58050024
   -0.50976747    0.85036258    0.13046304   -0.86012108   -0.50056347   -0.09812211   -0.01813434   -0.16223347    0.98658575
   -0.96121540    0.26376545    0.08057750   -0.05676779   -0.47511990    0.87808798    0.26989325    0.83945748    0.47166595
   -0.90557071    0.31661535    0.28230552    0.42360336    0.71011295    0.56240536   -0.02240264    0.62888339   -0.77717681
   -0.66137007   -0.46811963    0.58604919   -0.45931469    0.87046864    0.17695864   -0.59297525   -0.15214586   -0.79071613
   -0.61628189    0.32731377    0.71628370   -0.47993259    0.56502834   -0.67112419   -0.62438878   -0.75736957   -0.19112819
    0.29654587   -0.20133006    0.93355597   -0.53025264   -0.84771769   -0.01438245    0.79428754   -0.49075546   -0.35814297
    0.52862660   -0.82036874    0.21805742   -0.22285206   -0.38199818   -0.89689149    0.81907928    0.42552616   -0.38475527
    0.61782212    0.14529765   -0.77277708    0.11423471    0.95576772    0.27103228    0.77797574   -0.25572770    0.57389641
    0.12148261    0.22228331   -0.96738416    0.95743784    0.23084238    0.17327600    0.26182963   -0.94726022   -0.18477912
   -0.13684305    0.63866937   -0.75721556    0.54936763   -0.58715391   -0.59451282   -0.82429921   -0.49734466   -0.27051635
