# Rotation matrices: 8 entries, row-major flattening of 3x3 -> 1x9
# https://github.com/Neurophysics-CFIN/GFO
# Col:  1    2    3    4    5    6    7    8    9
#       R11  R12  R13  R21  R22  R23  R31  R32  R33
# where Rij = R(i,j), i = row index, j = column index

   -0.96187392   -0.11046975   -0.25018992    0.07397265    0.77561235   -0.62686005    0.26329947   -0.62146755   -0.73786955
   -0.29004426   -0.44611240    0.84667470   -0.39095337   -0.75228370   -0.53030623    0.87351576   -0.48482261    0.04378642
   -0.49459388   -0.78538235   -0.37222502    0.79641918   -0.58102640    0.16770453   -0.34798474   -0.21350151    0.91286567
   -0.68136367    0.71262031   -0.16708036   -0.27817771   -0.04097645    0.95965519    0.67702342    0.70035222    0.22615495
    0.06684103    0.97294259   -0.22116734   -0.78900030    0.18722421    0.58517145    0.61074610    0.13538763    0.78016626
   -0.26330070    0.62146623    0.73787022   -0.91688402   -0.39905401    0.00892079    0.29999404   -0.67419257    0.67488366
    0.41859605   -0.09240641    0.90345913    0.11986887   -0.98048490   -0.15582301    0.90022708    0.17352353   -0.39935046
    0.82767866   -0.00079244   -0.56120175   -0.56100446    0.02538288   -0.82742353    0.01490060    0.99967749    0.02056431
