# Rotation matrices: 21 entries, row-major flattening of 3x3 -> 1x9
# https://github.com/Neurophysics-CFIN/GFO
# Col:  1    2    3    4    5    6    7    8    9
#       R11  R12  R13  R21  R22  R23  R31  R32  R33
# where Rij = R(i,j), i = row index, j = column index

   -0.03004845   -0.60209445    0.79785923   -0.64285825    0.62287091    0.44583081   -0.76539556   -0.49951386   -0.40577769
   -0.89043043   -0.42062345    0.17380898   -0.36748284    0.43917796   -0.81980430    0.26849584   -0.79385051   -0.54562932
   -0.91002629    0.09223740   -0.40415890    0.29908174   -0.52901616   -0.79416120   -0.28705796   -0.84358412    0.45383209
   -0.40158631    0.36020421   -0.84201031   -0.69361367   -0.71998605    0.02280702   -0.59802049    0.59318885    0.53897910
   -0.31047759    0.88064420   -0.35786795   -0.94097429   -0.23134132    0.24708009    0.13480000    0.41345737    0.90048985
    0.36500382    0.82231274   -0.43654778    0.25519390    0.36257102    0.89633606    0.89534814   -0.43857041   -0.07750939
    0.59719284    0.80027614    0.05402608    0.80031499   -0.59900058    0.02634816    0.05344745    0.02750295   -0.99819184
    0.99286923   -0.11880993   -0.00974084   -0.00035760    0.07874381   -0.99689482    0.11920803    0.98978968    0.07813982
    0.55141975    0.22608748    0.80300729   -0.05913663    0.97074750   -0.23270617   -0.83212927    0.08083163    0.54865939
    0.74807519    0.50307827    0.43277681   -0.55720766    0.12198003    0.82136502    0.36042077   -0.85558935    0.37156930
   -0.10568440    0.79042429    0.60337405   -0.14335759   -0.61254432    0.77732751    0.98401189   -0.00434686    0.17804971
    0.06047340    0.99800919   -0.01790576    0.88803324   -0.04560106    0.45751230    0.45578496   -0.04356823   -0.88902299
   -0.70692886    0.60836318    0.36075730    0.39324896    0.76203175   -0.51445396   -0.58788336   -0.22181491   -0.77794042
   -0.54634106    0.83260719    0.09097648   -0.58992368   -0.30542329   -0.74746684   -0.59455993   -0.46204100    0.65803998
   -0.86171589    0.08491102    0.50023578   -0.25215624   -0.92719829   -0.27698476    0.44029871   -0.36481974    0.82039235
   -0.44664629    0.37586451    0.81193162    0.64866844   -0.48898646    0.58319937    0.61622751    0.78715825   -0.02540746
    0.22815310    0.77318738    0.59171567    0.97362400   -0.18020296   -0.13993998   -0.00157091    0.60803632   -0.79390765
    0.12931202    0.17967941    0.97518906   -0.38073599    0.91706155   -0.11848301   -0.91559735   -0.35596830    0.18699750
    0.70364512   -0.53084765    0.47231803   -0.66855792   -0.26948908    0.69311323   -0.24065297   -0.80347770   -0.54452707
    0.61296543    0.39846870   -0.68227273    0.00106846   -0.86393367   -0.50360448   -0.79010900    0.30796316   -0.52998722
    0.29428848    0.09214062   -0.95126463   -0.79999992   -0.52080055   -0.29793775   -0.52287132    0.84869128   -0.07955312
