# Rotation matrices: 52 entries, row-major flattening of 3x3 -> 1x9
# https://github.com/Neurophysics-CFIN/GFO
# Col:  1    2    3    4    5    6    7    8    9
#       R11  R12  R13  R21  R22  R23  R31  R32  R33
# where Rij = R(i,j), i = row index, j = column index

   -0.97157457   -0.15709513    0.17709879   -0.14519133    0.98629545    0.07836306   -0.18698218    0.05042235   -0.98106842
   -0.99918853    0.03989828    0.00551426    0.00560290    0.27326118   -0.96192356   -0.03988593   -0.96111209   -0.27326299
   -0.95146175    0.24628025   -0.18457134   -0.03876269   -0.69082946   -0.72197792   -0.30531622   -0.67977989    0.66684429
   -0.86419875   -0.00299918   -0.50314165   -0.28777969   -0.81732383    0.49916391   -0.41272674    0.57617077    0.70546713
   -0.62412139    0.56044541   -0.54440191   -0.75201804   -0.24183816    0.61317466    0.21199376    0.79209548    0.57240143
   -0.61858591    0.51833735   -0.59048952   -0.09797938    0.69477530    0.71252180    0.77958419    0.49861174   -0.37899184
   -0.29476137    0.77246114   -0.56251179    0.95228520    0.18868443   -0.23989808   -0.07917473   -0.60638434   -0.79122019
   -0.58805329    0.80420246    0.08632339    0.54300646    0.47163679   -0.69476810   -0.59944750   -0.36168651   -0.71403470
   -0.42690332    0.90056114   -0.08211687   -0.64577108   -0.36716585   -0.66945422   -0.63303497   -0.23276353    0.73830066
   -0.39721431    0.71297124    0.57783459   -0.83169066   -0.54583353    0.10176646    0.38795805   -0.44015654    0.80978440
   -0.59760793    0.50674063    0.62135231    0.29443617   -0.58211439    0.75792492    0.74576948    0.63589053    0.19867340
   -0.81820534    0.57353971    0.03990272    0.52032695    0.70919612    0.47571077    0.24454016    0.40999155   -0.87869622
   -0.51245160    0.16876495    0.84196897    0.17213271    0.98078479   -0.09182335   -0.84128692    0.09787538   -0.53165470
   -0.76678871    0.28920402    0.57305855   -0.55382000    0.15328639   -0.81840497   -0.32452809   -0.94491498    0.04262869
   -0.89318577    0.16021285    0.42017974   -0.36204030   -0.81042424   -0.46058591    0.26673206   -0.56351078    0.78186291
   -0.72331901   -0.30312533    0.62042296    0.55467976   -0.79020239    0.26059651    0.41126630    0.53263046    0.73970590
   -0.40442912   -0.24346913    0.88156672    0.89855815    0.07379694    0.43260521   -0.17038294    0.96709710    0.18892554
   -0.72173734   -0.17383005    0.66998383    0.14983137    0.90576485    0.39640964   -0.67575571    0.38648823   -0.62767911
    0.03744875   -0.46539681    0.88430956   -0.78970927    0.52847331    0.31156897   -0.61233721   -0.71001533   -0.34773751
   -0.15082106   -0.42681408    0.89167413   -0.77456918   -0.50943248   -0.37486150    0.61424393   -0.74720030   -0.25376388
    0.07599887   -0.92601899    0.36974721    0.57431338   -0.26247895   -0.77541533    0.81510018    0.27128145    0.51187700
   -0.38070414   -0.82012152    0.42715927    0.92394968   -0.31880993    0.21136984   -0.03716634    0.47514305    0.87912328
    0.09109514   -0.96863378    0.23119315    0.24764602    0.24689993    0.93686278   -0.96455851   -0.02808958    0.26236968
    0.08147613   -0.98747486   -0.13511123   -0.81971238   -0.14350454    0.55450704   -0.56695084    0.06557326   -0.82113756
    0.41926757   -0.80229297   -0.42490082   -0.54569210    0.15133545   -0.82420733    0.72555830    0.57742842   -0.37435489
   -0.18156545   -0.97043398   -0.15903419    0.33058798    0.09207546   -0.93927296    0.92614555   -0.22311431    0.30409609
    0.08497435   -0.88821141   -0.45150842    0.94516390   -0.07156274    0.31865967   -0.31534833   -0.45382736    0.83342436
   -0.30194747   -0.73871810   -0.60259713   -0.04988377   -0.61899176    0.78381172   -0.95201856    0.26672978    0.15005296
   -0.05766251   -0.63985686   -0.76632776   -0.97798360   -0.11800131    0.17211557   -0.20055701    0.75938060   -0.61896526
    0.15249167   -0.46560246   -0.87175722   -0.13488273    0.86401496   -0.48506164    0.97905717    0.19155285    0.06895336
    0.21301742   -0.25283007   -0.94376932    0.56589849    0.81935158   -0.09177082    0.79648131   -0.51452885    0.31761231
   -0.33925821   -0.13902203   -0.93036377    0.90666552   -0.31192646   -0.28400619   -0.25072196   -0.93988018    0.23187009
   -0.26457374    0.08343705   -0.96074919   -0.11020884   -0.99233912   -0.05583089   -0.95804736    0.09111166    0.27174237
    0.21173208    0.02450947   -0.97702038   -0.93779913   -0.27633970   -0.21016460   -0.27514054    0.96074745   -0.03552502
    0.00239922    0.70955537   -0.70464560   -0.35742057    0.65870930    0.66208202    0.93394046    0.25026635    0.25519007
    0.37185108    0.70968309   -0.59839509    0.54522741    0.35474298    0.75952912    0.75130144   -0.60869313   -0.25502711
    0.75758654    0.46807879   -0.45493393    0.48932901   -0.86853492   -0.07876684   -0.43199509   -0.16293967   -0.88703490
    0.58607831    0.74084691   -0.32811288   -0.12840533   -0.31491024   -0.94039545   -0.80001517    0.59327683   -0.08943337
    0.56652466    0.82297611    0.04195397   -0.77291021    0.54833620   -0.31927607   -0.28576146    0.14845112    0.94673262
    0.91755210    0.39759601    0.00394448   -0.09374987    0.20668932    0.97390476    0.38640537   -0.89397815    0.22692279
    0.40075299    0.91441937    0.05687043    0.66422801   -0.33273582    0.66939378    0.63102947   -0.23048663   -0.74072783
    0.72125377    0.63221945    0.28300453    0.43996320   -0.10256837   -0.89213906   -0.53500036    0.76797024   -0.35213112
    0.38813073    0.70863120    0.58923370   -0.57221261    0.68648763   -0.44867301   -0.72244534   -0.16302317    0.67193465
    0.72709863    0.35090445    0.59007936   -0.68572366    0.32947741    0.64902057    0.03332638   -0.87653334    0.48018606
    0.69218289    0.40688364    0.59609442    0.12031100   -0.87942803    0.46057747    0.71162358   -0.24708713   -0.65767761
    0.27269488    0.30895766    0.91114360    0.89373154   -0.43197377   -0.12100662    0.35620421    0.84731566   -0.39392224
    0.62335078   -0.08230616    0.77759855    0.56001390    0.74102637   -0.37049204   -0.54572725    0.66641250    0.50801196
    0.38774792   -0.34453577    0.85495418   -0.45046287    0.73838966    0.50186045   -0.80419821   -0.57972046    0.13110848
    0.89346877   -0.10675225    0.43625395   -0.42100083   -0.53739712    0.73072747    0.15643482   -0.83654545   -0.52509033
    0.70151587   -0.67144920    0.23881260   -0.69104347   -0.72280951   -0.00231101    0.17416774   -0.16340867   -0.97106292
    0.87652984   -0.42674584   -0.22267337   -0.08894071    0.31105025   -0.94622264    0.47305918    0.84919711    0.23468975
    0.88474015    0.46283957    0.05490347   -0.46492132    0.86807004    0.17407631    0.03290935   -0.17953809    0.98320041
