# Rotation matrices: 23 entries, row-major flattening of 3x3 -> 1x9
# https://github.com/Neurophysics-CFIN/GFO
# Col:  1    2    3    4    5    6    7    8    9
#       R11  R12  R13  R21  R22  R23  R31  R32  R33
# where Rij = R(i,j), i = row index, j = column index

    0.07454163   -0.58462093    0.80787494   -0.97445897    0.12938802    0.18354413   -0.21183308   -0.80092266   -0.56004432
   -0.71678189   -0.61507655    0.32848829   -0.62652428    0.36129950   -0.69060119    0.30608995   -0.70081631   -0.64433333
   -0.99787602    0.03949477   -0.05180367   -0.00012983   -0.79644854   -0.60470629   -0.06514170   -0.60341518    0.79476203
   -0.49245805    0.30401298   -0.81551283   -0.53778474   -0.84301702    0.01048213   -0.68430450    0.44373236    0.57864406
   -0.14160592    0.96553743   -0.21836950   -0.79507039    0.02048868    0.60617100    0.58975489    0.25945653    0.76476891
    0.21775894    0.82318613   -0.52435258    0.35561574    0.43339443    0.82807410    0.90891061   -0.36678857   -0.19836243
    0.51163262    0.85916430   -0.00829295    0.85920430   -0.51161105    0.00470219   -0.00020281   -0.00953113   -0.99995456
    0.27854588    0.69711242    0.66064095    0.61422028    0.39950638   -0.68053516   -0.73833979    0.59533933   -0.31689973
    0.64346414    0.61698639    0.45308024   -0.61582349    0.76880535   -0.17233616   -0.45465958   -0.16812532    0.87465339
    0.90018085    0.27881108    0.33457258   -0.42436750    0.38882108    0.81775937    0.09791150   -0.87811306    0.46832765
   -0.34712771    0.82098708    0.45330185   -0.08395461   -0.50862139    0.85688734    0.93405245    0.25939256    0.24548223
    0.04841334    0.96998189    0.23830921    0.74845898   -0.19322104    0.63440901    0.66141160    0.14765081   -0.73534613
   -0.21305357    0.48136015    0.85023561    0.31488429    0.85761198   -0.40663200   -0.92490868    0.18109144   -0.33429004
   -0.64814816    0.76103829    0.02692012   -0.20803934   -0.14295197   -0.96761788   -0.73254597   -0.63276019    0.25097996
   -0.77689563    0.14645462    0.61235956   -0.43151133   -0.83209519   -0.34844737    0.45850972   -0.53494733    0.70964794
   -0.71717582    0.42168580    0.55483325    0.15772638   -0.67727700    0.71862247    0.67880868    0.60289050    0.41921571
   -0.39558307   -0.33413121    0.85549423    0.76979698    0.38741494    0.50726943   -0.50092579    0.85922407    0.10395840
    0.23758773    0.24725256    0.93937120   -0.18105450    0.96138690   -0.20725465   -0.95434341   -0.12083622    0.27317992
    0.67715051   -0.01890622    0.73560162   -0.57380053    0.61227390    0.54394267   -0.46067357   -0.79041965    0.40375319
    0.54562251   -0.71827426    0.43171537   -0.83687214   -0.49408823    0.23563074    0.04405799   -0.48985600   -0.87068938
    0.90748576   -0.38216737    0.17440671    0.20002077    0.02800760   -0.97939127    0.36940667    0.92366860    0.10185791
    0.86281038    0.31220574   -0.39760008   -0.23728269    0.94459337    0.22680452    0.44638007   -0.10134568    0.88908598
    0.18648436    0.04858748   -0.98125575    0.96427622    0.18220846    0.19227963    0.18813548   -0.98205872   -0.01287272
