# Rotation matrices: 81 entries, row-major flattening of 3x3 -> 1x9
# https://github.com/Neurophysics-CFIN/GFO
# Col:  1    2    3    4    5    6    7    8    9
#       R11  R12  R13  R21  R22  R23  R31  R32  R33
# where Rij = R(i,j), i = row index, j = column index

   -0.99989599   -0.01422343    0.00238787   -0.01385976    0.99341829    0.11370143   -0.00398937    0.11365650   -0.99351210
   -0.98517801   -0.06680203   -0.15799295    0.10336481    0.50385841   -0.85757939    0.13689412   -0.86119927   -0.48948525
   -0.93388166    0.15915977   -0.32020809    0.17670629   -0.57308851   -0.80021525   -0.31086965   -0.80388913    0.50707232
   -0.69633239    0.41999532   -0.58200097   -0.38001823   -0.90365985   -0.19744624   -0.60885741    0.08368277    0.78885350
   -0.75345559    0.38299461   -0.53443410   -0.64656207   -0.28395163    0.70804588    0.11942432    0.87902594    0.46157473
   -0.68942538    0.66600006   -0.28484481   -0.02443994    0.37162708    0.92806034    0.72394429    0.64678995   -0.23993214
   -0.60344830    0.52806983   -0.59748841    0.65940700    0.75178456   -0.00154528    0.44836655   -0.39492053   -0.80187606
   -0.86524468    0.50046371   -0.02979466    0.25051620    0.38010648   -0.89037110   -0.43427328   -0.77785290   -0.45425937
   -0.78130417    0.62386745   -0.01879331   -0.40913312   -0.53465479   -0.73942840   -0.47135324   -0.57002953    0.67297285
   -0.80363282    0.59381409   -0.03948566   -0.57397347   -0.75583054    0.31507882    0.15725377    0.27587140    0.94824376
   -0.76433028    0.54964650    0.33717644    0.17138326   -0.33092839    0.92796238    0.62163253    0.76705614    0.15873838
   -0.88795041    0.41742307    0.19313738    0.43312907    0.61762252    0.65646145    0.15473616    0.66655863   -0.72921623
   -0.84757632    0.19599984    0.49315153   -0.01289887    0.92141005   -0.38837757   -0.53051672   -0.33554073   -0.77843717
   -0.84442666    0.19381071    0.49938063   -0.48048440    0.13808325   -0.86606452   -0.23680868   -0.97127258   -0.02347816
   -0.76615270    0.19535038    0.61224854   -0.43342831   -0.86046861   -0.26783143    0.47449968   -0.47056562    0.74392073
   -0.83194460   -0.08781118    0.54786621    0.22330962   -0.95688916    0.18573087    0.50793799    0.27686159    0.81568785
   -0.61029493   -0.14458191    0.77886852    0.76676084    0.13922742    0.62665265   -0.19904249    0.97964881    0.02588996
   -0.33751178   -0.15724673    0.92809443    0.03898779    0.98276737    0.18068829   -0.94051356    0.09716877   -0.32556486
   -0.29491446   -0.48958186    0.82056996   -0.71940083    0.67896153    0.14653905   -0.62887830   -0.54710223   -0.55244117
   -0.33757025   -0.67758560    0.65339428   -0.69404217   -0.28975292   -0.65905137    0.63588662   -0.67595932   -0.37246102
   -0.31805147   -0.67040012    0.67037821    0.34081381   -0.74067493   -0.57900483    0.88469724    0.04432081    0.46405437
   -0.35868283   -0.85002085    0.38576052    0.92709602   -0.27622274    0.25336531   -0.10880997    0.44851482    0.88712730
   -0.35630257   -0.89139215    0.28012231    0.17763854    0.22970712    0.95691127   -0.91732929    0.39071047    0.07650036
   -0.42536844   -0.89133901   -0.15676884   -0.87549871    0.36139047    0.32077864   -0.22926775    0.27370003   -0.93409025
   -0.54208570   -0.83993177    0.02564589   -0.64805499    0.39843197   -0.64905831    0.53494656   -0.36846518   -0.76030625
   -0.28861453   -0.85444360   -0.43200438    0.48299573    0.25965343   -0.83623873    0.82669025   -0.45000692    0.33775286
   -0.39170314   -0.89137196   -0.22808919    0.91259064   -0.40797261    0.02714169   -0.11724749   -0.19752057    0.97326186
   -0.58117218   -0.74511267   -0.32717885    0.00784129   -0.40715674    0.91332464   -0.81374284    0.52823337    0.24247082
   -0.31987604   -0.61227703   -0.72304644   -0.86376616   -0.12514660    0.48810486   -0.38934220    0.78067609   -0.48883278
   -0.33985515   -0.57925248   -0.74092175   -0.49821843    0.77907544   -0.38055204    0.79766965    0.23980830   -0.55336706
   -0.42684039   -0.35631869   -0.83117043    0.64077944    0.52938789   -0.55601274    0.63812929   -0.76992562    0.00235756
   -0.40914371   -0.10839125   -0.90600925    0.89757505   -0.22648144   -0.37823960   -0.16419642   -0.96796565    0.18995274
   -0.40246058    0.05981438   -0.91348110   -0.29351057   -0.95361399    0.06687232   -0.86710843    0.29502983    0.40134819
    0.05347871    0.30396435   -0.95118121   -0.98696634   -0.12869557   -0.09661729   -0.15178102    0.94395081    0.29312011
   -0.23470543    0.75141310   -0.61667796   -0.51770784    0.44031429    0.73355430    0.82273444    0.49142819    0.28566830
   -0.05173799    0.44551516   -0.89377817    0.74796826    0.61030075    0.26091470    0.66171494   -0.65501850   -0.36480693
    0.24806471    0.85133514   -0.46226873    0.80588622   -0.44616172   -0.38921346   -0.53759771   -0.27598588   -0.79675624
    0.02977152    0.97387070   -0.22514334   -0.14540132   -0.21862789   -0.96491466   -0.98892473    0.06146311    0.13509320
    0.05851279    0.98972014   -0.13050019   -0.99266460    0.04382987   -0.11267625   -0.10579815    0.13613592    0.98502475
   -0.05178790    0.98920072    0.13711290   -0.30621547   -0.14641268    0.94063564    0.95055252    0.00672745    0.31049097
   -0.09089286    0.96181870    0.25815358    0.86350356   -0.05301444    0.50154867    0.49608476    0.26850373   -0.82571524
   -0.01374700    0.90983918    0.41473327    0.74267283    0.28701272   -0.60502956   -0.66951333    0.29969379   -0.67965840
    0.01684918    0.76905458    0.63896100   -0.33775757    0.60586354   -0.72031188   -0.94108232   -0.20367725    0.26996231
   -0.02166040    0.68833761    0.72506700   -0.98704562   -0.13004215    0.09396801    0.15897098   -0.71363882    0.68223739
    0.06393930    0.47861599    0.87569315   -0.18368107   -0.85685302    0.48173038    0.98090419   -0.19164976    0.03312612
   -0.08749590    0.24323041    0.96601420    0.84692517   -0.49238493    0.20068594    0.52446376    0.83570093   -0.16291630
   -0.05379609    0.28985312    0.95555803    0.66407584    0.72503893   -0.18254267   -0.74572734    0.62474292   -0.23148871
    0.24674370   -0.04420726    0.96807193   -0.37900583    0.91498865    0.13838480   -0.89189244   -0.40105048    0.20901288
    0.20590837   -0.17887414    0.96208408   -0.95304557   -0.25974507    0.15568118    0.22204926   -0.94896604   -0.22395889
    0.14701599   -0.54151777    0.82773474   -0.12123035   -0.84038322   -0.52826059    0.98167688   -0.02268381   -0.18919816
    0.29955592   -0.60650628    0.73648923    0.88521641   -0.11126554   -0.45167676    0.35589066    0.78725480    0.50355905
    0.21689226   -0.81946383    0.53050615    0.59773438    0.54113821    0.59150913   -0.77179749    0.18880801    0.60719039
    0.36676887   -0.83369469    0.41283625   -0.35250641    0.28613088    0.89099290   -0.86094125   -0.47231588   -0.18893882
    0.34719151   -0.91122088    0.22166319   -0.91928719   -0.37742235   -0.11163973    0.18538910   -0.16501177   -0.96871152
    0.43492172   -0.89873882    0.05578204   -0.22351840   -0.16775994   -0.96015422    0.87228586    0.40512361   -0.27384710
    0.39957005   -0.91224047   -0.09033883    0.84096178    0.40399592   -0.35995913    0.36486580    0.06785739    0.92858404
    0.48936642   -0.83136010   -0.26336455    0.54538957    0.05610421    0.83630289   -0.68049300   -0.55289483    0.48087065
    0.46740027   -0.70703379   -0.53069784   -0.52107824   -0.70527566    0.48069087   -0.71415296    0.05186005   -0.69806596
    0.41780128   -0.68796969   -0.59341368   -0.81078921    0.01238598   -0.58520719    0.40995482    0.72563372   -0.55262352
    0.46483619   -0.66361254   -0.58612773    0.14538980    0.71021841   -0.68880448    0.87337800    0.23496426    0.42661771
    0.53309370   -0.41333939   -0.73821518    0.83576835    0.39293061    0.38353200    0.13153846   -0.82143538    0.55492482
    0.41688120   -0.32135414   -0.85025971    0.39029701   -0.78151099    0.48673279   -0.82090091   -0.53476358   -0.20037368
    0.31169666   -0.18017767   -0.93294223   -0.76203486   -0.63390341   -0.13217161   -0.56758089    0.75213195   -0.33488725
    0.37023236    0.05050782   -0.92756507   -0.84756633    0.42705567   -0.31504726    0.38020957    0.90281361    0.20091855
    0.58175869    0.36347988   -0.72762573    0.29357020    0.74045187    0.60460530    0.75853369   -0.56534362    0.32405745
    0.72790604    0.35684864   -0.58550136    0.63862566   -0.66369322    0.38944650   -0.24961983   -0.65739666   -0.71099900
    0.76540012    0.47139922   -0.43811577    0.18492824   -0.81316785   -0.55186919   -0.61641236    0.34138077   -0.70957380
    0.79152221    0.54767808   -0.27118502   -0.54792305    0.43941246   -0.71182654   -0.27068971    0.71201504    0.64789016
    0.83688721    0.50265436   -0.21669886   -0.37076223    0.81178901    0.45114739    0.40268496   -0.29721573    0.86574109
    0.75888166    0.64075704   -0.11631437    0.37823541   -0.28827889    0.87967793    0.53012885   -0.71156567   -0.46112656
    0.78119294    0.56627311    0.26281621    0.62364377   -0.72700701   -0.28727905    0.02839082    0.38832406   -0.92108544
    0.87375038    0.47608303    0.09952496    0.11463712   -0.00272171   -0.99340371   -0.47267177    0.87939612   -0.05695488
    0.71560364    0.47287492    0.51410188   -0.59385620    0.79936821    0.09135247   -0.36775841   -0.37067475    0.85285050
    0.85468783    0.29495488    0.42721229   -0.46971158    0.08890352    0.87833205    0.22108765   -0.95136627    0.21452848
    0.69117028    0.40604064    0.59784166    0.42890114   -0.89627220    0.11287139    0.58165923    0.17840162   -0.79362800
    0.77359547    0.17208568    0.60986602    0.63340927   -0.18187492   -0.75213975   -0.01851315    0.96814670   -0.24969828
    0.66559451   -0.02975353    0.74572024    0.07892068    0.99640853   -0.03068510   -0.74212901    0.07927658    0.66555222
    0.68312134   -0.22249960    0.69558548   -0.58316464    0.40715550    0.70295335   -0.43961829   -0.88584329    0.14838271
    0.94017270   -0.10902951    0.32278144   -0.27383837   -0.80549843    0.52553289    0.20270134   -0.58248162   -0.78716410
    0.99250620    0.08285201   -0.08981636   -0.00405414   -0.71229757   -0.70186590   -0.12212697    0.69697039   -0.70662386
    0.98348948    0.03513237   -0.17752227   -0.13532826    0.79406011   -0.59258316    0.12014450    0.60682309    0.78570417
