# Rotation matrices: 10 entries, row-major flattening of 3x3 -> 1x9
# https://github.com/Neurophysics-CFIN/GFO
# Col:  1    2    3    4    5    6    7    8    9
#       R11  R12  R13  R21  R22  R23  R31  R32  R33
# where Rij = R(i,j), i = row index, j = column index

   -0.93180783    0.22486309    0.28490483    0.17701337    0.96682957   -0.18413814   -0.31686028   -0.12114939   -0.94070313
   -0.91411967   -0.24504062   -0.32301753    0.17892840    0.47110724   -0.86373758    0.36382669   -0.84735652   -0.38680366
   -0.61284061    0.34155475   -0.71257754    0.56313344   -0.44383950   -0.69705611   -0.55435288   -0.82846053    0.07966197
    0.55349315    0.28202061   -0.78365152    0.07782105   -0.95431950   -0.28847560   -0.82920999    0.09868468   -0.55015645
    0.16855468    0.42317565   -0.89023126   -0.85141059    0.51759334    0.08483600    0.49667830    0.74365281    0.44753901
   -0.59472371    0.79832796   -0.09474271    0.57324008    0.50373704    0.64625444    0.56364840    0.33003252   -0.75721795
    0.62645115    0.77734242    0.05742576    0.62488311   -0.54489068    0.55912006    0.46591850   -0.31437702   -0.82709554
    0.28924364    0.42910681    0.85569005    0.77087571    0.42555283   -0.47397830   -0.56752864    0.79672588   -0.20769956
    0.03641905    0.99370562   -0.10593773   -0.11568749   -0.10110307   -0.98812680   -0.99261778    0.04824231    0.11127723
    0.31979284   -0.65244018   -0.68706212    0.94708217    0.24132328    0.21165640    0.02771095   -0.71839048    0.69508792
