# Rotation matrices: 82 entries, row-major flattening of 3x3 -> 1x9
# https://github.com/Neurophysics-CFIN/GFO
# Col:  1    2    3    4    5    6    7    8    9
#       R11  R12  R13  R21  R22  R23  R31  R32  R33
# where Rij = R(i,j), i = row index, j = column index

   -0.99675126   -0.05346946    0.06023245   -0.04518903    0.99031080    0.13131060   -0.06666995    0.12816216   -0.98950977
   -0.98746800    0.05770243   -0.14689238    0.15579268    0.50508902   -0.84888970    0.02521073   -0.86113618   -0.50774886
   -0.94889542    0.20474775   -0.24015793    0.12145821   -0.46543691   -0.87670770   -0.29128230   -0.86107307    0.41678266
   -0.68757667    0.43814702   -0.57902116   -0.42625742   -0.88912278   -0.16662922   -0.58782900    0.13224170    0.79810350
   -0.75300175    0.42485426   -0.50248107   -0.64394641   -0.31870293    0.69552963    0.13535654    0.84730591    0.51356724
   -0.70325057    0.64056336   -0.30841080   -0.05165936    0.38661720    0.92079230    0.70906273    0.66348001   -0.23879767
   -0.66235227    0.59563886   -0.45442692    0.68374162    0.72853359   -0.04166764    0.30624641   -0.33830926   -0.88980896
   -0.85528559    0.51756368    0.02478716    0.18376832    0.34771390   -0.91941517   -0.48447474   -0.78180744   -0.39250649
   -0.67530677    0.73645456   -0.03994309   -0.47812962   -0.47838022   -0.73657615   -0.56156285   -0.47831689    0.67517414
   -0.80004902    0.59945177    0.02406559   -0.55851362   -0.75885873    0.33495667    0.21905275    0.25454079    0.94192615
   -0.76324447    0.52873482    0.37134535    0.23805390   -0.30418257    0.92239000    0.60065649    0.79240927    0.10629828
   -0.83213896    0.50684861    0.22505385    0.51576281    0.55818564    0.64993655    0.20379761    0.65691193   -0.72590168
   -0.86659896    0.21575762    0.44994987    0.03480924    0.92563491   -0.37681338   -0.49778967   -0.31088367   -0.80966461
   -0.87420635    0.15273434    0.46090724   -0.44969269    0.10335088   -0.88718379   -0.18313859   -0.98284832   -0.02166648
   -0.74217744    0.13094899    0.65728609   -0.35084201   -0.91152407   -0.21455477    0.57103636   -0.38984128    0.72245501
   -0.85571954   -0.14175937    0.49764280    0.33963935   -0.87944239    0.33350593    0.39037058    0.45440661    0.80070309
   -0.61388231   -0.16907224    0.77107917    0.77579498    0.05133684    0.62889321   -0.14591315    0.98426577    0.09965062
   -0.37612706   -0.08558740    0.92260676    0.01055075    0.99526455    0.09662895   -0.92650802    0.04607896   -0.37344292
   -0.37480252   -0.57258672    0.72915535   -0.74786273    0.65154820    0.12722531   -0.54792738   -0.49762374   -0.67241817
   -0.29147382   -0.64544208    0.70600817   -0.67484823   -0.38433480   -0.62997351    0.67795492   -0.66006915   -0.32355192
   -0.31507139   -0.63761517    0.70297718    0.40564348   -0.76010992   -0.50762808    0.85801130    0.12521903    0.49813333
   -0.39375941   -0.83801841    0.37772830    0.91334758   -0.31033789    0.26360308   -0.10368083    0.44879343    0.88760056
   -0.40296097   -0.87950309    0.25317339    0.18880826    0.19078964    0.96330201   -0.89552995    0.43597434    0.08917667
   -0.40907248   -0.90741107   -0.09625411   -0.89649186    0.37998024    0.22785384   -0.17018243    0.17949976   -0.96892609
   -0.50488619   -0.86270476    0.02881727   -0.62954315    0.34518014   -0.69607908    0.59056359   -0.36958243   -0.71738656
   -0.36432468   -0.85331883   -0.37298057    0.44523763    0.19216579   -0.87454889    0.81794314   -0.48468473    0.30991891
   -0.43524963   -0.86060158   -0.26442897    0.90002258   -0.42333872   -0.10365176   -0.02274015   -0.28310644    0.95881887
   -0.47954020   -0.75448970   -0.44809206    0.01407361   -0.51718152    0.85576002   -0.87740705    0.40406506    0.25862773
   -0.28834298   -0.61437562   -0.73443919   -0.88215674   -0.12783511    0.45327439   -0.37236784    0.77858897   -0.50511524
   -0.35699640   -0.55150378   -0.75392119   -0.48346503    0.79968193   -0.35604827    0.79925912    0.23738658   -0.55211636
   -0.44749050   -0.36640017   -0.81578378    0.65658500    0.48472593   -0.57787274    0.60716422   -0.79422395    0.02366260
   -0.36413402   -0.11027327   -0.92479523    0.91477534   -0.22882625   -0.33290332   -0.17490708   -0.96720130    0.18419869
   -0.46159383   -0.00965841   -0.88703881   -0.18634875   -0.97657328    0.10760473   -0.86729769    0.21496825    0.44898036
   -0.08134736    0.31458310   -0.94573785   -0.97022547   -0.24218620    0.00289467   -0.22813404    0.91781442    0.32491775
   -0.25572143    0.70080541   -0.66594169   -0.51567565    0.48378317    0.70712974    0.81773173    0.52423814    0.23767456
   -0.16597041    0.43476291   -0.88511866    0.71088856    0.67481077    0.19816126    0.68344076   -0.59633182   -0.42106660
    0.25320398    0.88930685   -0.38081632    0.79135281   -0.41682669   -0.44723175   -0.55646066   -0.18811921   -0.80929765
   -0.13336185    0.96685927   -0.21771028   -0.16916483   -0.23865624   -0.95625648   -0.97652336   -0.09069921    0.19538622
    0.14056351    0.95797198   -0.25006316   -0.98301984    0.10494622   -0.15052672   -0.11795720    0.26697561    0.95645707
   -0.01805618    0.97584686    0.21770826   -0.24151194   -0.21555278    0.94615484    0.97022985   -0.03549521    0.23957073
   -0.06736302    0.95680477    0.28281947    0.85650731   -0.08992779    0.50824032    0.51172009    0.27647354   -0.81345247
   -0.01684617    0.94372932    0.33028954    0.76337488    0.22548015   -0.60532429   -0.64573602    0.24193734   -0.72421773
    0.04873860    0.73042024    0.68125680   -0.32629753    0.65628814   -0.68030566   -0.94400978   -0.18913527    0.27032089
   -0.08773995    0.69952685    0.70919947   -0.98300698   -0.17604144    0.05202588    0.16124200   -0.69258328    0.70308564
    0.03073131    0.50928046    0.86005174   -0.19378340   -0.84109629    0.50498022    0.98056289   -0.18218245    0.07284211
   -0.06144190    0.34784666    0.93553599    0.83641730   -0.49351570    0.23842894    0.54463841    0.79714801   -0.26062242
   -0.06154343    0.19405166    0.97905892    0.66935362    0.73566618   -0.10373525   -0.74039053    0.64895241   -0.17516460
    0.16096258   -0.10186742    0.98168940   -0.38402208    0.90981323    0.15737514   -0.90918540   -0.40232191    0.10732655
    0.08752814   -0.04216357    0.99526934   -0.97564306   -0.20536773    0.07710193    0.20114532   -0.97777622   -0.05911205
    0.10366554   -0.50079429    0.85933610   -0.07351945   -0.86548575   -0.49550913    0.99189130   -0.01181069   -0.12653917
    0.31328246   -0.63963355    0.70194231    0.87172866   -0.09954721   -0.47977025    0.37675355    0.76220684    0.52640051
    0.16786388   -0.81161300    0.55955881    0.57256969    0.54232782    0.61485322   -0.80248717    0.21717477    0.55574226
    0.25024911   -0.86346425    0.43795533   -0.45362088    0.29505896    0.84093300   -0.85533823   -0.40910841   -0.31784717
    0.26293898   -0.95181219    0.15785009   -0.93046342   -0.29342765   -0.21940381    0.25514880   -0.08918392   -0.96277999
    0.47438669   -0.87462177    0.09997015   -0.17119689   -0.20305159   -0.96408593    0.86350964    0.44023495   -0.24605749
    0.33958687   -0.93682762   -0.08387359    0.85661692    0.34486949   -0.38376098    0.38844333    0.05847265    0.91961553
    0.46868292   -0.82655841   -0.31166891    0.57565180    0.01816077    0.81749324   -0.67004576   -0.56255789    0.48432148
    0.36128074   -0.74653317   -0.55871680   -0.48448276   -0.66224492    0.57158387   -0.79671368    0.06418642   -0.60093878
    0.42605831   -0.70352117   -0.56879899   -0.81867311   -0.03223661   -0.57335429    0.38503073    0.70994279   -0.58968853
    0.56144356   -0.59145081   -0.57876340    0.07284335    0.73200770   -0.67739100    0.82430272    0.33815775    0.45406427
    0.49502319   -0.40590830   -0.76823857    0.85659841    0.37612166    0.35323034    0.14557203   -0.83292914    0.53388935
    0.47369269   -0.30182295   -0.82735611    0.43427802   -0.73723006    0.51758520   -0.76617089   -0.60447890   -0.21814542
    0.36282308   -0.19145599   -0.91197808   -0.73715491   -0.65765781   -0.15520580   -0.57005442    0.72858137   -0.37974615
    0.38410917    0.13498318   -0.91336722   -0.86387543    0.40167602   -0.30393358    0.32585179    0.90577918    0.27089610
    0.42690420    0.37830672   -0.82136279    0.27534454    0.81078210    0.51654406    0.86135834   -0.44667259    0.24196160
    0.71284641    0.39501860   -0.57949142    0.67641739   -0.60548734    0.41933829   -0.18522829   -0.69090186   -0.69881693
    0.75912144    0.49149154   -0.42681461    0.15177013   -0.77124498   -0.61818040   -0.63300906    0.40449628   -0.66006233
    0.85223833    0.47937371   -0.20950102   -0.46178969    0.50113272   -0.73185810   -0.24584571    0.72046294    0.64845435
    0.81353396    0.53857333   -0.21931999   -0.38791495    0.78358511    0.48530029    0.43322567   -0.30973076    0.84639374
    0.80078660    0.57955659   -0.15117864    0.36606686   -0.27380165    0.88939739    0.47406316   -0.76755899   -0.43141316
    0.81344867    0.51255190    0.27493965    0.57702053   -0.77057731   -0.27066200    0.07313393    0.37881547   -0.92257806
    0.83581509    0.53462739    0.12484665    0.13357422    0.02254376   -0.99078237   -0.53251391    0.84478715   -0.05257002
    0.76998649    0.49892486    0.39773710   -0.56113274    0.82622104    0.04988826   -0.30372827   -0.26159660    0.91614211
    0.83151148    0.37115776    0.41331656   -0.46214106    0.04933608    0.88543300    0.30824391   -0.92725825    0.21255076
    0.64633792    0.38515718    0.65871180    0.43710898   -0.89447129    0.09411085    0.62544626    0.22710143   -0.74648638
    0.80405716    0.12711604    0.58080426    0.59455120   -0.17030598   -0.78581470   -0.00097521    0.97715781   -0.21251274
    0.74443604    0.02577797    0.66719599    0.04137192    0.99555352   -0.08462596   -0.66641080    0.09060179    0.74005943
    0.62111602   -0.28044153    0.73182473   -0.62507412    0.38601172    0.67843740   -0.47275494   -0.87883303    0.06446132
    0.67927822   -0.13327407    0.72167799   -0.58094474   -0.69852236    0.41781541    0.44842425   -0.70306794   -0.55191590
    0.99054439   -0.02868606    0.13416007    0.07980685   -0.67493164   -0.73355174    0.11159159    0.73732245   -0.66626040
    0.99017131   -0.00215000    0.13984335    0.07778126    0.83945760   -0.53782991   -0.11623623    0.54342093    0.83137406
    0.93157975    0.03445310   -0.36190074    0.21257872    0.75593513    0.61917071    0.29490583   -0.65373929    0.69688987
