# Rotation matrices: 29 entries, row-major flattening of 3x3 -> 1x9
# https://github.com/Neurophysics-CFIN/GFO
# Col:  1    2    3    4    5    6    7    8    9
#       R11  R12  R13  R21  R22  R23  R31  R32  R33
# where Rij = R(i,j), i = row index, j = column index

    0.49279755   -0.87005117   -0.01270975   -0.84463293   -0.48180951    0.23335553   -0.20915493   -0.10426196   -0.97230842
   -0.21303688   -0.97700472    0.00877814   -0.31203247    0.05951962   -0.94820523    0.92587851   -0.20474175   -0.31753707
   -0.49853194   -0.67423493   -0.54486068    0.86091722   -0.31154372   -0.40219653    0.10142703   -0.66958776    0.73577496
   -0.16827261   -0.80230768   -0.57270124    0.33164172   -0.59319586    0.73357511   -0.92827695   -0.06649102    0.36589731
   -0.21785836   -0.02196435   -0.97573321   -0.97270687    0.08670053    0.21523097    0.07986918    0.99599226   -0.04025331
   -0.67134900    0.59216910   -0.44567507    0.30804997    0.76988496    0.55891177    0.67408881    0.23793467   -0.69927918
   -0.00915071    0.86152564   -0.50763159    0.79900136    0.31154343    0.51433211    0.60125959   -0.40089183   -0.69121100
    0.57987511    0.81283723   -0.05514069    0.10076494   -0.13871812   -0.98519222   -0.80844993    0.56573220   -0.16234468
    0.93158313    0.35769894   -0.06484092   -0.35329235    0.84880574   -0.39333616   -0.08565858    0.38933313    0.91710540
    0.72905823    0.50349726    0.46364276   -0.44742122   -0.16204129    0.87952082    0.51796559   -0.84866550    0.10713782
    0.96630143   -0.07457361    0.24637434   -0.06327858   -0.99656303   -0.05345976    0.24951425    0.03606803   -0.96769920
    0.88197920    0.07063025    0.46596573    0.21579644   -0.93949349   -0.26605241    0.41898042    0.33520644   -0.84385547
    0.50796090   -0.30567236    0.80531990    0.66743487    0.73068211   -0.14364664   -0.54452403    0.61046545    0.57517433
    0.51315553    0.12334260    0.84938684   -0.63298974    0.72272715    0.27746974   -0.57965109   -0.68003829    0.44894604
    0.02864967    0.55794989    0.82937996   -0.29100151   -0.78912673    0.54092249    0.95629353   -0.25684807    0.13975604
   -0.43407062    0.48075546    0.76187721   -0.15195325   -0.87265898    0.46408676    0.88797123    0.08567671    0.45184797
   -0.79642223    0.45395289    0.39954775    0.56087067    0.30741594    0.76871291    0.22613210    0.83631466   -0.49944175
   -0.88370566    0.29376829    0.36436863    0.39587326    0.88445430    0.24703229   -0.24969715    0.36254763   -0.89789228
   -0.83060163    0.53112363   -0.16735776    0.42416951    0.40870424   -0.80810956   -0.36080625   -0.74220518   -0.56475686
   -0.92976893   -0.18337148    0.31922507   -0.16526325   -0.56694233   -0.80700958    0.32896475   -0.80308860    0.49682079
   -0.64011297   -0.71246135    0.28749646    0.33419927   -0.59516472   -0.73081448    0.69178482   -0.37172272    0.61907672
   -0.61147689   -0.14477809    0.77790444    0.78953098   -0.17663729    0.58774152    0.05231483    0.97357001    0.22231641
    0.37492381   -0.83359594   -0.40564757    0.20711460   -0.35118791    0.91311039   -0.90362364   -0.42636236    0.04098118
    0.13466856   -0.98813690   -0.07382313   -0.78458563   -0.15183840    0.60114099   -0.60521877   -0.02303423   -0.79572587
    0.28717217   -0.22958945   -0.92995743   -0.78417132    0.50119846   -0.36588993    0.55009771    0.83431935   -0.03610721
    0.55116107    0.34544312   -0.75953309   -0.59856282    0.79788155   -0.07146737    0.58132953    0.49401830    0.64653066
    0.02599790    0.29834658   -0.95410347    0.87796479    0.44957339    0.16450409    0.47801876   -0.84194601   -0.25024983
    0.23289920    0.67258033   -0.70241986    0.97247378   -0.15567599    0.17337744    0.00726035   -0.72346436   -0.69032355
   -0.30411144    0.73359108   -0.60775024    0.47303790   -0.43747154   -0.76475734   -0.82689260   -0.52006036   -0.21397628
