# Rotation matrices: 38 entries, row-major flattening of 3x3 -> 1x9
# https://github.com/Neurophysics-CFIN/GFO
# Col:  1    2    3    4    5    6    7    8    9
#       R11  R12  R13  R21  R22  R23  R31  R32  R33
# where Rij = R(i,j), i = row index, j = column index

   -0.87113873   -0.36990851   -0.32293189   -0.34139061    0.92895559   -0.14315710    0.35294442   -0.01446378   -0.93553249
   -0.58983980   -0.60381355   -0.53618860    0.42434865    0.33315580   -0.84198304    0.68703510   -0.72416601    0.05971891
   -0.79247525    0.02348993   -0.60945155    0.47933949   -0.59387412   -0.64617891   -0.37711620   -0.80421499    0.45937090
   -0.72729234    0.22505579   -0.64837932   -0.34754464   -0.93539646    0.06516273   -0.59182647    0.27273311    0.75852362
   -0.46436078    0.20669344   -0.86118923   -0.85482293   -0.35890371    0.37478778   -0.23161783    0.91020105    0.34334710
   -0.88246423    0.42035458   -0.21108983   -0.12340818    0.22614510    0.96624470    0.45390231    0.87872659   -0.14768977
   -0.88752032    0.43165630   -0.16118475    0.46059289    0.84078743   -0.28448320    0.01272315   -0.32672517   -0.94503375
   -0.70714845    0.63939023    0.30186287   -0.11256791    0.31967282   -0.94081760   -0.69804694   -0.69927778   -0.15408132
   -0.40293351    0.90617537   -0.12841644   -0.58142352   -0.36180174   -0.72872916   -0.70681771   -0.21896506    0.67265372
   -0.27938278    0.93838984    0.20339559   -0.50529234   -0.32381432    0.79988996    0.81647101    0.12070125    0.56462934
   -0.24852235    0.48727323    0.83713884    0.53568435   -0.65091905    0.53790953    0.80701854    0.58212472   -0.09925671
   -0.07187862    0.80102901    0.59429453    0.99669454    0.08030204    0.01231169   -0.03786104    0.59321506   -0.80415324
    0.43097555    0.38799202    0.81469152    0.31011841    0.78416354   -0.53750731   -0.84739993    0.48430335    0.21763185
    0.31116699    0.52744234    0.79055656   -0.84539427    0.53363530   -0.02327861   -0.43414701   -0.66108845    0.61194643
   -0.43660516    0.42515250    0.79285641   -0.76350723   -0.64124138   -0.07659119    0.47584940   -0.63879171    0.60457630
    0.19986266    0.12668411    0.97159974    0.18691975   -0.97832524    0.08911075    0.96182947    0.16380127   -0.21921045
   -0.14070425    0.01468017    0.98994283    0.98574800   -0.09105191    0.14145826    0.09221282    0.99573794   -0.00165955
   -0.19773235   -0.18116274    0.96337011    0.19808393    0.95511522    0.22026726   -0.96003368    0.23438210   -0.15297175
    0.28645610   -0.47798957    0.83034263   -0.90329660    0.15415519    0.40036412   -0.31937149   -0.86473242   -0.38760766
    0.21236186   -0.65724931    0.72313608   -0.79605768   -0.54554252   -0.26206016    0.56674033   -0.52000645   -0.63906078
   -0.28829936   -0.60372534    0.74323562    0.27168301   -0.79586831   -0.54109332    0.91818942    0.04592764    0.39347025
    0.55711874   -0.77527121    0.29761261    0.82121328    0.46108324   -0.33617107    0.12339956    0.43169063    0.89354113
    0.25140447   -0.84774999    0.46702864    0.04206182    0.49163989    0.86978217   -0.96696773   -0.19902305    0.15925837
   -0.27345226   -0.94030985    0.20258641   -0.78972231    0.33971337    0.51081651   -0.54914711   -0.02030308   -0.83547905
   -0.19885685   -0.96232434    0.18543952   -0.44234344   -0.08071368   -0.89320635    0.87452172   -0.25964816   -0.40962739
   -0.33788673   -0.91776122   -0.20867893    0.68267938   -0.08635291   -0.72559771    0.64790541   -0.38763065    0.65571416
    0.01256175   -0.90031631   -0.43505487    0.78269425   -0.26191519    0.56461504   -0.62227961   -0.34760750    0.70138229
    0.65047650   -0.64401410   -0.40264893   -0.06079269   -0.57257686    0.81759402   -0.75708954   -0.50734759   -0.41159914
    0.63893741   -0.09590581   -0.76325687   -0.71858639   -0.42856342   -0.54769243   -0.27457709    0.89840719   -0.34274181
    0.88132038   -0.17911214   -0.43725647   -0.08855793    0.84636529   -0.52518882    0.46414639    0.50158214    0.73005718
    0.99100296   -0.05400611   -0.12246008    0.10940899    0.85389814    0.50881002    0.07708959   -0.51763047    0.85212434
    0.85364222    0.12157699   -0.50647211    0.47361735   -0.58582937    0.65764015   -0.21675233   -0.80126337   -0.55766965
    0.53029898    0.37254085   -0.76157488   -0.32801413   -0.73817403   -0.58949626   -0.78178624    0.56241659   -0.26925427
    0.40711329    0.71032640   -0.57419089   -0.86893620    0.10749828   -0.48310868   -0.28144032    0.69561521    0.66099230
    0.78273192    0.57832269   -0.22994263   -0.52026190    0.81079375    0.26821830    0.34155278   -0.09031264    0.93551340
    0.84641851    0.47578988   -0.23916460    0.32152115   -0.09858703    0.94175620    0.42449954   -0.87401635   -0.23642239
    0.64982560    0.73532418    0.19241892    0.74989569   -0.66154120   -0.00443916    0.12402882    0.14717879   -0.98130283
    0.95482334    0.18360513    0.23366972    0.27289479   -0.23044082   -0.93403718   -0.11764698    0.95560776   -0.27013516
