# Rotation matrices: 40 entries, row-major flattening of 3x3 -> 1x9
# https://github.com/Neurophysics-CFIN/GFO
# Col:  1    2    3    4    5    6    7    8    9
#       R11  R12  R13  R21  R22  R23  R31  R32  R33
# where Rij = R(i,j), i = row index, j = column index

   -0.95014295   -0.30105742   -0.08119611   -0.31047961    0.88936582    0.33560519   -0.02882339    0.34408264   -0.93849685
   -0.81039976    0.23678538   -0.53589637    0.56186119    0.57330464   -0.59635040    0.16602482   -0.78438159   -0.59764646
   -0.83493452   -0.04883207   -0.54817859    0.51554517   -0.41799027   -0.74799553   -0.19260715   -0.90713812    0.37416964
   -0.50841168   -0.15065278   -0.84783330    0.08581279   -0.98854001    0.12419667   -0.85682771   -0.00961190    0.51551323
   -0.12607345    0.85365461   -0.50535066   -0.98280551   -0.03820661    0.18064769    0.13490299    0.51943629    0.84379329
   -0.85043556    0.39574899   -0.34661519    0.01219564    0.67351871    0.73906956    0.52593785    0.62430384   -0.57761068
   -0.52943558    0.57096975   -0.62744842    0.81083071    0.55809159   -0.17631603    0.24950256   -0.60210242   -0.75843335
   -0.47420955    0.69379946    0.54200334    0.22207342    0.68997888   -0.68892128   -0.85194407   -0.20632852   -0.48126900
   -0.69723690    0.71526148   -0.04755750   -0.37737215   -0.42264914   -0.82398906   -0.60946777   -0.55656870    0.56460634
   -0.97381670    0.19614196    0.11493205   -0.17895366   -0.97318071    0.14455070    0.14020211    0.12019837    0.98279994
   -0.63958979    0.76812138   -0.03023977   -0.03630385    0.00911186    0.99929926    0.76785867    0.64023942    0.02205791
   -0.40620742    0.72730523    0.55319313    0.91094259    0.36998657    0.18246516   -0.07196617    0.57804588   -0.81282460
   -0.03224499    0.52542679    0.85022759    0.22452976    0.83273511   -0.50610140   -0.97393359    0.17458216   -0.14482549
    0.42237121    0.78697371    0.44974987   -0.86914459    0.49246267   -0.04547755   -0.25727466   -0.37168926    0.89199599
    0.29591651    0.55210408    0.77949632   -0.77543780   -0.33767586    0.53354591    0.55778996   -0.76233595    0.32819851
    0.26030299    0.24195068    0.93472040    0.31543964   -0.93628217    0.15451062    0.91254599    0.25462829   -0.32003788
   -0.18016723   -0.17350515    0.96821265    0.98307071    0.00160436    0.18321956   -0.03334290    0.98483165    0.17027878
   -0.06728248   -0.15017884    0.98636676    0.44324615    0.88119532    0.16440090   -0.89387131    0.44826457    0.00727718
    0.27884731   -0.50522414    0.81669624   -0.92567371    0.08501411    0.36864723   -0.25568018   -0.85879053   -0.44396675
    0.42843802   -0.21584438    0.87741214   -0.64628125   -0.75183621    0.13062486    0.63147558   -0.62301967   -0.46161139
   -0.25806389   -0.72066077    0.64346801    0.83229392   -0.50404113   -0.23071490    0.49060152    0.47601533    0.72987640
   -0.14033187   -0.98597570    0.09032655    0.86346044   -0.07722908    0.49846940   -0.48450288    0.14794455    0.86218871
    0.28898027   -0.95446362   -0.07409186   -0.22987573   -0.14431151    0.96246108   -0.92932640   -0.26110034   -0.26111120
    0.29978129   -0.88075577    0.36660668   -0.72833485    0.03690131    0.68422704   -0.61616518   -0.47213088   -0.63042280
   -0.09047834   -0.96746242   -0.23628401   -0.79602041    0.21283013   -0.56661701    0.59846902    0.13682033   -0.78937635
   -0.41719107   -0.88911973    0.18819593    0.52655681   -0.40525457   -0.74733303    0.74073580   -0.21268482    0.63724064
   -0.71382897   -0.69862398    0.04871073    0.69514792   -0.69840325    0.17030054   -0.08495631    0.15542663    0.98418748
   -0.05237587   -0.87439794   -0.48237435    0.16030018   -0.48413508    0.86018432   -0.98567775   -0.03227180    0.16552315
    0.58996977   -0.28502884   -0.75544307   -0.74619474   -0.54987056   -0.37528092   -0.30843002    0.78511205   -0.53709403
    0.30448338   -0.30138772   -0.90357917   -0.58524125    0.68925250   -0.42711085    0.75152016    0.65885995    0.03348140
    0.99861792    0.05042647    0.01481267   -0.03516805    0.43168179    0.90134013    0.03905705   -0.90061534    0.43285858
    0.82200392   -0.18212671   -0.53957337    0.42474099   -0.43507324    0.79391836   -0.37934767   -0.88178293   -0.28027523
    0.55504591    0.18233602   -0.81158956   -0.30014851   -0.86604682   -0.39984218   -0.77578019    0.46552816   -0.42596787
    0.73005269    0.31831438   -0.60473053   -0.61837681   -0.06900003   -0.78284680   -0.29091782    0.94547076    0.14646457
    0.85850705    0.30802268   -0.40998497   -0.09446133    0.88080937    0.46395249    0.50402649   -0.35957876    0.78527729
    0.20538160    0.62138896   -0.75610460    0.57462982    0.54881899    0.60712295    0.79222406   -0.55917213   -0.24435131
    0.63819085    0.68643693   -0.34859257    0.58053013   -0.72647108   -0.36772889   -0.50566511    0.03231272   -0.86212452
    0.75946253    0.43764780    0.48133260    0.42130155    0.23289992   -0.87650592   -0.49570322    0.86845957   -0.00750293
    0.71801204    0.60240968    0.34865641   -0.27618361    0.70638234   -0.65172587   -0.63889070    0.37165384    0.67356670
    0.86284780   -0.42443990   -0.27448943    0.31760728    0.03280932    0.94765456   -0.39321659   -0.90486149    0.16311465
