# Rotation matrices: 39 entries, row-major flattening of 3x3 -> 1x9
# https://github.com/Neurophysics-CFIN/GFO
# Col:  1    2    3    4    5    6    7    8    9
#       R11  R12  R13  R21  R22  R23  R31  R32  R33
# where Rij = R(i,j), i = row index, j = column index

   -0.43483471   -0.76308580   -0.47814101   -0.83861689    0.53659885   -0.09371969    0.32808609    0.36022455   -0.87326845
   -0.83185190   -0.26474111   -0.48778536    0.43819374    0.22608262   -0.86998442    0.34060043   -0.93744269   -0.07205936
   -0.85950756   -0.05620267   -0.50802364    0.46715976   -0.48966489   -0.73619974   -0.20738495   -0.87009744    0.44712630
   -0.53120011   -0.05267574   -0.84560730    0.26488538   -0.95835860   -0.10669834   -0.80477462   -0.28066718    0.52303322
   -0.55303211    0.21198615   -0.80574025   -0.82571107   -0.01042367    0.56399697    0.11116078    0.97721708    0.18080393
   -0.69269223    0.62760008   -0.35538094   -0.02410730    0.47231783    0.88109858    0.72083029    0.61889742   -0.31204115
   -0.84031990    0.39706859   -0.36905148    0.43851258    0.89814995   -0.03214649    0.31869920   -0.18884705   -0.92885285
   -0.40327123    0.91283897   -0.06401042    0.08566633   -0.03198317   -0.99581040   -0.91106180   -0.40706522   -0.06530167
   -0.82260390    0.48126854    0.30282571   -0.53001098   -0.45608901   -0.71489242   -0.20593975   -0.74857425    0.63025821
   -0.67481503    0.73559963    0.05931154   -0.65813743   -0.63621530    0.40259807    0.33388590    0.23264409    0.91345330
   -0.66818130    0.61270670    0.42204769    0.38685494   -0.19843196    0.90053762    0.63551318    0.76499363   -0.10444009
   -0.25288834    0.61551130    0.74645383    0.95239645    0.29414871    0.08010957   -0.17026009    0.73117875   -0.66059756
    0.42898661    0.48586468    0.76151559    0.39674460    0.65601838   -0.64205421   -0.81151969    0.57755986    0.08865892
    0.32311670    0.65232536    0.68561448   -0.62607565    0.69062344   -0.36203391   -0.70966533   -0.31226733    0.63155699
   -0.34993355    0.38054549    0.85599746   -0.74794049   -0.66367935   -0.01071182    0.56403150   -0.64398359    0.51686905
    0.05399733    0.23516853    0.97045353    0.03928910   -0.97161919    0.23326490    0.99776784    0.02553256   -0.06170441
    0.13346118   -0.00250451    0.99105088    0.90438204   -0.40866581   -0.12282256    0.40531622    0.91268066   -0.05227598
   -0.12710390   -0.28981986    0.94860373    0.39057082    0.86447353    0.31644897   -0.91175602    0.41071884    0.00331722
    0.19493066   -0.50620921    0.84009183   -0.96561112    0.05119085    0.25490129   -0.17203839   -0.86089008   -0.47882257
   -0.27963337   -0.95550197    0.09392108   -0.61021702    0.10135085   -0.78572463    0.74124245   -0.27702707   -0.61140464
   -0.53684678   -0.66606125    0.51783969    0.37330936   -0.73796486   -0.56218145    0.75659478   -0.10849090    0.64482096
    0.45636700   -0.61826748    0.63990194    0.88837241    0.35720077   -0.28844769   -0.05023564    0.70010924    0.71226641
    0.02315017   -0.91750783    0.39704340    0.46882285    0.36073621    0.80627199   -0.88298879    0.16747768    0.43849974
    0.15787291   -0.84074297    0.51790674   -0.67440420    0.29130590    0.67846875   -0.72128712   -0.45639032   -0.52101129
   -0.44026962   -0.88490695    0.15199460   -0.75691039    0.27473780   -0.59296357    0.48295892   -0.37611014   -0.79075397
    0.18236563   -0.96877893   -0.16795880    0.58307775    0.24410189   -0.77487715    0.79168372    0.04337792    0.60938924
   -0.03964290   -0.95277696   -0.30107224    0.95404617   -0.12565884    0.27204000   -0.29702583   -0.27645237    0.91397470
    0.21299814   -0.78446486   -0.58244886   -0.06474475   -0.60615048    0.79271036   -0.97490508   -0.13113533   -0.17989891
    0.48323581    0.02472660   -0.87514099   -0.72171235   -0.55460051   -0.41418542   -0.49559503    0.83174928   -0.25015733
    0.90756802   -0.13197637   -0.39862580   -0.15934679    0.77006585   -0.61774362    0.38849568    0.62416409    0.67785713
    0.89778371    0.11392256   -0.42544806    0.07411338    0.91311857    0.40090109    0.43415621   -0.39145387    0.81133979
    0.61522268   -0.10647967   -0.78112940    0.48652137   -0.72836482    0.48247450   -0.62032090   -0.67686540   -0.39630192
    0.56037055    0.48775093   -0.66939067   -0.11833727   -0.75276483   -0.64756575   -0.81974455    0.44209064   -0.36410813
    0.25196293    0.57601415   -0.77763898   -0.89815083   -0.16001506   -0.40953665   -0.36033285    0.80162515    0.47702973
    0.86549942    0.40374481   -0.29648083   -0.39916867    0.91349236    0.07871521    0.30261383    0.05021789    0.95178938
    0.81262445    0.57570058    0.09061094    0.16890254   -0.38145503    0.90882561    0.55777543   -0.72322949   -0.40721698
    0.70607069    0.69036326    0.15767923    0.69405545   -0.63046173   -0.34757019   -0.14053897    0.35484726   -0.92430094
    0.98875804    0.13712441    0.05961907    0.08376783   -0.17771447   -0.98051034   -0.12385673    0.97448164   -0.18720322
    0.96764092   -0.22087615    0.12200320    0.24853240    0.91784734   -0.30949620   -0.04361998    0.32980294    0.94304153
