# Rotation matrices: 54 entries, row-major flattening of 3x3 -> 1x9
# https://github.com/Neurophysics-CFIN/GFO
# Col:  1    2    3    4    5    6    7    8    9
#       R11  R12  R13  R21  R22  R23  R31  R32  R33
# where Rij = R(i,j), i = row index, j = column index

   -0.88915681   -0.45162172   -0.07374277   -0.45292867    0.89154605    0.00112628    0.06523642    0.03440166   -0.99727666
   -0.98171446   -0.19033208   -0.00322633   -0.08195939    0.43791441   -0.89527294    0.17181202   -0.87863796   -0.44550641
   -0.93677599    0.17786547   -0.30135464    0.09571011   -0.69811424   -0.70956049   -0.33658628   -0.69354192    0.63695313
   -0.89596409   -0.00203536   -0.44412184   -0.18773134   -0.90452550    0.38287146   -0.40249882    0.42641467    0.81004027
   -0.55486076    0.81327627   -0.17524623   -0.67047383   -0.31242588    0.67294496    0.49253871    0.49088876    0.71863332
   -0.35969670    0.89322122   -0.26976683    0.25870351    0.37325342    0.89092894    0.89648802    0.25067457   -0.36533749
   -0.37248403    0.64779031   -0.66454749    0.89927799    0.42883259   -0.08603311    0.22924820   -0.62965889   -0.74227686
   -0.60127376    0.76497764    0.23082262    0.31043702    0.48982343   -0.81467899   -0.73627354   -0.41818921   -0.53199535
   -0.60216793    0.79631501    0.05723811   -0.76749798   -0.55764962   -0.31618628   -0.21986507   -0.23432737    0.94696887
   -0.58088308    0.53349275    0.61478478   -0.65061885   -0.75817571    0.04318221    0.48915229   -0.37490675    0.78751188
   -0.87320250    0.32405906    0.36400978    0.27803343   -0.28219712    0.91818418    0.40026842    0.90296761    0.15631598
   -0.90634137    0.42065740    0.03990842    0.41778507    0.87798469    0.23366325    0.06325319    0.22845181   -0.97149823
   -0.15665780    0.27354401    0.94901634    0.39454390    0.89821357   -0.19377176   -0.90542446    0.34407275   -0.24863728
   -0.49675898    0.63737022    0.58905834   -0.52613295    0.31862841   -0.78845422   -0.69022796   -0.70159471    0.17705995
   -0.84433557    0.25776255    0.46974027   -0.50303197   -0.68327466   -0.52923962    0.18454347   -0.68315021    0.70657590
   -0.71746180   -0.20572820    0.66552571    0.47893463   -0.83944343    0.25681970    0.50583613    0.50300164    0.70079895
   -0.58973378    0.06573979    0.80491761    0.80730466    0.07483587    0.58537063   -0.02175456    0.99502657   -0.09720528
   -0.56497139   -0.16032413    0.80938465    0.04563742    0.97336742    0.22466218   -0.82384741    0.16386593   -0.54260796
   -0.27299515   -0.17624194    0.94573380   -0.86669532    0.47170532   -0.16227543   -0.41750793   -0.86396347   -0.28152133
   -0.25158390   -0.47154376    0.84519348   -0.74908476   -0.45810082   -0.47855581    0.61284384   -0.75351849   -0.23797545
    0.05117258   -0.94901353    0.31105416    0.36410418   -0.27229612   -0.89066434    0.92995135    0.15883371    0.33160570
    0.00238930   -0.85229513    0.52305574    0.99889220   -0.02254775   -0.04130342    0.04699643    0.52257498    0.85129708
   -0.08356363   -0.99574818    0.03876443    0.06861201    0.03305893    0.99709553   -0.99413757    0.08598063    0.06555776
   -0.35490907   -0.93305239   -0.05876043   -0.83574053    0.28846827    0.46725134   -0.41901946    0.21494022   -0.88216971
    0.19718108   -0.96312220   -0.18307171   -0.72522815   -0.01764700   -0.68828244    0.65966943    0.26848503   -0.70196298
    0.07377957   -0.92175766   -0.38068281    0.66412412    0.33018003   -0.67076099    0.74397294   -0.20333218    0.63652203
    0.17264461   -0.80505965   -0.56751458    0.92973236   -0.05706577    0.36378734   -0.32525617   -0.59044259    0.73863791
   -0.23770378   -0.67407910   -0.69936705   -0.12596830   -0.69253093    0.71030479   -0.96313493    0.25694022    0.07970462
   -0.11316108   -0.77499540   -0.62175292   -0.98186592   -0.00856829    0.18938294   -0.15209826    0.63190878   -0.75997198
    0.40580069   -0.36801773   -0.83659354   -0.39125621    0.75728455   -0.52291365    0.82598085    0.53952114    0.16331737
    0.02069267   -0.34805211   -0.93724679    0.72984423    0.64595397   -0.22376520    0.68330024   -0.67941386    0.26739034
   -0.17072597   -0.33457885   -0.92677378    0.90070727   -0.43433071   -0.00912440   -0.39947348   -0.83630965    0.37550913
   -0.26975235    0.08844527   -0.95885927    0.02636293   -0.99472124   -0.09916976   -0.96256878   -0.05202962    0.26599672
    0.01968547    0.36603916   -0.93039121   -0.96103949   -0.24968928   -0.11856794   -0.27570923    0.89647677    0.34686284
    0.02750360    0.72137949   -0.69199363   -0.38347005    0.64690716    0.65913720    0.92314369    0.24723019    0.29441971
    0.34822685    0.73931139   -0.57633040    0.50000240    0.37356316    0.78131183    0.79292854   -0.56024034   -0.23957275
    0.61294148    0.64863673   -0.45119080    0.58585710   -0.75624878   -0.29130608   -0.53016432   -0.08577976   -0.84354468
    0.69217307    0.56789025   -0.44541790   -0.09101234   -0.54354551   -0.83443096   -0.71597010    0.61810917   -0.32454255
    0.59809431    0.76630626   -0.23464423   -0.80069760    0.55888782   -0.21570293   -0.03415471    0.31688976    0.94784721
    0.80534210    0.56200147    0.18862249   -0.29503395    0.10399924    0.94981005    0.51417805   -0.82057206    0.24956448
    0.38744822    0.91905629    0.07224552    0.72869097   -0.35331261    0.58666828    0.56470642   -0.17465892   -0.80659836
    0.88393197    0.16488157    0.43758239    0.46149460   -0.15668314   -0.87319707   -0.07541232    0.97378872   -0.21458919
    0.61640862    0.73143118    0.29163133   -0.45205777    0.63195902   -0.62950105   -0.64473575    0.25619566    0.72019414
    0.54815162    0.62387420    0.55705546   -0.79081351    0.16976819    0.58804146    0.27229360   -0.76286286    0.58642685
    0.57923140    0.46822307    0.66727666    0.05729326   -0.83994016    0.53964618    0.81314726   -0.27434956   -0.51334574
    0.60215005    0.07656047    0.79470360    0.73584461   -0.43940949   -0.51522036    0.30975479    0.89501832   -0.32092706
    0.59287430    0.11017768    0.79772235    0.48123991    0.74578478   -0.46066606   -0.64568430    0.65701290    0.38913473
    0.21015476   -0.22391618    0.95168089   -0.56273134    0.76830150    0.30503481   -0.79948009   -0.59964518    0.03545756
    0.54384864   -0.53536696    0.64622819   -0.83596267   -0.27822144    0.47303198   -0.07345116   -0.79748044   -0.59885715
    0.58892820   -0.38931340    0.70823629    0.15440078   -0.80598921   -0.57143835    0.79329942    0.44588840   -0.41455948
    0.90609089   -0.41121431    0.09950929    0.24109928    0.30858878   -0.92013265    0.34766426    0.85771543    0.37875296
    0.75688095   -0.50141711    0.41918027    0.28939636    0.83221255    0.47293977   -0.58598718   -0.23664986    0.77499411
    0.92503240    0.22065224   -0.30923720    0.29775418    0.08439875    0.95090446    0.23591843   -0.97169411    0.01237145
    0.95540480    0.07886838   -0.28457241    0.11876777   -0.98492385    0.12577449   -0.27036252   -0.15396358   -0.95036799
