# Rotation matrices: 79 entries, row-major flattening of 3x3 -> 1x9
# https://github.com/Neurophysics-CFIN/GFO
# Col:  1    2    3    4    5    6    7    8    9
#       R11  R12  R13  R21  R22  R23  R31  R32  R33
# where Rij = R(i,j), i = row index, j = column index

   -0.99689313    0.02815119    0.07356350    0.03142349    0.99854993    0.04371042   -0.07222633    0.04588624   -0.99633218
   -0.99045845   -0.11907271   -0.06938112   -0.01133106    0.57210772   -0.82010021    0.13734503   -0.81148903   -0.56799815
   -0.89693671    0.08703123   -0.43350905    0.31868088   -0.55240251   -0.77025578   -0.30650780   -0.82902173    0.46773490
   -0.68450536    0.42143463   -0.59484894   -0.28089688   -0.90543769   -0.31824445   -0.67271789   -0.05074882    0.73815662
   -0.74451939    0.34027495   -0.57437256   -0.66693392   -0.34065435    0.66268677    0.02983320    0.87645170    0.48056467
   -0.82106749    0.52299249   -0.22875105    0.04199336    0.45498754    0.88950711    0.56928441    0.72073934   -0.39553768
   -0.56917027    0.54653554   -0.61428342    0.68062983    0.73232881    0.02091780    0.46128976   -0.40619382   -0.78880817
   -0.85367555    0.52035088   -0.02174887    0.21241776    0.30975116   -0.92678634   -0.47551735   -0.79579468   -0.37495876
   -0.77326945    0.63325113   -0.03236297   -0.44361900   -0.57676456   -0.68596270   -0.45305247   -0.51607717    0.72691665
   -0.88610766    0.46347755   -0.00133299   -0.42729349   -0.81580768    0.38971541    0.17953688    0.34589938    0.92093438
   -0.72368880    0.51742317    0.45667033    0.37573657   -0.25963877    0.88961213    0.57887525    0.81539007   -0.00651714
   -0.90370355    0.28959790    0.31536161    0.42729195    0.65685298    0.62126142   -0.02723021    0.69618763   -0.71734322
   -0.87628314    0.05136958    0.47905013   -0.13986767    0.92435639   -0.35496803   -0.46104761   -0.37805612   -0.80281298
   -0.78366909    0.24829368    0.56939705   -0.56854336    0.08256825   -0.81849920   -0.25024230   -0.96515943    0.07645954
   -0.71957123    0.38268268    0.57945768   -0.49648418   -0.86692986   -0.04400095    0.48551076   -0.31935339    0.81381368
   -0.70098561    0.00204564    0.71317249    0.19479704   -0.96142102    0.19422600    0.68605634    0.27507352    0.67354381
   -0.47575623   -0.13644599    0.86892951    0.86883066    0.08105349    0.48842975   -0.13707405    0.98732610    0.07998676
   -0.29129639   -0.28574973    0.91295865   -0.05360856    0.95772226    0.28265562   -0.95512959    0.03339416   -0.29429967
   -0.20726771   -0.53817693    0.81694901   -0.76326300    0.61132513    0.20907219   -0.61193929   -0.58021304   -0.53747850
   -0.43243679   -0.56795046    0.70030757   -0.72303289   -0.24562482   -0.64567166    0.53872243   -0.78555759   -0.30442965
   -0.48892160   -0.67354583    0.55433896    0.33693244   -0.73196682   -0.59220023    0.80463172   -0.10276471    0.58481383
   -0.46024865   -0.77845507    0.42682419    0.88325681   -0.35298341    0.30864239   -0.08960237    0.51904761    0.85003588
   -0.41273301   -0.83842314    0.35594676    0.19025285    0.30281088    0.93386799   -0.89076109    0.45315803    0.03453235
   -0.52611696   -0.84061734   -0.12869901   -0.82140927    0.46313480    0.33285577   -0.22019934    0.28083563   -0.93415395
   -0.55538112   -0.82415255    0.11101528   -0.64477853    0.34245358   -0.68336388    0.52517851   -0.45110766   -0.72158812
   -0.26518767   -0.91481870   -0.30460180    0.41628546    0.17632235   -0.89197357    0.86970220   -0.36334169    0.33406721
   -0.45982293   -0.85615070   -0.23573045    0.85702875   -0.49736642    0.13464163   -0.23251794   -0.14011647    0.96244625
   -0.49490373   -0.71939755   -0.48737814   -0.15308457   -0.47992772    0.86384865   -0.85535689    0.50213200    0.12738935
   -0.34390771   -0.52984632   -0.77523568   -0.84386688   -0.18770980    0.50264672   -0.41184485    0.82705980   -0.38256491
   -0.29803501   -0.59274817   -0.74821436   -0.45066099    0.77835438   -0.43711455    0.84147478    0.20691559   -0.49910534
   -0.49893431   -0.42725491   -0.75400119    0.49781440    0.57087863   -0.65290000    0.70939790   -0.70110686   -0.07213729
   -0.20098591    0.05519382   -0.97803799    0.96762940   -0.14438295   -0.20699495   -0.15263685   -0.98798138   -0.02438822
   -0.46093206    0.12180148   -0.87903699   -0.27352406   -0.96181156    0.01015423   -0.84423114    0.24511818    0.47664542
    0.02488492    0.37959791   -0.92481683   -0.99028665   -0.11722911   -0.07476413   -0.13679577    0.91769426    0.37299351
   -0.08411798    0.84321003   -0.53096234   -0.50013582    0.42514485    0.75439778    0.86185168    0.32901171    0.38595722
    0.07035324    0.63576175   -0.76867250    0.73456249    0.48832632    0.47112138    0.67488397   -0.59778290   -0.43265140
    0.07779689    0.91397114   -0.39825167    0.81431348   -0.28871803   -0.50352305   -0.57518797   -0.28512917   -0.76672039
    0.02363183    0.96211427   -0.27162045   -0.37109999   -0.24384179   -0.89600557   -0.92829216    0.12197260    0.35127817
    0.07092049    0.98700189   -0.14421357   -0.99745879    0.07115944   -0.00350706    0.00680069    0.14409582    0.98954037
    0.03880436    0.99728338    0.06261059   -0.08362999   -0.05919668    0.99473704    0.99574105   -0.04383626    0.08110571
   -0.08829572    0.96453182    0.24876139    0.89087368   -0.03524930    0.45288141    0.44558719    0.26160247   -0.85616365
    0.04085113    0.91900130    0.39213238    0.64324760    0.27612357   -0.71413465   -0.76456766    0.28141142   -0.57986542
   -0.09668289    0.80777760    0.58150474   -0.25243829    0.54523735   -0.79936921   -0.96277065   -0.22407939    0.15119887
    0.06465176    0.74821855    0.66029474   -0.99172510   -0.02536730    0.12584843    0.11091203   -0.66296719    0.74038708
    0.05692396    0.50609506    0.86059715   -0.25668954   -0.82559826    0.50249178    0.96481612   -0.24951011    0.08291298
   -0.09318092    0.19685378    0.97599483    0.81713391   -0.54495406    0.18792882    0.56886685    0.81502985   -0.11007657
   -0.01379643    0.31686114    0.94837159    0.72927765    0.65207307   -0.20725546   -0.68407878    0.68876682   -0.24007603
    0.23787801   -0.01128171    0.97122952   -0.49773712    0.85724511    0.13186575   -0.83406943   -0.51478494    0.19830444
    0.30758262   -0.08860852    0.94738665   -0.88322495   -0.39699241    0.24962114    0.35398675   -0.91353465   -0.20036923
    0.22218163   -0.47830971    0.84962059   -0.12010571   -0.87819084   -0.46298539    0.96757942    0.00082257   -0.25256560
    0.27967277   -0.59246104    0.75549524    0.85754888   -0.19970010   -0.47405673    0.43173262    0.78045486    0.45221362
    0.36741967   -0.73966338    0.56382699    0.57891612    0.65635376    0.48379321   -0.72791408    0.14865340    0.66936034
    0.45441688   -0.78559373    0.41993785   -0.41313801    0.23178952    0.88067622   -0.78919091   -0.57368642   -0.21922956
    0.43199687   -0.86546189    0.25368175   -0.86459505   -0.47745533   -0.15656248    0.25662057   -0.15169749   -0.95453327
    0.44068865   -0.89753734    0.01484012   -0.07500478   -0.05329129   -0.99575816    0.89452099    0.43770624   -0.09080446
    0.37213991   -0.92488644   -0.07808304    0.87243781    0.37726564   -0.31068136    0.31680302    0.04749434    0.94730150
    0.56315222   -0.81904241   -0.10967732    0.44789470    0.19099810    0.87344723   -0.69444216   -0.54100764    0.47440575
    0.51319639   -0.75491613   -0.40832720   -0.60871962   -0.65554010    0.44690895   -0.60505362    0.01920472   -0.79595307
    0.42327057   -0.72780475   -0.53957602   -0.77660431    0.01526944   -0.62980361    0.46661308    0.68561439   -0.55875320
    0.40385109   -0.65667233   -0.63693465    0.14677507    0.73372741   -0.66340121    0.90297363    0.17442918    0.39269974
    0.35606659   -0.49777681   -0.79084438    0.92381040    0.31492060    0.21771394    0.14068024   -0.80811092    0.57198410
    0.31130037   -0.27445405   -0.90981704    0.40149523   -0.82976276    0.38767944   -0.86133249   -0.48597196   -0.14811346
    0.41663767   -0.15339429   -0.89603752   -0.70128316   -0.68142679   -0.20942650   -0.57845914    0.71563099   -0.39148090
    0.41601186    0.14116864   -0.89833488   -0.82514904    0.47378230   -0.30766765    0.38218214    0.86925356    0.31358422
    0.77050228    0.36957537   -0.51936528    0.13890057    0.69784863    0.70264780    0.62211966   -0.61353186    0.48635973
    0.80284155    0.26552531   -0.53379935    0.54086083   -0.70106408    0.46473510   -0.25082862   -0.66181981   -0.70645562
    0.82730439    0.34722707   -0.44158896    0.05711471   -0.83400794   -0.54878836   -0.55884287    0.42879380   -0.70981020
    0.82578278    0.50486908   -0.25137623   -0.51686604    0.49910495   -0.69551689   -0.22568186    0.70427371    0.67310196
    0.87274678    0.48534405   -0.05248055   -0.40594618    0.78124815    0.47419303    0.27114710   -0.39254616    0.87885537
    0.71007390    0.70360580    0.02709139    0.29808935   -0.33524154    0.89373142    0.63791677   -0.62653970   -0.44778366
    0.74850602    0.52072897    0.41058505    0.65076600   -0.69581196   -0.30389033    0.12744549    0.49465853   -0.85969215
    0.89670132    0.42174936    0.13436601    0.15700015   -0.01922397   -0.98741146   -0.41385710    0.90650864   -0.08345287
    0.78361483    0.44927129    0.42907238   -0.53505351    0.83904122    0.09862843   -0.31569849   -0.30686339    0.89786932
    0.75618482    0.28512458    0.58897240   -0.61647372    0.00860441    0.78732847    0.21941894   -0.95845185    0.18227833
    0.61306789    0.16007072    0.77364406    0.28964216   -0.95661333   -0.03159661    0.73502053    0.24345080   -0.63283215
    0.72652838    0.03731427    0.68612255    0.67404039   -0.23272013   -0.70107838    0.13351430    0.97182765   -0.19422911
    0.85862119   -0.17348874    0.48236014    0.27582352    0.94951598   -0.14946837   -0.43207758    0.26138298    0.86312682
    0.98025762    0.08174905    0.18003358   -0.19675808    0.49322260    0.84735927   -0.01952582   -0.86605344    0.49957000
    0.99513871   -0.06657274   -0.07257429   -0.01354319   -0.82242591    0.56871101   -0.09754763   -0.56496345   -0.81932946
