# Rotation matrices: 34 entries, row-major flattening of 3x3 -> 1x9
# https://github.com/Neurophysics-CFIN/GFO
# Col:  1    2    3    4    5    6    7    8    9
#       R11  R12  R13  R21  R22  R23  R31  R32  R33
# where Rij = R(i,j), i = row index, j = column index

    0.48079147   -0.86940447    0.11390976   -0.78458032   -0.48456424   -0.38682194    0.39150132    0.09660933   -0.91509199
    0.31272821   -0.92309263   -0.22383267    0.34949382    0.33094786   -0.87654297    0.88320730    0.19589158    0.42611190
    0.35983390   -0.81812497   -0.44854330    0.92862759    0.36061420    0.08722503    0.09039010   -0.44791621    0.88949463
   -0.14704899   -0.81990680   -0.55328964    0.65449605   -0.50005811    0.56707742   -0.74162761   -0.27873773    0.61015881
   -0.40969426   -0.31487787   -0.85615568   -0.85598044   -0.19175309    0.48013357   -0.31535393    0.92956048   -0.19096915
   -0.53940577   -0.11266657   -0.83447448   -0.71172975    0.59058743    0.38032519    0.44998021    0.79906992   -0.39875441
   -0.35017694    0.40720158   -0.84354193    0.86346268    0.48938509   -0.12220653    0.36305416   -0.77116088   -0.52297474
   -0.11828300    0.93561369   -0.33262013    0.73839245   -0.14109030   -0.65944683   -0.66391696   -0.32360554   -0.67416150
    0.72511185    0.54750727   -0.41767043   -0.45210633   -0.07900375   -0.88845837   -0.51943495    0.83306314    0.19024494
    0.67876568    0.71707146    0.15838461   -0.56536302    0.37262286    0.73587829    0.46865959   -0.58903373    0.65832929
    0.73565640    0.45759833    0.49941308    0.12236974   -0.81495184    0.56646196    0.66620965   -0.35560832   -0.65552073
    0.93318573    0.30147560    0.19564472    0.35609192   -0.70197373   -0.61679124   -0.04861005    0.64524828   -0.76242489
    0.89531080   -0.39660931    0.20277976    0.44487663    0.77321957   -0.45190296    0.02243564    0.49480557    0.86871404
    0.87317992   -0.02635494    0.48668496   -0.16913033    0.92010660    0.35326871   -0.45711242   -0.39078033    0.79896118
    0.72693864   -0.34300140    0.59490357   -0.68207550   -0.46104973    0.56763206    0.07958154   -0.81840283   -0.56910772
    0.27283813   -0.59624339    0.75501866   -0.14024795   -0.80106021   -0.58192187    0.95178247    0.05288066   -0.30218168
    0.07021897   -0.08766939    0.99367166    0.99023812   -0.11411140   -0.08004413    0.12040668    0.98959217    0.07880079
   -0.53645616   -0.10901169    0.83685796    0.44263496    0.80793664    0.38898930   -0.71853259    0.57909830   -0.38517020
   -0.26491110   -0.07402846    0.96142701   -0.55596819    0.82636430   -0.08956235   -0.78785880   -0.55824889   -0.26007055
   -0.84732380    0.11462449    0.51855915   -0.42335497    0.44374617   -0.78984803   -0.32064457   -0.88879163   -0.32746985
   -0.93792774    0.31500708    0.14512783   -0.31695627   -0.94838633    0.01010374    0.14082000   -0.03652260    0.98936132
   -0.77939984    0.55830952    0.28429980    0.17631646   -0.23997606    0.95463291    0.60120579    0.79416747    0.08859814
   -0.98234278   -0.17929897    0.05342784    0.00345784    0.26812441    0.96337809   -0.18705801    0.94655226   -0.26277010
   -0.82221516   -0.30426246    0.48102659   -0.31529676    0.94708663    0.06012377   -0.47386726   -0.10223145   -0.87464196
   -0.56619370   -0.81447592    0.12670305   -0.81238718    0.52538869   -0.25296996    0.13946960   -0.24616193   -0.95914156
   -0.31560837   -0.72711964   -0.60966252    0.11796941    0.60744918   -0.78554995    0.94152779   -0.31984766   -0.10593817
    0.29889359   -0.54630666   -0.78243955    0.91176812   -0.07852991    0.40312770   -0.28167626   -0.83389573    0.47463291
    0.04374671   -0.35748293   -0.93289452    0.18076424   -0.91554359    0.35931077   -0.98255306   -0.18435263    0.02456811
    0.35915860    0.59664948   -0.71764511   -0.52106918   -0.50974362   -0.68457896   -0.77426869    0.61981517    0.12781685
    0.17093985    0.67060406   -0.72185162   -0.92070682    0.36958678    0.12531787    0.35082549    0.64319189    0.68060684
    0.24089434    0.96134593    0.13335638   -0.33651815   -0.04614618    0.94054562    0.91034359   -0.27144896    0.31239400
    0.16076689    0.95001738   -0.26762097    0.74002120    0.06339382    0.66958931    0.65308700   -0.30569298   -0.69284138
   -0.60528726    0.37940438    0.69977114    0.42849354    0.89616472   -0.11524788   -0.67083576    0.23008934   -0.70500942
   -0.60289065    0.71890103   -0.34598290   -0.01447168   -0.44344093   -0.89618676   -0.79769257   -0.53529567    0.27775010
