# Rotation matrices: 19 entries, row-major flattening of 3x3 -> 1x9
# https://github.com/Neurophysics-CFIN/GFO
# Col:  1    2    3    4    5    6    7    8    9
#       R11  R12  R13  R21  R22  R23  R31  R32  R33
# where Rij = R(i,j), i = row index, j = column index

   -0.61753145   -0.38705655    0.68472048   -0.13704529    0.91017268    0.39090187   -0.77451501    0.14755648   -0.61510453
   -0.97205658   -0.22304141   -0.07320206   -0.08597168    0.62841578   -0.77311220    0.21843736   -0.74521550   -0.63003094
   -0.87162981    0.20888028   -0.44343038    0.21889645   -0.64356009   -0.73342672   -0.43857248   -0.73634193    0.51522301
   -0.40509363    0.41264106   -0.81585937   -0.68769955   -0.72554728   -0.02550427   -0.60246865    0.55073450    0.57768765
    0.25155872    0.71987437   -0.64691507   -0.72764977    0.58139555    0.36401241    0.63815674    0.37915710    0.67007153
    0.44446136    0.88322079   -0.14958323    0.10991698    0.11195043    0.98761600    0.88902889   -0.45539888   -0.04732333
    0.84814719    0.52675661   -0.05633662    0.52967938   -0.84507097    0.07276545   -0.00927876   -0.09155616   -0.99575668
    0.62142022    0.51205526    0.59298931    0.71382240   -0.05805367   -0.69791644   -0.32294658    0.85698843   -0.40159224
   -0.22196358    0.90522904   -0.36234314   -0.55835960   -0.42265366   -0.71386164   -0.79935394    0.04386648    0.59925704
    0.19867762    0.94318629    0.26632090   -0.88408783    0.28975634   -0.36664693   -0.42298453   -0.16260653    0.89142762
   -0.58731121    0.78593728   -0.19330839   -0.25473463    0.04720476    0.96585816    0.76822901    0.61650166    0.17248156
   -0.31780575    0.87338508    0.36905014    0.94720143    0.30990898    0.08225491   -0.04253174    0.37570591   -0.92576246
   -0.89949773    0.43651927   -0.01883515    0.35202278    0.69849987   -0.62303924   -0.25881228   -0.56705279   -0.78196377
   -0.72299343    0.36638233    0.58569999   -0.63573644   -0.02100323   -0.77162040   -0.27040649   -0.93022731    0.24810780
   -0.12908914    0.21159749    0.96879435   -0.03731174   -0.97731327    0.20848645    0.99093079   -0.00923407    0.13405560
   -0.05394521    0.69059331    0.72122867    0.48060626   -0.61515949    0.62497714    0.87527569    0.38034153   -0.29871856
    0.50944546    0.23977584    0.82642172    0.71992380    0.40730730   -0.56197018   -0.47135447    0.88125383    0.03488053
    0.75409184   -0.10295146   -0.64864974    0.40711552    0.84827265    0.33865980    0.51536632   -0.51945597    0.68158862
   -0.05399202    0.27741721   -0.95923123    0.97692764   -0.18411293   -0.10823500   -0.20663312   -0.94294333   -0.26107591
