# Rotation matrices: 85 entries, row-major flattening of 3x3 -> 1x9
# https://github.com/Neurophysics-CFIN/GFO
# Col:  1    2    3    4    5    6    7    8    9
#       R11  R12  R13  R21  R22  R23  R31  R32  R33
# where Rij = R(i,j), i = row index, j = column index

   -0.99166847   -0.09380728    0.08828268   -0.08705800    0.99318955    0.07743012   -0.09494495    0.06909929   -0.99308144
   -0.97512075   -0.16829696   -0.14427630    0.06284179    0.41427667   -0.90797894    0.21258040   -0.89445569   -0.39339369
   -0.98222539   -0.04534824   -0.18214506    0.18367804   -0.43213858   -0.88290352   -0.03867379   -0.90066630    0.43278696
   -0.93875781    0.09562689   -0.33104270   -0.07583753   -0.99450133   -0.07222029   -0.33612861   -0.04269191    0.94084800
   -0.82604433    0.31975575   -0.46411963   -0.54064736   -0.21692088    0.81280119    0.15922062    0.92233486    0.35206136
   -0.69120498    0.68893008   -0.21819949    0.06029817    0.35586884    0.93258860    0.72013874    0.63145286   -0.28751953
   -0.70496540    0.60728646   -0.36636996    0.65971606    0.75111937   -0.02438074    0.26038147   -0.25888773   -0.93014979
   -0.83160925    0.54493160    0.10712427    0.18520686    0.45397321   -0.87155421   -0.52356898   -0.70495239   -0.47845339
   -0.65984524    0.73671794   -0.14782063   -0.38972914   -0.50374995   -0.77093916   -0.64242935   -0.45109052    0.61951745
   -0.61426200    0.78829040    0.03578324   -0.69686856   -0.56318112    0.44407345    0.37021129    0.24784123    0.89527556
   -0.82647777    0.46285470    0.32046843    0.14937425   -0.36854875    0.91752883    0.54279077    0.80618692    0.23545878
   -0.82300172    0.51906937    0.23072743    0.54663055    0.61324833    0.57019428    0.15447718    0.59539354   -0.78844362
   -0.77449474    0.45736490    0.43700714    0.23498679    0.84941350   -0.47252292   -0.58731516   -0.26327561   -0.76534100
   -0.79059974    0.29570086    0.53620243   -0.50037268    0.19276920   -0.84407773   -0.35295782   -0.93562869   -0.00444264
   -0.76645824    0.17518118    0.61794281   -0.48216449   -0.79253501   -0.37337068    0.42433380   -0.58412311    0.69191114
   -0.89615264   -0.08720813    0.43509216    0.28406135   -0.86601374    0.41149648    0.34090995    0.49235652    0.80085296
   -0.79298654   -0.18351845    0.58094176    0.57136021    0.10696769    0.81369861   -0.21147070    0.97717905    0.02003120
   -0.60265511   -0.08509024    0.79345225    0.12466052    0.97205327    0.19892760   -0.78820465    0.21879691   -0.57520548
   -0.68506756   -0.41489977    0.59878261   -0.61698147    0.76747868   -0.17409867   -0.38731939   -0.48870712   -0.78176022
   -0.40164030   -0.57595466    0.71201214   -0.60087098   -0.42099761   -0.67949619    0.69111441   -0.70074049   -0.17698484
   -0.29417522   -0.61525233    0.73138602    0.44399880   -0.76563364   -0.46547846    0.84636045    0.18780228    0.49840174
   -0.42851082   -0.85586925    0.28959681    0.88546976   -0.33401284    0.32307696   -0.17978258    0.39487119    0.90097445
   -0.30501028   -0.91501896    0.26402469    0.06355222    0.25706110    0.96430322   -0.95022621    0.31090175   -0.02025479
   -0.29401889   -0.95412427   -0.05656652   -0.91821801    0.26553074    0.29388621   -0.26538382    0.13834850   -0.95416514
   -0.31658270   -0.91876923   -0.23587816   -0.63751523    0.39021951   -0.66430645    0.70238858   -0.05993201   -0.70926612
   -0.39328154   -0.82559880   -0.40461865    0.57346828    0.12371488   -0.80983255    0.71865413   -0.55052816    0.42479994
   -0.61039063   -0.70832970   -0.35453113    0.77467723   -0.62719105   -0.08066335   -0.16522251   -0.32388334    0.93155843
   -0.37466818   -0.72465626   -0.57835722    0.13725273   -0.66027235    0.73837803   -0.91694354    0.19726564    0.34684408
   -0.27229910   -0.60384871   -0.74914614   -0.88694205   -0.14435563    0.43874281   -0.37307774    0.78391848   -0.49627090
   -0.43570168   -0.50310335   -0.74635854   -0.58649960    0.78768950   -0.18858279    0.68277542    0.35557315   -0.63826755
   -0.31856006   -0.34575556   -0.88259423    0.62235604    0.62601431   -0.46987131    0.71497723   -0.69897008    0.01575990
   -0.25047024   -0.14210776   -0.95763774    0.94298137   -0.25978057   -0.20808697   -0.21920491   -0.95515414    0.19907227
   -0.36075429    0.05139773   -0.93124358   -0.30874076   -0.94876666    0.06723815   -0.88007698    0.31176931    0.35814022
   -0.29803267    0.16442366   -0.94028793   -0.93452979   -0.25097462    0.25232085   -0.19450089    0.95392694    0.22845744
   -0.44091627    0.66258620   -0.60545220   -0.39098370    0.46540781    0.79405751    0.80791373    0.58683481    0.05385453
   -0.23279570    0.48762897   -0.84144171    0.79270844    0.59637466    0.12629568    0.56339994   -0.63761685   -0.52538106
    0.17728170    0.83176524   -0.52605873    0.81218002   -0.42552875   -0.39911014   -0.55581905   -0.35649946   -0.75098157
   -0.27405707    0.92861443   -0.25013589   -0.28842971   -0.32748531   -0.89975645   -0.91744266   -0.17443799    0.35758965
    0.28914587    0.93054089   -0.22469607   -0.95634378    0.27038511   -0.11089848   -0.04244110    0.24695252    0.96809772
    0.14275359    0.96568815    0.21695118   -0.23015145   -0.18079999    0.95621215    0.96262751   -0.18643434    0.19644468
   -0.24706036    0.95967233    0.13412754    0.82937728    0.13784643    0.54141638    0.50109332    0.24500487   -0.82998681
    0.06802163    0.91488376    0.39794568    0.75868349    0.21159312   -0.61613936   -0.64789846    0.34382562   -0.67971430
    0.04534195    0.69553852    0.71705668   -0.44859163    0.65552967   -0.60749189   -0.89258594   -0.29412076    0.34173575
   -0.17395089    0.70952824    0.68286951   -0.98191126   -0.17762713   -0.06556578    0.07477538   -0.68192249    0.72759216
    0.08855600    0.41617403    0.90496244   -0.10079908   -0.90012359    0.42381254    0.99095781   -0.12875053   -0.03776138
   -0.08850594    0.39698378    0.91354835    0.86247533   -0.42827260    0.26966440    0.49830011    0.81177981   -0.30448404
   -0.11451612    0.08029300    0.99017124    0.58905675    0.80808749    0.00259826   -0.79993637    0.58356460   -0.13983617
   -0.04984816   -0.20801013    0.97685564   -0.41510830    0.89390632    0.16916438   -0.90840534   -0.39706835   -0.13090632
   -0.05461933   -0.08357360    0.99500361   -0.98995559   -0.12560619   -0.06489230    0.13040189   -0.98855376   -0.07587363
    0.22341252   -0.55758213    0.79949297   -0.04007441   -0.82478584   -0.56402337    0.97389984    0.09397067   -0.20661225
    0.08735443   -0.57009077    0.81692455    0.86335087   -0.36579604   -0.34758959    0.49698539    0.73565601    0.46023446
    0.05254385   -0.79865245    0.59949429    0.68125793    0.46760342    0.56323590   -0.73015531    0.37881566    0.56865800
    0.14425360   -0.89849569    0.41460389   -0.48331878    0.30163444    0.82183917   -0.86347777   -0.31893911   -0.39074798
    0.19513655   -0.90538497    0.37709386   -0.95271915   -0.26628991   -0.14634172    0.23291188   -0.33070792   -0.91454050
    0.33277859   -0.94270328    0.02385238   -0.08225637   -0.05421590   -0.99513543    0.93941061    0.32919775   -0.09558524
    0.15437686   -0.98391072   -0.08993045    0.91130574    0.17696429   -0.37175999    0.38169311   -0.02456300    0.92396268
    0.49025869   -0.78221574   -0.38442809    0.62571211    0.00882788    0.78000411   -0.60673781   -0.62294510    0.49376981
    0.33283945   -0.84483524   -0.41889297   -0.47417372   -0.53392078    0.70006277   -0.81509336   -0.03438047   -0.57830857
    0.39177077   -0.71906595   -0.57398591   -0.86448000   -0.07413702   -0.49717003    0.31494443    0.69097603   -0.65066284
    0.33974394   -0.67702567   -0.65284784    0.15399279    0.72481169   -0.67151637    0.92782556    0.12760976    0.35050745
    0.42579228   -0.31423060   -0.84850460    0.87180792    0.39347380    0.29176928    0.24218149   -0.86396614    0.44148684
    0.46869882   -0.36503214   -0.80440845    0.34003371   -0.76590247    0.54568350   -0.81529043   -0.52928721   -0.23485435
    0.44529997   -0.18102922   -0.87689016   -0.66442884   -0.72329611   -0.18808788   -0.60020184    0.66638664   -0.44236477
    0.47989110    0.05699774   -0.87547461   -0.73839429    0.56513832   -0.36795726    0.47379152    0.82302487    0.31329166
    0.23864009    0.33348405   -0.91205224    0.25331071    0.88529611    0.38998010    0.93748845   -0.32409749    0.12679206
    0.40672628    0.45478322   -0.79230421    0.91352621   -0.20873912    0.34913871   -0.00660246   -0.86579455   -0.50035608
    0.66414057    0.52183488   -0.53535564    0.20609374   -0.81613854   -0.53985485   -0.71863946    0.24820606   -0.64957761
    0.61650907    0.73023464   -0.29440437   -0.61742135    0.21635428   -0.75629472   -0.48857696    0.64803410    0.58424683
    0.82390074    0.51735296   -0.23137303   -0.36841153    0.79914544    0.47501527    0.43065126   -0.30612494    0.84901532
    0.73549228    0.67513350   -0.05697242    0.25184583   -0.19435856    0.94804980    0.62898711   -0.71163158   -0.31297878
    0.76479880    0.64220050    0.05158786    0.62437113   -0.71905199   -0.30516377   -0.15888198    0.26559886   -0.95090155
    0.84568942    0.53176842    0.04507495    0.05068028    0.00405604   -0.99870669   -0.53126350    0.84688010   -0.02352002
    0.80471314    0.47876102    0.35103369   -0.53714459    0.83898081    0.08710273   -0.25280914   -0.25864856    0.93230277
    0.75500411    0.48966846    0.43611190   -0.46799677   -0.06345315    0.88144922    0.45929055   -0.86959674    0.18125587
    0.75090102    0.29441816    0.59115617    0.21476005   -0.95533706    0.20300057    0.62452044   -0.02547661   -0.78059282
    0.77768978    0.18873112    0.59964921    0.62835005   -0.20398939   -0.75070936   -0.01936014    0.96060861   -0.27722967
    0.68869226    0.15431436    0.70844198   -0.04239687    0.98398789   -0.17311943   -0.72381315    0.08919029    0.68420729
    0.62403205   -0.08363221    0.77691033   -0.72874414    0.29651138    0.61726249   -0.28198578   -0.95136042    0.12408613
    0.65448412   -0.14461609    0.74211638   -0.47668978   -0.84080153    0.25655338    0.58687084   -0.52166941   -0.61922827
    0.65433123   -0.41604681    0.63147105    0.39139910   -0.52816913   -0.75355432    0.64703739    0.74023133   -0.18275721
    0.58931308   -0.53530043    0.60511449    0.79212164    0.53016343   -0.30244017   -0.15891322    0.65755623    0.73645529
    0.96035728   -0.24983236    0.12368381    0.08568768    0.68674058    0.72183447   -0.26527629   -0.68262081    0.68092387
    0.94863040   -0.26284369    0.17610670   -0.31444664   -0.72171731    0.61664207   -0.03498122   -0.64034157   -0.76729329
    0.97014089   -0.01868587   -0.24182118   -0.16774823   -0.77180283   -0.61333589   -0.17517756    0.63558731   -0.75189201
    0.92372047    0.22584511   -0.30940988   -0.38280897    0.57388489   -0.72395678    0.01406356    0.78717858    0.61656476
