# Rotation matrices: 68 entries, row-major flattening of 3x3 -> 1x9
# https://github.com/Neurophysics-CFIN/GFO
# Col:  1    2    3    4    5    6    7    8    9
#       R11  R12  R13  R21  R22  R23  R31  R32  R33
# where Rij = R(i,j), i = row index, j = column index

   -0.91865333   -0.21668912   -0.33033601   -0.25369709    0.96453888    0.07281857    0.30284293    0.15070030   -0.94105025
   -0.89291428   -0.22279744   -0.39123572    0.30239593    0.34701504   -0.88777095    0.33355778   -0.91101145   -0.24248164
   -0.88809437    0.08520602   -0.45169494    0.38014141   -0.41630933   -0.82594131   -0.25841999   -0.90522178    0.33733164
   -0.84328551    0.11268522   -0.52552031   -0.12050937   -0.99252173   -0.01944497   -0.52378148    0.04693245    0.85055882
   -0.78845037    0.48109878   -0.38326227   -0.57848318   -0.36820662    0.72786063    0.20905316    0.79559276    0.56862020
   -0.81577407    0.51749271   -0.25829047    0.16589669    0.63718024    0.75264841    0.55406765    0.57114152   -0.60564545
   -0.96905366    0.23674702   -0.06989883    0.24674264    0.93734367   -0.24597747    0.00728480   -0.25561239   -0.96675190
   -0.93550980    0.35267097    0.02108536    0.10685773    0.33933149   -0.93457775   -0.33675337   -0.87205351   -0.35513356
   -0.98156016    0.13552094    0.13480994   -0.19102238   -0.66929988   -0.71801680   -0.00707803   -0.73052840    0.68284563
   -0.65261628    0.74091713    0.15853642   -0.67508089   -0.66359836    0.32233991    0.34403167    0.10333937    0.93325408
   -0.73948652    0.65941311    0.13540323    0.03907796   -0.15875285    0.98654470    0.67203616    0.73482779    0.09162708
   -0.23808545    0.84578256    0.47745909    0.97122503    0.21041601    0.11156632   -0.00610419    0.49028254   -0.87154218
   -0.43745016    0.42472924    0.79261745    0.21154862    0.90529680   -0.36835430   -0.87400488    0.00654048   -0.48587312
   -0.17879366    0.51291790    0.83961185   -0.83766388    0.36827125   -0.40335532   -0.51609307   -0.77542989    0.36380823
   -0.50188913    0.26254850    0.82412110   -0.70559717   -0.67535091   -0.21455485    0.50023988   -0.68918026    0.52420476
   -0.41493780    0.02714169    0.90944486    0.44287210   -0.86712587    0.22794085    0.79478986    0.49734903    0.34778300
   -0.48081592   -0.14601886    0.86457767    0.83808081    0.21332458    0.50210874   -0.25775301    0.96600782    0.01980576
   -0.28587402   -0.35197930    0.89128369    0.41413352    0.79337724    0.44614569   -0.86415825    0.49665191   -0.08103951
   -0.46907779   -0.47119388    0.74695539   -0.70963552    0.70456796   -0.00118636   -0.52572184   -0.53062258   -0.66487310
   -0.64079384   -0.36674952    0.67444647   -0.56616339   -0.36758082   -0.73779628    0.51850002   -0.85462222    0.02790337
   -0.43892236   -0.80977240    0.38937877    0.53417571   -0.58362253   -0.61158895    0.72249808   -0.06044338    0.68872572
   -0.50671761   -0.71423047    0.48281683    0.85345401   -0.33641064    0.39805043   -0.12187503    0.61376112    0.78002805
   -0.41531238   -0.87326321    0.25480776    0.00847760    0.27637972    0.96101112   -0.90963935    0.40127998   -0.10738074
   -0.75543725   -0.64773790   -0.09874300   -0.62144517    0.66055159    0.42128078   -0.20765468    0.37961456   -0.90153886
   -0.44262968   -0.89670106    0.00248352   -0.54588198    0.26725899   -0.79409414    0.71140131   -0.35284535   -0.60778971
   -0.52428010   -0.81234557   -0.25539196    0.48969074   -0.04224978   -0.87087194    0.69665871   -0.58164391    0.41994882
   -0.31897432   -0.79276066   -0.51940921    0.88862741   -0.44071393    0.12693527   -0.32954016   -0.42107217    0.84504527
    0.09080509   -0.72763044   -0.67993263   -0.12574490   -0.68566614    0.71697292   -0.98789810    0.02039327   -0.15375779
   -0.05060139   -0.43239448   -0.90026358   -0.96643243   -0.20614863    0.15333327   -0.25188856    0.87780280   -0.40744864
   -0.13009930   -0.48408542   -0.86529502   -0.48861355    0.79068546   -0.36888115    0.86274618    0.37480370   -0.33939832
   -0.01628426   -0.11990697   -0.99265157    0.67236769    0.73348170   -0.09963070    0.74003818   -0.66904926    0.06867737
   -0.06969344    0.05014138   -0.99630752    0.89102839   -0.44596182   -0.08477300   -0.44856575   -0.89364640   -0.01359678
   -0.02168717    0.11490723   -0.99313946   -0.20642610   -0.97248250   -0.10800948   -0.97822182    0.20266748    0.04481024
    0.01061144    0.47031800   -0.88243322   -0.99130746   -0.11078474   -0.07096657   -0.13113699    0.87551569    0.46505416
    0.02258978    0.64543796   -0.76347858   -0.27947285    0.73730484    0.61504187    0.95988782    0.19947788    0.19703794
   -0.00549296    0.76393108   -0.64527446    0.82440920    0.36867497    0.42945109    0.56596758   -0.52961124   -0.63181693
    0.01097904    0.79983590   -0.60011832    0.80800461   -0.36065292   -0.46589486   -0.58907385   -0.47978329   -0.65023072
   -0.10594271    0.95137205   -0.28925312   -0.21431111   -0.30589965   -0.92762932   -0.97100303   -0.03628541    0.23629744
    0.15043144    0.97760648   -0.14715964   -0.98684173    0.13956270   -0.08164343   -0.05927715    0.15750501    0.98573749
   -0.03179993    0.99855162    0.04339847   -0.48425411   -0.05337634    0.87329773    0.87434931    0.00675492    0.48525009
   -0.09495949    0.95557334    0.27903816    0.77481643   -0.10504246    0.62339841    0.62501376    0.27540095   -0.73041914
   -0.02961302    0.87638361    0.48070244    0.73599898    0.34451875   -0.58276267   -0.67633466    0.33653914   -0.65521968
    0.38098470    0.86727902    0.32043371   -0.33586244    0.45271555   -0.82598127   -0.86142155    0.20706458    0.46376415
    0.47961731    0.57483527    0.66297183   -0.87717712    0.29431298    0.37939448    0.02296812   -0.76350788    0.64538994
    0.55100039    0.47779237    0.68418785   -0.25408280   -0.68489392    0.68290720    0.79488396   -0.55012250   -0.25597799
    0.57713449    0.37182888    0.72708945    0.65884804   -0.73806624   -0.14552484    0.48252984    0.56302886   -0.67094221
    0.64181620    0.07929642    0.76274769    0.59686401    0.57284310   -0.56178655   -0.48148242    0.81582036    0.32033081
    0.41910352    0.08424242    0.90402182   -0.33472632    0.93988793    0.06759411   -0.84398491   -0.33092883    0.42210850
    0.52845563   -0.15566381    0.83456781   -0.84672062   -0.02527163    0.53143723   -0.06163466   -0.98748677   -0.14515869
    0.38578533   -0.37663588    0.84220846   -0.08995848   -0.92388203   -0.37195359    0.91819233    0.06773044   -0.39030173
    0.45887829   -0.45904394    0.76072950    0.82794304   -0.08975586   -0.55358306    0.32239888    0.88386795    0.33887522
    0.58949655   -0.52307996    0.61553324    0.45665065    0.84436603    0.28020740   -0.66630624    0.11590236    0.73661567
    0.40164000   -0.76736940    0.49982948   -0.43830814    0.31814301    0.84063726   -0.80409657   -0.55671288   -0.20856529
    0.53635971   -0.79622086    0.27991177   -0.77068523   -0.59724692   -0.22212697    0.34403857   -0.09658391   -0.93397484
    0.45361263   -0.86839901    0.20029665    0.11316525   -0.16680380   -0.97947441    0.88398485    0.46696858    0.02260829
    0.26515110   -0.96403422    0.01824620    0.92900679    0.25035909   -0.27251918    0.25814971    0.08920960    0.96197733
    0.62506825   -0.69436029   -0.35658587    0.39133049   -0.11650921    0.91284503   -0.67538887   -0.71013337    0.19889815
    0.55317520   -0.70091178   -0.45024424   -0.69556976   -0.68603646    0.21339327   -0.45845382    0.19513241   -0.86703139
    0.66998174   -0.36556535   -0.64613191   -0.71917386   -0.10370164   -0.68704798    0.18415600    0.92499078   -0.33238325
    0.79927585   -0.31822672   -0.50979395    0.08853295    0.90138825   -0.42386454    0.59440729    0.29365113    0.74863141
    0.93824690   -0.04513361   -0.34300977    0.34572892    0.08558764    0.93442296   -0.01281649   -0.99530785    0.09590633
    0.91471723    0.06431738   -0.39894318    0.26354614   -0.84334490    0.46830846   -0.30632632   -0.53350975   -0.78837271
    0.76915482    0.05073192   -0.63704563   -0.51884523   -0.53240180   -0.66884075   -0.37309581    0.84497017   -0.38317740
    0.78614841    0.50436752   -0.35718915   -0.60879501    0.53238692   -0.58816053   -0.10648623    0.67983643    0.72559155
    0.80230045    0.46910554   -0.36912597   -0.12923698    0.74022566    0.65982101    0.58276221   -0.48166997    0.65450917
    0.89962274    0.43617753   -0.02069026    0.36216830   -0.71882963    0.59339538    0.24395296   -0.54132534   -0.80464516
    0.96242622    0.27153425    0.00221737    0.25369631   -0.89622991   -0.36388202   -0.09681916    0.35077214   -0.93144241
    0.77160114    0.58461886    0.25070396   -0.12018854    0.52101245   -0.84504482   -0.62464902    0.62190580    0.47227828
