# Rotation matrices: 88 entries, row-major flattening of 3x3 -> 1x9
# https://github.com/Neurophysics-CFIN/GFO
# Col:  1    2    3    4    5    6    7    8    9
#       R11  R12  R13  R21  R22  R23  R31  R32  R33
# where Rij = R(i,j), i = row index, j = column index

   -0.99554146    0.09365777    0.01119928    0.09376309    0.99555129    0.00927959   -0.01028035    0.01028829   -0.99989423
   -0.86308739   -0.49177039   -0.11507408   -0.22076091    0.57226152   -0.78979831    0.45425189   -0.65626110   -0.60247538
   -0.97409283   -0.06360898   -0.21701854    0.21634342   -0.54160878   -0.81231487   -0.06586863   -0.83822063    0.54133862
   -0.94725142   -0.01576995   -0.32010321    0.03470871   -0.99796202   -0.05354541   -0.31860643   -0.06183134    0.94586829
   -0.93529533    0.17696075   -0.30644337   -0.34718438   -0.29136958    0.89138475    0.06845184    0.94010035    0.33395461
   -0.67334114    0.71522605   -0.18725225    0.08784117    0.32887054    0.94028086    0.73409512    0.61668133   -0.28426836
   -0.68524830    0.65244601   -0.32364946    0.71947849    0.67541921   -0.16173929    0.11307290   -0.34369040   -0.93225073
   -0.80069773    0.59602640    0.06029653    0.21415441    0.37877867   -0.90036915   -0.55948282   -0.70801077   -0.43092890
   -0.58517668    0.80745681    0.07471105   -0.64490906   -0.40755541   -0.64652216   -0.49158983   -0.42651152    0.75922813
   -0.61494774    0.76739007    0.18152619   -0.61159004   -0.60944133    0.50451847    0.49779203    0.19923288    0.84410269
   -0.77695151    0.42027020    0.46874226    0.20655434   -0.53317072    0.82040496    0.59471141    0.73423562    0.32743916
   -0.66790848    0.65062311    0.36136938    0.73964147    0.52636732    0.41936611    0.08263625    0.54738196   -0.83279303
   -0.72057302    0.47223323    0.50771085    0.28258121    0.86866263   -0.40690673   -0.63318433   -0.14973647   -0.75937909
   -0.78120455    0.30305994    0.54577846   -0.46720263    0.29603598   -0.83311728   -0.41405454   -0.90582414   -0.08967425
   -0.67026180    0.23055038    0.70540460   -0.52232217   -0.82178218   -0.22771387    0.52718941   -0.52107636    0.67123077
   -0.86995129   -0.09858040    0.48318388    0.28396578   -0.90120565    0.32740161    0.40317266    0.42203114    0.81199847
   -0.80076414   -0.12550389    0.58568384    0.58847817    0.01745367    0.80832470   -0.11167023    0.99193959    0.05988003
   -0.72474655   -0.15834410    0.67057407    0.13073038    0.92395512    0.35946698   -0.67649982    0.34818686   -0.64893290
   -0.77450325   -0.46485756    0.42901301   -0.61486138    0.71257729   -0.33790397   -0.14862772   -0.52549125   -0.83771639
   -0.62153245   -0.39548556    0.67623117   -0.52248797   -0.43390071   -0.73398671    0.58369833   -0.80951921    0.06304692
   -0.28541980   -0.70269100    0.65173683    0.62178639   -0.65325252   -0.43202180    0.72932656    0.28193352    0.62337490
   -0.47676449   -0.86115899    0.17635420    0.84678510   -0.39609640    0.35505300   -0.23590382    0.31861077    0.91806131
   -0.31777120   -0.89297532    0.31877350   -0.09497580    0.36448629    0.92635271   -0.94339868    0.26409244   -0.20063429
   -0.38352962   -0.92311152   -0.02775141   -0.87406801    0.35312340    0.33363000   -0.29817802    0.15221360   -0.94229554
   -0.40214679   -0.87315260   -0.27546778   -0.62664328    0.48184457   -0.61249001    0.66752990   -0.07369086   -0.74092746
   -0.35935033   -0.87417576   -0.32662529    0.57264766    0.06979669   -0.81682500    0.73684598   -0.48056754    0.47551324
   -0.45124423   -0.79363121   -0.40807860    0.87009762   -0.49286622   -0.00360842   -0.19826440   -0.35669650    0.91293967
   -0.44757645   -0.60492357   -0.65859153    0.02285683   -0.74397530    0.66781608   -0.89395352    0.28384544    0.34681246
   -0.25971784   -0.61050562   -0.74821757   -0.92767096   -0.05751964    0.36894184   -0.26827827    0.78992049   -0.55140946
   -0.44441330   -0.38579275   -0.80849290   -0.63954171    0.76860581   -0.01521560    0.62728241    0.51030292   -0.58830919
   -0.29797439   -0.14274764   -0.94384023    0.63645106    0.70720204   -0.30788849    0.71143609   -0.69245100   -0.11987621
   -0.25106236   -0.10348317   -0.96242346    0.91652747   -0.34523313   -0.20196903   -0.31136007   -0.93279436    0.18152021
   -0.35497873   -0.02574395   -0.93451985   -0.07658677   -0.99545999    0.05651432   -0.93173202    0.09163324    0.35139548
   -0.32060479    0.35634157   -0.87762934   -0.92286482   -0.32623856    0.20466787   -0.21338486    0.87555073    0.43344874
   -0.33977634    0.49201374   -0.80154508   -0.49105328    0.63405517    0.59736146    0.80213385    0.59657063    0.02616801
   -0.24327254    0.46919887   -0.84892337    0.76671749    0.62909760    0.12798631    0.59410669   -0.61974884   -0.51278516
   -0.14436100    0.89131978   -0.42977779    0.86453146   -0.09768974   -0.49299297   -0.48139927   -0.44272538   -0.75647140
   -0.33259352    0.82774005   -0.45191588   -0.22924608   -0.53578421   -0.81263861   -0.91478292   -0.16667840    0.36795452
    0.23779723    0.90404860   -0.35517405   -0.97071929    0.23399610   -0.05431283    0.03400790    0.35768974    0.93322104
   -0.02743737    0.95766528    0.28657357   -0.31147143   -0.28059998    0.90788171    0.94985933   -0.06434960    0.30598430
   -0.07282189    0.99703273   -0.02495417    0.77243262    0.07220981    0.63097828    0.63090794    0.02667362   -0.77539905
    0.21468787    0.81130905    0.54377086    0.72037349    0.24442188   -0.64909166   -0.65952343    0.53107021   -0.53197112
   -0.05027064    0.75798642    0.65033026   -0.45868477    0.56089688   -0.68920459   -0.88717594   -0.33294334    0.31948019
   -0.08024685    0.67815639    0.73052335   -0.97589505   -0.20267402    0.08094495    0.20295144   -0.70641854    0.67807342
    0.14450590    0.43776771    0.88739928   -0.17836722   -0.87059755    0.45852484    0.97329501   -0.22454249   -0.04772308
   -0.09404214    0.37337474    0.92290161    0.93078466   -0.29596350    0.21458222    0.35326477    0.87920243   -0.31969844
   -0.07370805   -0.00010678    0.99727986    0.61509684    0.78713498    0.04554553   -0.78499873    0.61678076   -0.05795250
   -0.05869560   -0.08587512    0.99457543   -0.42743055    0.90251080    0.05270081   -0.90214076   -0.42201862   -0.08967906
   -0.16625382   -0.18462884    0.96864434   -0.94912287   -0.23645883   -0.20797357    0.26744243   -0.95393889   -0.13592327
    0.14248866   -0.52219626    0.84083771   -0.03112304   -0.85144939   -0.52351245    0.98930700    0.04842516   -0.13757421
    0.04213443   -0.59260238    0.80439238    0.86745740   -0.37776780   -0.32374240    0.49572406    0.71141683    0.49814029
   -0.21023571   -0.75625422    0.61958091    0.60058342    0.40016078    0.69222172   -0.77142758    0.51763974    0.37006566
    0.25180783   -0.86571038    0.43259491   -0.45577369    0.28824268    0.84213211   -0.85373483   -0.40922084   -0.32198625
    0.19146315   -0.90997704    0.36780927   -0.95642806   -0.25713619   -0.13829803    0.22042510   -0.32530413   -0.91955968
   -0.00767339   -0.99984543   -0.01581908   -0.02021447    0.01597141   -0.99966809    0.99976622   -0.00735107   -0.02033391
    0.18612441   -0.97835088   -0.09048343    0.91399059    0.20619789   -0.34943329    0.36052587   -0.01766294    0.93258196
    0.35497855   -0.92107687   -0.16002381    0.53527203    0.05990991    0.84255246   -0.76646858   -0.38474432    0.51429343
    0.28338556   -0.87391250   -0.39492982   -0.53928587   -0.48574852    0.68790924   -0.79300906    0.01803653   -0.60894278
    0.30871420   -0.74032017   -0.59717802   -0.89127689   -0.00591205   -0.45342095    0.33214613    0.67222846   -0.66165539
    0.40443476   -0.65501793   -0.63826643    0.10798527    0.72720828   -0.67786968    0.90816942    0.20523069    0.36484060
    0.33015175   -0.40121486   -0.85441586    0.93012481    0.29250886    0.22205046    0.16083426   -0.86802373    0.46975221
    0.33233874   -0.37696273   -0.86455194    0.38767189   -0.78104263    0.48957422   -0.85980315   -0.49786697   -0.11343287
    0.46597323   -0.02048471   -0.88456166   -0.63563522   -0.70319890   -0.31855798   -0.61549721    0.71069803   -0.34069266
    0.48119593   -0.10033462   -0.87085213   -0.70548955    0.54533384   -0.45265384    0.52032199    0.83219227    0.19162740
    0.34853284    0.25990307   -0.90054165    0.31814319    0.87094311    0.37449033    0.88165173   -0.41702337    0.22086588
    0.38878479    0.47411049   -0.78997825    0.92098871   -0.17670449    0.34721077    0.02502357   -0.86255131   -0.50535043
    0.38563583    0.55655478   -0.73588843    0.29686207   -0.83001447   -0.47217465   -0.87358910   -0.03636991   -0.48530332
    0.57913467    0.71008448   -0.40047854   -0.68570142    0.15859439   -0.71039523   -0.44092698    0.68602321    0.57875345
    0.80211300    0.51087454   -0.30922797   -0.33228070    0.81207369    0.47971436    0.49618975   -0.28203463    0.82112861
    0.60620611    0.79364889   -0.05133794    0.19177425   -0.08322465    0.97790403    0.77183987   -0.60265670   -0.20265271
    0.76560902    0.64179550    0.04406082    0.63795877   -0.74864941   -0.18036816   -0.08277337    0.16620048   -0.98261181
    0.88940609    0.44617332   -0.09942925   -0.09577896   -0.03079158   -0.99492626   -0.44697114    0.89441671    0.01534780
    0.76176432    0.52756337    0.37602129   -0.56944948    0.82202627    0.00030676   -0.30893755   -0.21435881    0.92661097
    0.87300921    0.36093666    0.32799336   -0.35864731    0.01938126    0.93327192    0.33049513   -0.93238892    0.14636898
    0.70084427    0.42232570    0.57485504    0.33241830   -0.90640494    0.26063031    0.63112232    0.00843107   -0.77563750
    0.77870243    0.35651442    0.51625574    0.59309857   -0.14997882   -0.79103757   -0.20458887    0.92217342   -0.32823707
    0.63396202    0.18296626    0.75140901    0.01131244    0.96931295   -0.24556961   -0.77328144    0.16418207    0.61243781
    0.69422145   -0.03775512    0.71877057   -0.68131700    0.28753367    0.67315046   -0.23208561   -0.95702609    0.17388884
    0.66744474   -0.25365310    0.70012687   -0.43526962   -0.89574750    0.09042545    0.60420020   -0.36509795   -0.70826944
    0.74136673   -0.18182098    0.64600039    0.51940328   -0.45409749   -0.72388929    0.42496542    0.87220216   -0.24221436
    0.77111660   -0.25832545    0.58193398    0.56682840    0.69479945   -0.44267290   -0.28997373    0.67120913    0.68219758
    0.66929161   -0.63352270    0.38819804   -0.03713856    0.49329587    0.86906842   -0.74207106   -0.59607732    0.30663066
    0.60926939   -0.58111650    0.53953167   -0.77954853   -0.31432107    0.54176227   -0.14524082   -0.75067029   -0.64451472
    0.87549383   -0.46790752    0.12071910   -0.23350571   -0.62835666   -0.74205323    0.42306694    0.62147442   -0.65938146
    0.96548697   -0.26033653   -0.00773296    0.16322348    0.62793564   -0.76095659    0.20296060    0.73343147    0.64875671
    0.95464240   -0.20542720   -0.21554016    0.29409151    0.76372508    0.57466006    0.04656262   -0.61198339    0.78949874
    0.97766254   -0.01298783   -0.20977913    0.20443929   -0.17293076    0.96348302   -0.04879082   -0.98484835   -0.16641270
    0.94277547    0.27820682   -0.18378080    0.18416564   -0.89396874   -0.40853753   -0.27795221    0.35131305   -0.89404793
