# Rotation matrices: 31 entries, row-major flattening of 3x3 -> 1x9
# https://github.com/Neurophysics-CFIN/GFO
# Col:  1    2    3    4    5    6    7    8    9
#       R11  R12  R13  R21  R22  R23  R31  R32  R33
# where Rij = R(i,j), i = row index, j = column index

    0.70479332   -0.65616916    0.26964496   -0.53511114   -0.74127028   -0.40518444    0.46574934    0.14128126   -0.87356577
   -0.11047723   -0.94090123   -0.32015567   -0.11246784    0.33189368   -0.93658826    0.98749469   -0.06746446   -0.14248783
    0.34599401   -0.89055775   -0.29528808    0.93375167    0.29610485    0.20107149   -0.09162954   -0.34529526    0.93401028
   -0.24965608   -0.66370332   -0.70510265   -0.17265429   -0.68598218    0.70683729   -0.95281810    0.29820522    0.05666839
   -0.35441408   -0.42536568   -0.83273927   -0.86386483   -0.19195835    0.46571402   -0.35795002    0.88442978   -0.29942571
   -0.65214341    0.26713144   -0.70947147   -0.08905509    0.90238568    0.42162693    0.75284671    0.33814327   -0.56469547
   -0.14528599    0.79199559   -0.59298816    0.95715194    0.26425929    0.11843647    0.25050379   -0.55037261   -0.79645329
    0.13672554    0.98330980   -0.12003316    0.32744982   -0.15922187   -0.93135655   -0.93492392    0.08803539   -0.34375431
    0.92092742    0.35099451   -0.16939756   -0.38891972    0.79957008   -0.45763427   -0.02518189    0.48733001    0.87285471
    0.58247055    0.70993609    0.39587725   -0.72056248    0.22556977    0.65567369    0.37618848   -0.66716491    0.64294106
    0.81482233    0.41965624    0.39994152    0.23314063   -0.86886796    0.43670804    0.53076362   -0.26259684   -0.80581194
    0.84870694   -0.08948639    0.52123767    0.38575292   -0.56947777   -0.72587172    0.36178891    0.81712132   -0.44880010
    0.85797131   -0.50031957    0.11647126    0.40858668    0.52722128   -0.74504674    0.31135534    0.68681734    0.65676465
    0.94180844    0.18222685    0.28247167   -0.31212157    0.78605584    0.53356944   -0.12480783   -0.59068570    0.79719095
    0.41766604    0.04398284    0.90753545   -0.72373340   -0.58777748    0.36156272    0.54933145   -0.80782618   -0.21366284
   -0.05908632   -0.03139742    0.99775899    0.42278144   -0.90622500   -0.00348032    0.90430341    0.42162834    0.06681975
    0.16476505   -0.25513725    0.95276307    0.96660358   -0.15046950   -0.20745227    0.19629059    0.95512508    0.22182446
   -0.71633967    0.07797500    0.69338111    0.15175743    0.98735851    0.04574769   -0.68104857    0.13799662   -0.71911736
   -0.58691340    0.70240983    0.40268238   -0.24116367    0.32311457   -0.91511587   -0.77289892   -0.63420613   -0.02024454
   -0.96715410    0.09300620    0.23656456   -0.25418987   -0.35633755   -0.89911682    0.00067340   -0.92971684    0.36827456
   -0.90402360    0.32258231    0.28050310   -0.27149175   -0.94010336    0.20615019    0.33020231    0.11021036    0.93745406
   -0.71601842   -0.42576118    0.55321337    0.64365319   -0.09587308    0.75928843   -0.27023727    0.89974206    0.34268943
   -0.67867755   -0.68226596    0.27186382    0.09091946    0.28927052    0.95291984   -0.72878696    0.67144302   -0.13429016
   -0.48073003   -0.87654159    0.02394735   -0.86369463    0.47804716    0.15969503   -0.15142730    0.05608700   -0.98687589
    0.18536511   -0.56715674   -0.80247929   -0.74852628    0.44760045   -0.48924661    0.63666960    0.69136609   -0.34156222
    0.40637205   -0.47384111   -0.78124027    0.64092931    0.75720832   -0.12587764    0.65120763   -0.44956663    0.61140696
    0.47909633    0.03594828   -0.87702590    0.85140923   -0.26202484    0.45436252   -0.21346902   -0.96439136   -0.15614184
    0.30745336    0.49480354   -0.81279880    0.75281755   -0.64892554   -0.11027867   -0.58201217   -0.57798365   -0.57201112
    0.20872748    0.76139331   -0.61376955   -0.69786473   -0.32371452   -0.63890041   -0.68514062    0.56168419    0.46378142
   -0.40643982    0.69520927   -0.59286655   -0.39248160   -0.71880720   -0.57382437   -0.82508476   -0.00053587    0.56500872
   -0.32390174    0.94440747   -0.05641090   -0.53704883   -0.13444818    0.83276782    0.77888781    0.30003036    0.55074093
