# Rotation matrices: 20 entries, row-major flattening of 3x3 -> 1x9
# https://github.com/Neurophysics-CFIN/GFO
# Col:  1    2    3    4    5    6    7    8    9
#       R11  R12  R13  R21  R22  R23  R31  R32  R33
# where Rij = R(i,j), i = row index, j = column index

    0.02029958   -0.47134028    0.88171779   -0.76904186    0.55617933    0.31502251   -0.63887600   -0.68447271   -0.35119020
   -0.95166818   -0.22720511    0.20665311   -0.29829905    0.52360645   -0.79803130    0.07311189   -0.82110543   -0.56607467
   -0.70806742    0.24526129   -0.66218383    0.31377745   -0.73080139   -0.60619555   -0.63260116   -0.63700568    0.44049919
   -0.43306953    0.75258868   -0.49604543   -0.67516162   -0.63545075   -0.37464535   -0.59716628    0.17266335    0.78331335
    0.59041043    0.68153914   -0.43234237   -0.77361865    0.63056738   -0.06244166    0.23006456    0.37133433    0.89954495
    0.74234989    0.57551658    0.34307042   -0.17223409   -0.33091358    0.92781012    0.64749677   -0.74784816   -0.14653009
    0.87359783    0.13799396    0.46667387   -0.09282869   -0.89409438    0.43815302    0.47771295   -0.42609025   -0.76826911
    0.55282185    0.81665248   -0.16573089   -0.09280639   -0.13730883   -0.98617101   -0.82811532    0.56055777   -0.00011675
    0.31670241    0.30597713    0.89781823   -0.30029302    0.93019749   -0.21108464   -0.89973534   -0.20275754    0.38647858
    0.15222082    0.93998017    0.30539498   -0.68978849   -0.12025554    0.71395409    0.70782813   -0.31933662    0.63008211
   -0.06535570    0.90246223   -0.42578229   -0.38316759    0.37128665    0.84577114    0.92136379    0.21842194    0.32152858
   -0.22101495    0.95959982    0.17412803    0.97237528    0.20307112    0.11510187    0.07509136    0.19475702   -0.97797290
   -0.70685114    0.70154453    0.09053585    0.53954999    0.61749446   -0.57235164   -0.45743555   -0.35571879   -0.81499501
   -0.89995491    0.12184733    0.41861006   -0.43583614   -0.27634961   -0.85654992    0.01131440   -0.95330170    0.30180765
   -0.43006043    0.61042383    0.66515470   -0.71672270   -0.67885135    0.15959140    0.54895956   -0.40809752    0.72945172
   -0.48747190    0.31683454    0.81362585    0.68324380   -0.44177618    0.58138775    0.54364424    0.83931501   -0.00112176
    0.27151206    0.61094813    0.74365556    0.94939453   -0.04325352   -0.31109349   -0.15789626    0.79048815   -0.59177466
    0.91527429   -0.36912889    0.16129737    0.23960337    0.82073592    0.51863549   -0.32382589   -0.43604634    0.83964301
    0.52811496    0.24061380   -0.81437067    0.83886035    0.00118125    0.54434540    0.13193899   -0.97062022   -0.20121754
   -0.06395001    0.15778848   -0.98540002   -0.06670085   -0.98588897   -0.15353806   -0.99572154    0.05590826    0.07357224
