# Rotation matrices: 83 entries, row-major flattening of 3x3 -> 1x9
# https://github.com/Neurophysics-CFIN/GFO
# Col:  1    2    3    4    5    6    7    8    9
#       R11  R12  R13  R21  R22  R23  R31  R32  R33
# where Rij = R(i,j), i = row index, j = column index

   -0.99936428    0.03476336   -0.00790874    0.03443555    0.99867003    0.03837133    0.00923213    0.03807459   -0.99923225
   -0.98185705   -0.07809402   -0.17279481    0.11435830    0.48302182   -0.86810835    0.15125774   -0.87211882   -0.46532768
   -0.97603397    0.04338921   -0.21324882    0.15870824   -0.52853615   -0.83394318   -0.14889385   -0.84780122    0.50898301
   -0.68538876    0.38182481   -0.62004198   -0.35709981   -0.91832263   -0.17077257   -0.63460379    0.10437127    0.76575758
   -0.71662286    0.46723351   -0.51782673   -0.68139367   -0.31056757    0.66275973    0.14884336    0.82779263    0.54092978
   -0.67264483    0.70248985   -0.23250148    0.10876375    0.40465459    0.90797859    0.73192853    0.58545937   -0.34859425
   -0.75228358    0.54841551   -0.36511620    0.61836324    0.77897733   -0.10402513    0.22736824   -0.30403084   -0.92513185
   -0.83663045    0.54772743    0.00664491    0.20939183    0.33099969   -0.92010557   -0.50616652   -0.76839695   -0.39161407
   -0.72878679    0.68059511   -0.07523380   -0.41147120   -0.52310982   -0.74635620   -0.54732191   -0.51297799    0.66128080
   -0.68962495    0.71858934    0.08970389   -0.62587763   -0.65374412    0.42531848    0.36427272    0.23716658    0.90058725
   -0.79791209    0.51779786    0.30858009    0.14698995   -0.32933365    0.93270215    0.58457699    0.78957249    0.18666822
   -0.79409189    0.50558973    0.33733826    0.60480261    0.60226961    0.52104234    0.06026507    0.61777855   -0.78403940
   -0.86150958    0.28726656    0.41866356    0.09522818    0.90134528   -0.42250241   -0.49873123   -0.32412130   -0.80387346
   -0.89977150    0.13072637    0.41631942   -0.40595186    0.09915444   -0.90849958   -0.16004477   -0.98644767   -0.03614772
   -0.76112049    0.09874720    0.64104961   -0.41295645   -0.83591603   -0.36154027    0.50016255   -0.53990127    0.67701110
   -0.81034742   -0.12120343    0.57327724    0.33964153   -0.89440700    0.29099784    0.47747324    0.43051811    0.76594612
   -0.71491181   -0.15971345    0.68072955    0.68260758    0.05150353    0.72896795   -0.15148596    0.98581895    0.07220113
   -0.49783513   -0.08835228    0.86275956    0.06163766    0.98867731    0.13681366   -0.86507860    0.12128913   -0.48675247
   -0.45034502   -0.55131040    0.70231490   -0.74668025    0.66383608    0.04231151   -0.48954874   -0.50534988   -0.71060785
   -0.36698670   -0.65647162    0.65906432   -0.59135923   -0.38226501   -0.71004769    0.71806339   -0.65032182   -0.24792438
   -0.22015796   -0.61014410    0.76108781    0.42013587   -0.76346455   -0.49051782    0.88035011    0.21176889    0.42442622
   -0.31531822   -0.88347293    0.34648232    0.93495923   -0.22666900    0.27289634   -0.16255972    0.40999603    0.89748403
   -0.44305228   -0.86566613    0.23308117    0.14283787    0.18850656    0.97162885   -0.88504352    0.46377519    0.04013164
   -0.33301390   -0.93711089   -0.10452240   -0.92049352    0.29905612    0.25150967   -0.20443439    0.17996841   -0.96219434
   -0.51785531   -0.85546423    0.00261232   -0.58899090    0.35432771   -0.72632059    0.62041567   -0.37766761   -0.68735113
   -0.31417501   -0.87076943   -0.37822568    0.54277018    0.16211629   -0.82408667    0.77890602   -0.46419706    0.42169479
   -0.51337396   -0.79275523   -0.32861273    0.84791126   -0.52759568   -0.05185837   -0.13226366   -0.30525717    0.94303997
   -0.40072052   -0.82037053   -0.40794027    0.05038247   -0.46430958    0.88423878   -0.91481401    0.33377958    0.22739067
   -0.31856429   -0.53369810   -0.78337930   -0.87573397   -0.15058351    0.45870973   -0.36277651    0.83216041   -0.41940703
   -0.39005748   -0.54104669   -0.74506620   -0.55271333    0.78474551   -0.28050393    0.73645308    0.30239537   -0.60513957
   -0.44114514   -0.32811794   -0.83530209    0.61527348    0.56700633   -0.54766994    0.65332191   -0.75554116   -0.04824982
   -0.33809785   -0.02715011   -0.94071925    0.90725378   -0.27510659   -0.31813039   -0.25016079   -0.96103030    0.11764499
   -0.43266976   -0.09901283   -0.89609896   -0.08611779   -0.98486699    0.15040195   -0.89743000    0.14224444    0.41759539
   -0.15734031    0.25879511   -0.95303154   -0.97043224   -0.21939342    0.10063693   -0.18304450    0.94068678    0.28566255
   -0.47876818    0.61733174   -0.62424559   -0.41051947    0.47109830    0.78073053    0.77605077    0.63005390    0.02787982
   -0.13228491    0.61076746   -0.78068164    0.79951589    0.53129326    0.28018175    0.58589679   -0.58710355   -0.55860036
    0.27384804    0.85280041   -0.44467821    0.75351711   -0.47756289   -0.45182480   -0.59767818   -0.21134130   -0.77337937
   -0.08038687    0.94577115   -0.31472985   -0.16181417   -0.32394560   -0.93213488   -0.98354162   -0.02400366    0.17908014
    0.21514209    0.96200414   -0.16811280   -0.97572506    0.20453116   -0.07827903   -0.04092044    0.18087298    0.98265481
   -0.07244012    0.97793170    0.19596433   -0.34905970   -0.20891297    0.91351667    0.93429640   -0.00222799    0.35649022
   -0.15609927    0.96452975    0.21287407    0.84777729    0.02023928    0.52996607    0.50685963    0.26319712   -0.82086576
    0.06497123    0.90036798    0.43025137    0.79743402    0.21235507   -0.56480466   -0.59989809    0.37979313   -0.70418709
    0.10682568    0.71509011    0.69082155   -0.38231007    0.67092359   -0.63537434   -0.91783838   -0.19623373    0.34505802
   -0.05465619    0.63285753    0.77233675   -0.97306976   -0.20723220    0.10094582    0.22393737   -0.74602022    0.62714104
    0.08419227    0.48017376    0.87312360   -0.23295054   -0.84246894    0.48577786    0.96883730   -0.24429336    0.04092736
   -0.17185547    0.38688813    0.90597090    0.75878106   -0.53452626    0.37220019    0.62826507    0.75139820   -0.20170212
   -0.06542739    0.16951805    0.98335288    0.65274251    0.75264641   -0.08631684   -0.75474928    0.63622874   -0.15989533
    0.10740034   -0.09432382    0.98973137   -0.36487679    0.92228579    0.12749056   -0.92484058   -0.37482253    0.06463724
   -0.08767136   -0.12192256    0.98866001   -0.98012913   -0.16672130   -0.10747510    0.17793432   -0.97843697   -0.10488317
    0.13768564   -0.60122040    0.78713194   -0.03517944   -0.79716767   -0.60273220    0.98985103    0.05529671   -0.13090914
    0.23004794   -0.58810074    0.77538085    0.87270171   -0.22791998   -0.43179186    0.43066190    0.77600902    0.46080400
    0.24853167   -0.82387949    0.50936686    0.51876693    0.55730504    0.64829929   -0.81799320    0.10311978    0.56590938
    0.26670751   -0.89108618    0.36719548   -0.44031994    0.22624901    0.86886692   -0.85731293   -0.39341682   -0.33202071
    0.21269722   -0.94592802    0.24490828   -0.95760360   -0.25163779   -0.14026321    0.19430708   -0.20469146   -0.95934674
    0.42463110   -0.90106137    0.08818638   -0.08174308   -0.13516274   -0.98744575    0.90166873    0.41209154   -0.13104983
    0.26037478   -0.94948388   -0.17517228    0.87183901    0.30916801   -0.37988403    0.41485143   -0.05380980    0.90829665
    0.43952189   -0.83971746   -0.31889669    0.63183009    0.03668026    0.77423853   -0.63844440   -0.54178331    0.54668053
    0.28381604   -0.75778515   -0.58754585   -0.49171441   -0.64106268    0.58928395   -0.82320434    0.12165653   -0.55455775
    0.45254446   -0.66259844   -0.59679713   -0.84310637   -0.09991884   -0.52838232    0.29047402    0.74227995   -0.60385869
    0.45920118   -0.66494083   -0.58905685    0.11068684    0.70076490   -0.70475313    0.88140950    0.25842263    0.39539227
    0.53847563   -0.37954953   -0.75232051    0.82344914    0.42648443    0.37422260    0.17881697   -0.82100742    0.54219120
    0.55670569   -0.33175079   -0.76159057    0.34741391   -0.73979037    0.57620637   -0.75457429   -0.58536452   -0.29659067
    0.30074594   -0.20707363   -0.93095241   -0.72792422   -0.68051883   -0.08378812   -0.61618033    0.70286175   -0.35539719
    0.37738913    0.06864440   -0.92350712   -0.83598963    0.45424998   -0.30786084    0.39837017    0.88822570    0.22881501
    0.30373181    0.34176666   -0.88934950    0.24418679    0.87434547    0.41939578    0.92093420   -0.34455124    0.18211163
    0.51495145    0.49648646   -0.69880341    0.85610517   -0.33941288    0.38972149   -0.04369143   -0.79893686   -0.59982577
    0.83301409    0.38294628   -0.39929897    0.12006218   -0.82965838   -0.54520827   -0.54006721    0.40622547   -0.73709448
    0.76781128    0.61033912   -0.19481273   -0.52622095    0.42733187   -0.73517276   -0.36545501    0.66698848    0.64928346
    0.81326436    0.46972501   -0.34345232   -0.33578809    0.86087989    0.38227237    0.47523410   -0.19556129    0.85785100
    0.76644691    0.61366535   -0.18966807    0.38955533   -0.20933323    0.89689812    0.51069147   -0.76131100   -0.39949941
    0.82846425    0.54121738    0.14398171    0.55464352   -0.75728951   -0.34479439   -0.07757288    0.36550834   -0.92757000
    0.88065984    0.46104158    0.10899040    0.11667869    0.01189472   -0.99309848   -0.45915610    0.88729881   -0.04331852
    0.75230456    0.50330241    0.42511708   -0.58732522    0.80469809    0.08666072   -0.29847435   -0.31487723    0.90098024
    0.78142346    0.48361052    0.39433265   -0.45546962    0.01009502    0.89019409    0.42652643   -0.87522509    0.22815839
    0.73368155    0.38862197    0.55739066    0.40030540   -0.91004459    0.10758456    0.54906007    0.14419368   -0.82325040
    0.77782605    0.16523243    0.60637025    0.62847488   -0.20824510   -0.74943533    0.00244261    0.96401879   -0.26582289
    0.77568111    0.02978922    0.63042162    0.07856387    0.98655837   -0.14328398   -0.62621604    0.16067104    0.76291434
    0.66078206   -0.07112129    0.74720067   -0.67825290    0.36978429    0.63500597   -0.32146551   -0.92639157    0.19610860
    0.42168343   -0.26161578    0.86818216   -0.64792935   -0.75675390    0.08666649    0.63432692   -0.59906653   -0.48861913
    0.81285696   -0.26076068    0.52083340    0.31228968   -0.55969619   -0.76760363    0.49166932    0.78660284   -0.37352008
    0.97718193   -0.14151400    0.15839592    0.20899905    0.77360185   -0.59821366   -0.03787977    0.61766817    0.78552603
    0.99013523   -0.12435962   -0.06455165    0.13711261    0.76510441    0.62913860   -0.02885069   -0.63178314    0.77460810
    0.94028986    0.21556066   -0.26341711    0.33159453   -0.75477341    0.56600545   -0.07681172   -0.61955686   -0.78118452
