# Rotation matrices: 70 entries, row-major flattening of 3x3 -> 1x9
# https://github.com/Neurophysics-CFIN/GFO
# Col:  1    2    3    4    5    6    7    8    9
#       R11  R12  R13  R21  R22  R23  R31  R32  R33
# where Rij = R(i,j), i = row index, j = column index

   -0.98497712   -0.13444685   -0.10837024   -0.14932400    0.97832409    0.14347236    0.08673181    0.15749927   -0.98370299
   -0.86082872    0.00142204   -0.50889281    0.41334508    0.58527391   -0.69756741    0.29684972   -0.81083440   -0.50440838
   -0.86476113    0.08939162   -0.49416326    0.42969741   -0.37756202   -0.82024816   -0.25990059   -0.92165940    0.28808962
   -0.85763078   -0.00952412   -0.51417773   -0.08648550   -0.98291736    0.16246143   -0.50694152    0.18380084    0.84215649
   -0.71382864    0.44496030   -0.54079478   -0.67974237   -0.25439713    0.68791890    0.16851996    0.85865734    0.48405433
   -0.72873538    0.65748397   -0.19146688    0.30571072    0.56254108    0.76817217    0.61276888    0.50126076   -0.61094349
   -0.79390838    0.53856693   -0.28223242    0.59851706    0.77400857   -0.20661090    0.10717652   -0.33295104   -0.93683339
   -0.91444233    0.39121363    0.10366826    0.02192228    0.30365451   -0.95252998   -0.40412205   -0.86876109   -0.28625083
   -0.96265903    0.26856800   -0.03404144   -0.17881604   -0.72522607   -0.66488493   -0.20325456   -0.63397033    0.74616969
   -0.95997096    0.27544864    0.05083114   -0.26981027   -0.95808800    0.09627980    0.07522085    0.07871104    0.99405553
   -0.72327647    0.65947936    0.20483680    0.05514964   -0.24051444    0.96907756    0.68835286    0.71220767    0.13758838
   -0.40528608    0.75012930    0.52254113    0.89841108    0.43255279    0.07586576   -0.16911750    0.50020407   -0.84923210
   -0.21136851    0.61465676    0.75994764    0.14768721    0.78867199   -0.59681235   -0.96618416   -0.01391279   -0.25747737
   -0.24975070    0.46475598    0.84948600   -0.79586975    0.40118559   -0.45347708   -0.55155773   -0.78933643    0.26968885
   -0.31710080    0.36954203    0.87343332   -0.66705146   -0.74156537    0.07157618    0.67415831   -0.55992811    0.48165453
   -0.41751052   -0.13531079    0.89854101    0.53626073   -0.83497772    0.12343677    0.73355940    0.53338841    0.42117385
   -0.45525433   -0.04205881    0.88936750    0.87854826    0.14095538    0.45638200   -0.14455602    0.98912216   -0.02721985
   -0.47301761   -0.29476928    0.83028032    0.32288117    0.81881503    0.47464692   -0.81975734    0.49259823   -0.29213848
   -0.48310102   -0.57508155    0.66022315   -0.81431123    0.57218933   -0.09745047   -0.32173068   -0.58470554   -0.74472062
   -0.59060002   -0.49918228    0.63404154   -0.53243899   -0.34935939   -0.77101021    0.60638300   -0.79294707   -0.05945245
   -0.50991539   -0.68251539    0.52360198    0.23524436   -0.69611671   -0.67829316    0.82743361   -0.22269771    0.51551852
   -0.53186385   -0.77137462    0.34943102    0.80781065   -0.33833878    0.48266844   -0.25409212    0.53898799    0.80307480
   -0.41677552   -0.89511745    0.15831275    0.06720140    0.14334248    0.98738893   -0.90652200    0.42215837    0.00041151
   -0.57694268   -0.81440046   -0.06236206   -0.75315521    0.50090018    0.42644605   -0.31606070    0.29300324   -0.90236065
   -0.31225970   -0.94880452    0.04758007   -0.49283385    0.11897122   -0.86195165    0.81216296   -0.29260184   -0.50475290
   -0.60049718   -0.75410601   -0.26594596    0.51298684   -0.10818143   -0.85155228    0.61339028   -0.64778152    0.45180910
   -0.61930197   -0.60348954   -0.50226034    0.68794083   -0.72539137    0.02334047   -0.37842105   -0.33107059    0.86440140
   -0.19539293   -0.83278873   -0.51796190   -0.19832628   -0.48367717    0.85248055   -0.96046254    0.26929413   -0.07065680
   -0.14065838   -0.30067138   -0.94329844   -0.94874776   -0.23141404    0.21523295   -0.28300689    0.92522660   -0.25271098
   -0.02843800   -0.39791640   -0.91698082   -0.48792663    0.80616689   -0.33469770    0.87242128    0.43790122   -0.21707978
    0.02019427    0.09597716   -0.99517867    0.72284776    0.68626087    0.08085257    0.69071218   -0.72099542   -0.05551834
    0.09703230    0.05808519   -0.99358484    0.91901285   -0.38848578    0.06703872   -0.38209962   -0.91962216   -0.09107671
   -0.17205264    0.12178760   -0.97753039   -0.12412734   -0.98709910   -0.10113240   -0.97723605    0.10393815    0.18495018
   -0.00996003    0.51623254   -0.85639054   -0.99886369   -0.04505329   -0.01554112   -0.04660604    0.85526263    0.51609467
    0.04431948    0.57010918   -0.82037266   -0.28985512    0.79319397    0.53556263    0.95604382    0.21405336    0.20040301
   -0.00301240    0.71718669   -0.69687458    0.84513003    0.37434516    0.38160310    0.53455229   -0.58780010   -0.60724369
    0.03867931    0.81363180   -0.58009241    0.77787687   -0.38891078   -0.49361521   -0.62722522   -0.43214778   -0.64794816
   -0.06059983    0.94450544   -0.32285777   -0.10662866   -0.32772697   -0.93873605   -0.99245050   -0.02246136    0.12057155
    0.09935052    0.96612208   -0.23819657   -0.99223058    0.07817293   -0.09678573   -0.07488631    0.24596164    0.96638239
   -0.07709463    0.99556789    0.05386094   -0.50736213   -0.08567840    0.85746305    0.85827740    0.03877880    0.51171879
   -0.01661387    0.92160083    0.38778330    0.87417974   -0.17486168    0.45302669    0.48531821    0.34651883   -0.80273964
   -0.02651516    0.96717797    0.25271273    0.69332611    0.19990834   -0.69234064   -0.72013599    0.15685481   -0.67587034
    0.15101903    0.84500878    0.51298481   -0.45694480    0.51984057   -0.72178060   -0.87658126   -0.12540313    0.46462819
    0.18265252    0.66992410    0.71961084   -0.97704507    0.04205935    0.20883951    0.10964025   -0.74123729    0.66222828
    0.59947968    0.52793297    0.60159031   -0.12056027   -0.68348607    0.71993889    0.79125807   -0.50411663   -0.34608827
    0.47636213    0.42572309    0.76931072    0.84309048   -0.46950240   -0.26223262    0.24955474    0.77351623   -0.58257624
    0.51474015    0.23593639    0.82424305    0.58751538    0.60309611   -0.53953755   -0.62439431    0.76197711    0.17182152
    0.54002478    0.12689411    0.83202832   -0.37617596    0.92072298    0.10373447   -0.75290430   -0.36900823    0.54494774
    0.46073355   -0.13840423    0.87668059   -0.88524687   -0.14259824    0.44272308    0.06373836   -0.98005613   -0.18822171
    0.47419716   -0.39089242    0.78888540   -0.26943712   -0.91747450   -0.29265025    0.83817700   -0.07378109   -0.54038474
    0.42142307   -0.40954875    0.80911829    0.80027591   -0.25172887   -0.54423436    0.42656894    0.87687080    0.22166765
    0.61015315   -0.58704880    0.53205906    0.46646985    0.80899717    0.35767227   -0.64040535    0.02995465    0.76745274
    0.30811724   -0.77351886    0.55383422   -0.45717997    0.39013832    0.79923624   -0.83429626   -0.49946038   -0.23342898
    0.41062321   -0.88762963    0.20857186   -0.82345075   -0.45923213   -0.33321871    0.39155770   -0.03492131   -0.91949066
    0.44532290   -0.86004006    0.24903538    0.07314802   -0.24226160   -0.96744958    0.89237710    0.44904389   -0.04497441
    0.41203111   -0.90477510   -0.10776079    0.83711604    0.42259003   -0.34735343    0.35981537    0.05291213    0.93152199
    0.53508878   -0.79921528   -0.27374246    0.41040137   -0.03730778    0.91114151   -0.73841094   -0.59988588    0.30803607
    0.62717085   -0.64870074   -0.43109636   -0.53248901   -0.76103838    0.37050782   -0.56842957   -0.00281763   -0.82272710
    0.58982921   -0.52271940   -0.61552086   -0.72027033    0.00409188   -0.69368142    0.36511937    0.85249498   -0.37408576
    0.70641938   -0.17865029   -0.68487644   -0.11363911    0.92644156   -0.35887629    0.69861135    0.33134592    0.63415461
    0.82977241   -0.14785129   -0.53816145    0.55810084    0.22171938    0.79960239    0.00109858   -0.96383635    0.26649255
    0.95314066   -0.12247412   -0.27662786    0.01870574   -0.88878089    0.45795046   -0.30194863   -0.44166574   -0.84484224
    0.73486902   -0.14135605   -0.66331439   -0.60617869   -0.57552804   -0.54892156   -0.30416265    0.80547250   -0.50862475
    0.85298820    0.18577218   -0.48774977   -0.42741869    0.78495365   -0.44850979    0.29954032    0.59104692    0.74895870
    0.89779026    0.37840427   -0.22535055   -0.06196452    0.61510461    0.78600682    0.43604249   -0.69170552    0.57568257
    0.91810804    0.36495339   -0.15455304    0.35066183   -0.56627554    0.74590100    0.18469949   -0.73901356   -0.64787735
    0.85408918    0.40287183   -0.32897714    0.26669596   -0.88222950   -0.38800047   -0.44654780    0.24365014   -0.86094696
    0.70775329    0.69834364    0.10677749   -0.37913893    0.50300364   -0.77668591   -0.59610313    0.50921851    0.62077175
    0.85266951    0.45038179    0.26478472   -0.52084314    0.77251417    0.36324135   -0.04095266   -0.44763613    0.89327755
    0.93397341    0.25472620    0.25061569   -0.22057064   -0.14083568    0.96514968    0.28114454   -0.95670260   -0.07535166
