# Rotation matrices: 13 entries, row-major flattening of 3x3 -> 1x9
# https://github.com/Neurophysics-CFIN/GFO
# Col:  1    2    3    4    5    6    7    8    9
#       R11  R12  R13  R21  R22  R23  R31  R32  R33
# where Rij = R(i,j), i = row index, j = column index

   -0.08210432   -0.60187168    0.79436097    0.48531199    0.67202126    0.55933863   -0.87047754    0.43143702    0.23691970
   -0.97375018   -0.03275575   -0.22525020    0.15937370    0.60842409   -0.77744463    0.16251343   -0.79293580   -0.58723266
   -0.32636413   -0.15215204   -0.93291811    0.89762891   -0.35918450   -0.25543853   -0.29622424   -0.92078024    0.25380101
    0.46460693    0.86760179   -0.17722173    0.38631083   -0.37867114   -0.84105417   -0.79680885    0.32229692   -0.51109720
    0.72963446   -0.18349964   -0.65875749   -0.24813607    0.82662516   -0.50509338    0.63722997    0.53199504    0.55760133
   -0.59225782    0.25966960   -0.76275971    0.23280204    0.96142080    0.14653753    0.77138439   -0.09078402   -0.62986061
    0.49478792    0.27174976   -0.82543139    0.80691132    0.20895369    0.55247849    0.32261283   -0.93940962   -0.11589020
   -0.18563225    0.96532680   -0.18353432    0.20732996   -0.14409704   -0.96760030   -0.96049725   -0.21766998   -0.17339211
   -0.57451330    0.69343374    0.43483803   -0.48755848    0.13679093   -0.86230793   -0.65743531   -0.70741635    0.25950129
    0.02197268    0.61679773    0.78681495   -0.92651676   -0.28311652    0.24781391    0.37561137   -0.73444237    0.56525260
   -0.70455794    0.68131662   -0.19850888   -0.69020001   -0.59285860    0.41490075    0.16499108    0.42933245    0.88794797
    0.93914137    0.33819509   -0.06031224    0.30587526   -0.90312911   -0.30132731   -0.15637716    0.26454092   -0.95161142
   -0.42952231   -0.80425451   -0.41071313   -0.80145121    0.54907762   -0.23704374    0.41615688    0.22735096   -0.88041183
