# Rotation matrices: 42 entries, row-major flattening of 3x3 -> 1x9
# https://github.com/Neurophysics-CFIN/GFO
# Col:  1    2    3    4    5    6    7    8    9
#       R11  R12  R13  R21  R22  R23  R31  R32  R33
# where Rij = R(i,j), i = row index, j = column index

   -0.99543733    0.02486202   -0.09212163    0.00974888    0.98690540    0.16100525    0.09491825    0.15937256   -0.98264486
   -0.86887591    0.19972233   -0.45295215    0.49311940    0.42951143   -0.75654027    0.04345014   -0.88069911   -0.47167909
   -0.57913375   -0.02191315   -0.81493798    0.75988371   -0.37656296   -0.52988403   -0.29526403   -0.92613182    0.23473177
   -0.82437847   -0.04849980   -0.56395736   -0.05467218   -0.98484173    0.16461385   -0.56339249    0.16653689    0.80923073
   -0.63352637    0.53233399   -0.56148451   -0.77301745   -0.46642351    0.42999201   -0.03299021    0.70644860    0.70699506
   -0.34041993    0.68999262   -0.63876792   -0.05817563    0.66258534    0.74672369    0.93847209    0.29136035   -0.18541649
   -0.80710704    0.51689714   -0.28529910    0.57973963    0.78528848   -0.21731075    0.11171479   -0.34079223   -0.93347762
   -0.59993843    0.79998470    0.00991767    0.41489585    0.32169727   -0.85110064   -0.68405798   -0.50649318   -0.52490889
   -0.49560876    0.84887774   -0.18378942   -0.48812890   -0.44725428   -0.74946233   -0.71840249   -0.28172716    0.63602490
   -0.94825912    0.29932526    0.10587269   -0.22587831   -0.87035083    0.43757105    0.22312246    0.39101640    0.89292919
   -0.78178146    0.57830818    0.23318962    0.17050388   -0.16145822    0.97203892    0.59978844    0.79968174    0.02762126
   -0.51656362    0.72372049    0.45759227    0.85617784    0.42969420    0.28691880    0.01102427    0.53999218   -0.84159784
   -0.40152942    0.60050459    0.69149720    0.18484758    0.79263548   -0.58099946   -0.89699805   -0.10546679   -0.42926828
    0.39684088    0.38000318    0.83553271   -0.81882628    0.55789986    0.13517127   -0.41477807   -0.73779762    0.53255406
    0.41623015   -0.20810746    0.88512358   -0.74561326   -0.63525830    0.20126537    0.52039728   -0.74373260   -0.41958134
   -0.16365878    0.25748425    0.95232225    0.38267747   -0.87318059    0.30185032    0.90927100    0.41383272    0.04437025
    0.07477780   -0.08848989    0.99326624    0.99454626    0.07923955   -0.06781473   -0.07270505    0.99292026    0.09393265
   -0.25199582   -0.12459072    0.95967456    0.34042403    0.91688083    0.20842511   -0.90587504    0.37921854   -0.18863646
   -0.33119662   -0.42276359    0.84355186   -0.89849284    0.41430391   -0.14513059   -0.28813090   -0.80599207   -0.51706612
    0.15447007   -0.47195100    0.86798690   -0.64234610   -0.71548695   -0.27471789    0.75068668   -0.51511230   -0.41367720
   -0.12726294   -0.89703810    0.42323374    0.36775873   -0.43896364   -0.81979536    0.92117189    0.05131834    0.38575740
    0.08327698   -0.78088335    0.61910108    0.92070257    0.29798814    0.25201159   -0.38127644    0.54902119    0.74377686
   -0.02250313   -0.99954821   -0.01992453    0.26678531   -0.02521071    0.96342619   -0.96349323    0.01636454    0.26723210
    0.13612887   -0.98775159    0.07626092   -0.90685834   -0.09324930    0.41098969   -0.39884444   -0.12510541   -0.90844469
    0.15896062   -0.90877091   -0.38583281   -0.75742024    0.13842270   -0.63808599    0.63328201    0.39366812   -0.66631772
   -0.43601394   -0.89958224    0.02537008    0.52173904   -0.27564785   -0.80734543    0.73326681   -0.33877730    0.58953348
    0.02036142   -0.76635219   -0.64209791    0.96962024   -0.14145050    0.19957042   -0.24376630   -0.62665466    0.74019046
   -0.28801042   -0.80840451   -0.51335382   -0.00504727   -0.53477961    0.84497650   -0.95761398    0.24595307    0.14994186
   -0.45514368   -0.46576783   -0.75888376   -0.86003391    0.00921416    0.51015368   -0.23062070    0.88485899   -0.40476989
    0.09524008   -0.39823745   -0.91232465   -0.68284559    0.64073521   -0.35097049    0.72432812    0.65640332   -0.21091101
    0.74786213    0.05412367   -0.66164407    0.36644931    0.79740918    0.47943039    0.55354959   -0.60100684    0.57651855
    0.74914630   -0.31141423   -0.58463749    0.29122263   -0.63788521    0.71294588   -0.59495310   -0.70436044   -0.38717848
    0.91108449    0.38728400   -0.14119547    0.32568917   -0.88625793   -0.32935307   -0.25268878    0.25408264   -0.93359006
    0.65274040   -0.10355362   -0.75047093   -0.73374580    0.16011835   -0.66028722    0.18853930    0.98165104    0.02853369
    0.80067860    0.49528544   -0.33705504   -0.28062771    0.80713337    0.51940718    0.52930319   -0.32129123    0.78524524
    0.57832704    0.47282536   -0.66481126    0.63096411    0.25732170    0.73189469    0.51712873   -0.84274653   -0.14951974
    0.40256949    0.71313516   -0.57391293    0.71257336   -0.63769225   -0.29255392   -0.57461032   -0.29118178   -0.76487656
    0.59883129    0.78874164   -0.13888019   -0.00708603   -0.16818564   -0.98572987   -0.80084385    0.59127000   -0.09512577
    0.85743777    0.42846591    0.28498672   -0.41882288    0.90284249   -0.09727707   -0.29897803   -0.03594993    0.95358258
    0.79424441    0.49430970    0.35331819   -0.38310750   -0.04392224    0.92265892    0.47159778   -0.86817553    0.15448876
    0.48348127    0.80798094    0.33676797    0.45470200   -0.56055921    0.69211232    0.74799195   -0.18149428   -0.63841042
    0.96775577    0.02466357   -0.25068003   -0.19522979   -0.55541116   -0.80833395   -0.15916688    0.83121005   -0.53268729
