# Rotation matrices: 93 entries, row-major flattening of 3x3 -> 1x9
# https://github.com/Neurophysics-CFIN/GFO
# Col:  1    2    3    4    5    6    7    8    9
#       R11  R12  R13  R21  R22  R23  R31  R32  R33
# where Rij = R(i,j), i = row index, j = column index

   -0.94686554   -0.30644490   -0.09765843   -0.31843031    0.93590887    0.15058797    0.04525248    0.17368396   -0.98376120
   -0.86201577   -0.44648023   -0.23996712   -0.08057791    0.58810222   -0.80476269    0.50043583   -0.67438208   -0.54292983
   -0.96207788   -0.23804810   -0.13318879    0.22602669   -0.42236478   -0.87779265    0.15270262   -0.87460911    0.46015303
   -0.94230735    0.09770589   -0.32017247   -0.11632722   -0.99242475    0.03951072   -0.31388666    0.07447601    0.94653499
   -0.94142183    0.11733418   -0.31616076   -0.33473128   -0.43906904    0.83377056   -0.04098662    0.89075870    0.45262460
   -0.92947146    0.28686039   -0.23193519   -0.01756420    0.59360438    0.80456531    0.36847566    0.75189425   -0.54669986
   -0.83385851    0.44337341   -0.32878566    0.51925704    0.83212167   -0.19479644    0.18722211   -0.33315694   -0.92409650
   -0.88566598    0.45812602   -0.07560640    0.23133090    0.29417580   -0.92733307   -0.40259383   -0.83879744   -0.36652020
   -0.66607682    0.74185130    0.07744886   -0.54823293   -0.41652211   -0.72522409   -0.50574927   -0.52551497    0.68414303
   -0.66212027    0.72944974    0.17175513   -0.57373452   -0.64086612    0.51001893    0.48210522    0.23915202    0.84284095
   -0.56312531    0.59347097    0.57504964    0.26106311   -0.53247432    0.80518144    0.78405098    0.60354229    0.14491639
   -0.59384559    0.66786027    0.44867592    0.80365957    0.51902500    0.29110881   -0.03845401    0.53345638   -0.84495300
   -0.62675336    0.58712502    0.51231283    0.20906494    0.76006879   -0.61529447   -0.75064777   -0.27853123   -0.59912292
   -0.71779558    0.26461804    0.64400839   -0.54108016    0.37010985   -0.75514962   -0.43818006   -0.89050322   -0.12248364
   -0.63469621    0.24914324    0.73149735   -0.62261032   -0.72557033   -0.29309397    0.45773039   -0.64146343    0.61563589
   -0.74651483    0.01694902    0.66515287    0.26391591   -0.91013110    0.31938970    0.61078965    0.41397357    0.67495325
   -0.64184138   -0.19660699    0.74120532    0.76572530   -0.11228321    0.63329081   -0.04128449    0.97403191    0.22261496
   -0.72061556   -0.11357646    0.68396901    0.21234892    0.90293090    0.37366259   -0.66001603    0.41450716   -0.62654821
   -0.78605098   -0.43851245    0.43569563   -0.59808943    0.71765510   -0.35673546   -0.15624625   -0.54099721   -0.82638316
   -0.71440736   -0.44143732    0.54291364   -0.42997140   -0.33517878   -0.83831962    0.55203869   -0.83233904    0.04964877
   -0.81566796   -0.45890708    0.35226420    0.33169819   -0.86985452   -0.36514303    0.47398532   -0.18099007    0.86173111
   -0.82548548   -0.51679488    0.22692901    0.55413216   -0.66562028    0.49988719   -0.10729059    0.53839828    0.83583254
   -0.55154145   -0.79203363    0.26169592   -0.06691086    0.35472571    0.93257311   -0.83145954    0.49684243   -0.24864159
   -0.61926667   -0.75848941   -0.20298423   -0.74199912    0.48076534    0.46722799   -0.25679970    0.43995284   -0.86052043
   -0.38846676   -0.91121766   -0.13702538   -0.68875108    0.38591895   -0.61374955    0.61214012   -0.14404492   -0.77751883
   -0.29690781   -0.93911245   -0.17295539    0.67352312   -0.07755964   -0.73508579    0.67691385   -0.33474216    0.65554201
   -0.33414863   -0.69198148   -0.63992682    0.92628000   -0.36659436   -0.08725793   -0.17421269   -0.62190853    0.76346560
   -0.31882822   -0.64091296   -0.69826867   -0.03238164   -0.72892032    0.68383229   -0.94725920    0.24063612    0.21164655
   -0.37930283   -0.59481279   -0.70875039   -0.90175049    0.06601818    0.42718574   -0.20730513    0.80114877   -0.56141360
   -0.46585998   -0.16224536   -0.86985684   -0.52198597    0.84416951    0.12210031    0.71449641    0.51093472   -0.47795459
   -0.35257322   -0.27098427   -0.89568948    0.55567869    0.70950362   -0.43338875    0.75293647   -0.65051682   -0.09957179
   -0.19636263   -0.14097519   -0.97034412    0.92594422   -0.35224458   -0.13620230   -0.32259731   -0.92522957    0.19970284
   -0.34733521    0.13178857   -0.92843418   -0.00089156   -0.99012120   -0.14021133   -0.93774061   -0.04787258    0.34402145
   -0.28795534    0.29700994   -0.91042123   -0.89683764   -0.41700230    0.14761887   -0.33580348    0.85900767    0.38644773
   -0.25315223    0.41123350   -0.87567172   -0.50006548    0.71922944    0.48233136    0.82815969    0.55999646    0.02356913
   -0.42561494    0.48442816   -0.76431753    0.65251266    0.74950264    0.11168270    0.62696025   -0.45119303   -0.63509503
   -0.17890016    0.88730268   -0.42507492    0.89403591   -0.03375084   -0.44672213   -0.41072438   -0.45995090   -0.78724243
   -0.42692833    0.75944323   -0.49089529   -0.18010479   -0.60338934   -0.77684205   -0.88616842   -0.24324329    0.39438336
   -0.14693677    0.91975094   -0.36396125   -0.98591918   -0.16587899   -0.02115492   -0.07983079    0.35572794    0.93117382
   -0.14312294    0.93648618    0.32017097   -0.35910052   -0.35059355    0.86494565    0.92225953    0.00882000    0.38647066
   -0.17150094    0.98212750   -0.07754349    0.74659939    0.18091942    0.64020115    0.64278828    0.05190118   -0.76428365
    0.34928891    0.84588185    0.40308951    0.72248870    0.03080231   -0.69069624   -0.59666350    0.53248015   -0.60038118
   -0.19210992    0.75042016    0.63242656   -0.44535805    0.50758578   -0.73757229   -0.87449985   -0.42335121    0.23669340
    0.05291949    0.71115271    0.70104305   -0.99171250   -0.04487623    0.12038458    0.11707199   -0.70160384    0.70288420
    0.11532388    0.38144018    0.91717163   -0.13330896   -0.90903619    0.39481884    0.98434197   -0.16779924   -0.05398418
   -0.08350648    0.36150288    0.92862389    0.88711690   -0.39751993    0.23452402    0.45392762    0.84338222   -0.28749983
   -0.05629562    0.07925147    0.99526379    0.61384341    0.78892753   -0.02810006   -0.78741798    0.60935421   -0.09306115
    0.06477031   -0.16373843    0.98437520   -0.51103840    0.84183375    0.17365396   -0.85711409   -0.51430115   -0.02915079
   -0.16787701   -0.29329075    0.94116834   -0.91337734   -0.31291669   -0.26043229    0.37088966   -0.90336243   -0.21535361
    0.04962655   -0.56064438    0.82656826   -0.00417610   -0.82769722   -0.56115940    0.99875911    0.02439657   -0.04341706
    0.01085700   -0.65625555    0.75446059    0.92623331   -0.27770985   -0.25489037    0.37679436    0.70157387    0.60483065
   -0.06862145   -0.74088744    0.66811443    0.48568257    0.56016535    0.67106425   -0.87143763    0.37054093    0.32139676
    0.07662655   -0.90204118    0.42479417   -0.46891889    0.34338550    0.81375763   -0.87991105   -0.26154945   -0.39667170
   -0.13702500   -0.95620544    0.25864126   -0.93469057    0.03835525   -0.35338705    0.32799037   -0.29017241   -0.89901184
   -0.11670919   -0.99314459   -0.00654101    0.05224269    0.00043788   -0.99863432    0.99179114   -0.11689152    0.05183345
    0.28682858   -0.95632760   -0.05627512    0.92064465    0.29141371   -0.25979123    0.26484486    0.02270616    0.96402367
   -0.02349872   -0.97067785   -0.23923279    0.44173282   -0.22475315    0.86853793   -0.89683885   -0.08526745    0.43406167
    0.17039659   -0.89965928   -0.40196790   -0.66508147   -0.40600359    0.62675971   -0.72707059    0.16054368   -0.66752834
    0.09097934   -0.76487933   -0.63771653   -0.90140592    0.20895318   -0.37921753    0.42330855    0.60934241   -0.67045634
    0.39811216   -0.59242633   -0.70038401    0.02151610    0.76931752   -0.63850420    0.91708438    0.23912676    0.31902136
    0.26203840   -0.41676456   -0.87042701    0.94526334    0.29258001    0.14447887    0.19445587   -0.86064176    0.47061946
    0.31595884   -0.26672696   -0.91050905    0.47506539   -0.78622582    0.39517316   -0.82126907   -0.55740980   -0.12170225
    0.39632294   -0.07309458   -0.91519687   -0.60849187   -0.76736272   -0.20221795   -0.68750692    0.63703347   -0.34860091
    0.31925644    0.07016472   -0.94506732   -0.79670015    0.55989446   -0.22756772    0.51317073    0.82558774    0.23465015
    0.39501924    0.35847648   -0.84584539    0.11982559    0.89275455    0.43431687    0.91082470   -0.27291744    0.30970057
    0.37848835    0.42697606   -0.82124175    0.92533254   -0.15297495    0.34692701    0.02250011   -0.89122955   -0.45299408
    0.32355495    0.57885474   -0.74849141    0.20842876   -0.81521329   -0.54035613   -0.92296785    0.01882776   -0.38441627
    0.46283265    0.72916684   -0.50408497   -0.69903510   -0.04946086   -0.71337476   -0.54510170    0.68254622    0.48682112
    0.38266331    0.78820250   -0.48198093   -0.67478456    0.59477808    0.43692658    0.63105831    0.15803752    0.75946662
    0.39958434    0.85023460   -0.34268569    0.45625164    0.13977630    0.87880431    0.79508917   -0.50750735   -0.33206851
    0.55984736    0.82859553    0.00061315    0.82550993   -0.55769844   -0.08663611   -0.07144434    0.04900916   -0.99623984
    0.72977725    0.68366894   -0.00468404    0.02735209   -0.03604110   -0.99897593   -0.68313763    0.72890179   -0.04500175
    0.67782868    0.62029735    0.39468908   -0.64728674    0.75806352   -0.07974701   -0.34866626   -0.20142220    0.91534744
    0.77764440    0.46953518    0.41809796   -0.44145067   -0.06571226    0.89487608    0.44764996   -0.88046500    0.15617585
    0.65795707    0.46216650    0.59455413    0.33951601   -0.88678187    0.31360293    0.67217660   -0.00447662   -0.74037733
    0.76345309    0.22153851    0.60667954    0.63941132   -0.12681631   -0.75833422   -0.09106337    0.96687037   -0.23847254
    0.66575055    0.18027658    0.72406944    0.06494101    0.95269482   -0.29690948   -0.74334304    0.24468945    0.62254976
    0.83238972   -0.06591600    0.55025670   -0.48262733    0.40180611    0.77821765   -0.27239350   -0.91334929    0.30264641
    0.67198188   -0.10298701    0.73337169   -0.48408655   -0.81051145    0.32974445    0.56044675   -0.57659767   -0.59450363
    0.69437826   -0.13500550    0.70683261    0.53442543   -0.56103069   -0.63216613    0.48190070    0.81671175   -0.31741714
    0.63344139   -0.50140141    0.58936290    0.76475151    0.52174218   -0.37807435   -0.11792847    0.69020411    0.71394058
    0.62720307   -0.60747607    0.48743116   -0.03303814    0.60451551    0.79590796   -0.77815474   -0.51529973    0.35908410
    0.53095207   -0.62341154    0.57397556   -0.84563727   -0.34610556    0.40633552   -0.05465812   -0.70111981   -0.71094550
    0.59762044   -0.78279048    0.17346145   -0.49701364   -0.53144866   -0.68595901    0.62914804    0.32373042   -0.70666212
    0.65380053   -0.74853434    0.11064004    0.51726406    0.33542128   -0.78735662    0.55225244    0.57200429    0.60648852
    0.45585862   -0.88396386   -0.10392698    0.83016179    0.38016781    0.40780368   -0.32097402   -0.27217703    0.90713579
    0.88400253   -0.37667518   -0.27686699    0.07637605   -0.46792201    0.88046334   -0.46120085   -0.79947783   -0.38487528
    0.92697519   -0.35222475   -0.12905319   -0.37146774   -0.81400389   -0.44655278    0.05223714    0.46188245   -0.88540154
    0.95732272   -0.21149196   -0.19698824   -0.18862487    0.05922296   -0.98026185    0.21898373    0.97558382    0.01680284
    0.89295949   -0.17712801   -0.41382245    0.22626829    0.97136491    0.07247669    0.38913496   -0.15835365    0.90746797
    0.93348381    0.10766440   -0.34207652    0.34848631   -0.04718111    0.93612565    0.08464786   -0.99306713   -0.08156237
    0.97936653    0.04784423   -0.19634697    0.07091961   -0.99114850    0.11222768   -0.18923956   -0.12383688   -0.97409076
    0.97413681    0.22589627    0.00532448    0.02730476   -0.09429024   -0.99517024   -0.22430320    0.96957734   -0.09801964
