# Rotation matrices: 76 entries, row-major flattening of 3x3 -> 1x9
# https://github.com/Neurophysics-CFIN/GFO
# Col:  1    2    3    4    5    6    7    8    9
#       R11  R12  R13  R21  R22  R23  R31  R32  R33
# where Rij = R(i,j), i = row index, j = column index

   -0.99968135   -0.02106921    0.01390274   -0.01875003    0.98852931    0.14986076   -0.01690071    0.14955233   -0.98860936
   -0.99762680   -0.06471707    0.02350451   -0.06672685    0.82455826   -0.56182844    0.01697905   -0.56206349   -0.82691979
   -0.90886192    0.07155582   -0.41091335    0.30192570   -0.56683620   -0.76651001   -0.28776882   -0.82071705    0.49357130
   -0.65435673    0.11996482   -0.74660948   -0.16051233   -0.98687168   -0.01789096   -0.73895404    0.10813296    0.66502195
   -0.85216037    0.15360533   -0.50022806   -0.51302755   -0.43355373    0.74083325   -0.10307981    0.88793951    0.44826107
   -0.81570869    0.49675931   -0.29639420    0.04464191    0.56491389    0.82394138    0.57673775    0.65886454   -0.48298146
   -0.69755304    0.44352786   -0.56276353    0.65388960    0.71518871   -0.24684713    0.29299854   -0.54017419   -0.78890031
   -0.87248192    0.48863770    0.00291515    0.16191516    0.29472437   -0.94176485   -0.46104097   -0.82120080   -0.33625953
   -0.84035153    0.53786121   -0.06719102   -0.36332130   -0.65091961   -0.66655929   -0.40225234   -0.53573219    0.74241772
   -0.92138938    0.38704190    0.03521631   -0.35923725   -0.88275086    0.30281928    0.14829098    0.26636346    0.95239713
   -0.88307981    0.34452658    0.31854589    0.21696755   -0.30212508    0.92824863    0.41604703    0.88883174    0.19204947
   -0.71611112    0.55368600    0.42499021    0.68378033    0.67872081    0.26792261   -0.14010470    0.48246230   -0.86463911
   -0.70965785    0.24965810    0.65882969    0.02686616    0.94402081   -0.32879007   -0.70403405   -0.21562823   -0.67663914
   -0.74986860    0.36623078    0.55097377   -0.55143637    0.11414603   -0.82637075   -0.36553387   -0.92349645    0.11635845
   -0.38031331    0.24778164    0.89104772   -0.50484054   -0.86286569    0.02447085    0.77491794   -0.44053042    0.45324953
   -0.11463224   -0.11119408    0.98716530    0.35249980   -0.93360520   -0.06422788    0.92876442    0.34061298    0.14621715
   -0.40044685   -0.13141942    0.90684688    0.91627950   -0.04812621    0.39763771   -0.00861421    0.99015797    0.13968891
   -0.26601155   -0.37889705    0.88638303    0.12445310    0.89831883    0.42134868   -0.95590234    0.22239673   -0.19180827
   -0.34330003   -0.66230184    0.66595898   -0.84555731    0.52660971    0.08783534   -0.40887397   -0.53295260   -0.74079930
   -0.49465922   -0.56400675    0.66121755   -0.67192387   -0.23435047   -0.70256542    0.55120828   -0.79181831   -0.26304598
   -0.62452496   -0.66681686    0.40660034    0.37709053   -0.71335883   -0.59069612    0.68393808   -0.21557933    0.69696073
   -0.57768380   -0.63346789    0.51478137    0.81556411   -0.42188742    0.39606336   -0.03371363    0.64863660    0.76035120
   -0.50372867   -0.84812562    0.16413519   -0.02265167    0.20290419    0.97893656   -0.86356489    0.48940048   -0.12142012
   -0.38135598   -0.92297448    0.05182408   -0.79954390    0.35745722    0.48265298   -0.46400127    0.14262698   -0.87427706
   -0.29588978   -0.93630002    0.18918644   -0.67786762    0.06627530   -0.73219060    0.67301169   -0.34489107   -0.65429765
   -0.43528055   -0.86276025   -0.25724616    0.55475295   -0.03198887   -0.83139995    0.70906982   -0.50460029    0.49254293
   -0.37882124   -0.86277720   -0.33482828    0.83752546   -0.47353116    0.27261572   -0.39375826   -0.17715459    0.90198153
   -0.42416508   -0.71521251   -0.55547732   -0.21127590   -0.51830769    0.82868549   -0.88059439    0.46885842    0.06874086
   -0.45527064   -0.42287169   -0.78352293   -0.78865987   -0.21688067    0.57530720   -0.41321211    0.87985357   -0.23476253
   -0.37428015   -0.52162406   -0.76669597   -0.35916339    0.84380138   -0.39874916    0.85493627    0.12612522   -0.50316637
    0.11873868   -0.24495878   -0.96223507    0.71211089    0.69635191   -0.08939854    0.69195318   -0.67460300    0.25712172
   -0.20445325   -0.00743202   -0.97884811    0.92185227   -0.33777882   -0.18998384   -0.32922219   -0.94119617    0.07591120
   -0.17364721    0.28638884   -0.94224629   -0.28665268   -0.93005209   -0.22985508   -0.94216606    0.23018373    0.24359508
    0.15646236    0.32550324   -0.93250585   -0.98605117   -0.00278618   -0.16641912   -0.05676809    0.94553682    0.32052692
   -0.00734317    0.71229417   -0.70184264   -0.38981836    0.64429636    0.65796949    0.92086249    0.27842273    0.27293417
   -0.04134435    0.67625292   -0.73550842    0.69416720    0.54890173    0.46565953    0.71862546   -0.49131343   -0.49212658
    0.04630608    0.88695014   -0.45953802    0.80880305   -0.30327465   -0.50384731   -0.58625367   -0.34834456   -0.73141144
   -0.00045761    0.92493142   -0.38013375   -0.37640086   -0.35233688   -0.85684370   -0.92645679    0.14269057    0.34830621
   -0.07573144    0.97876289   -0.19049399   -0.98856554   -0.04871545    0.14270591    0.13039524    0.19912312    0.97126055
   -0.00244308    0.99736066    0.07256544   -0.40812333   -0.06724154    0.91044710    0.91292353   -0.02739136    0.40721043
   -0.01095538    0.92900549    0.36990375    0.78474731   -0.22127608    0.57897198    0.61971900    0.29662383   -0.72661040
    0.04145154    0.92925935    0.36709513    0.82572941    0.17500040   -0.53623297   -0.56254130    0.32534893   -0.76006274
   -0.10347340    0.81976822    0.56327021   -0.14408300    0.54798264   -0.82398733   -0.98414092   -0.16641844    0.06141304
    0.02699363    0.68705790    0.72610109   -0.99907621   -0.00575415    0.04258654    0.03343751   -0.72657989    0.68626788
    0.02945653    0.55583032    0.83077372   -0.09196691   -0.82610195    0.55596551    0.99532628   -0.09278051    0.02678390
    0.01140243    0.29947177    0.95403702    0.87492165   -0.46492621    0.13548326    0.48413023    0.83316281   -0.26731562
    0.45746998    0.23651408    0.85719444    0.53794559    0.69396446   -0.47856857   -0.70805068    0.68005472    0.19023620
    0.40474767   -0.02781073    0.91400541   -0.44523428    0.86706065    0.22354477   -0.79871507   -0.49742576    0.33855848
    0.46844803   -0.20385230    0.85965149   -0.86977959   -0.27716924    0.40824096    0.15504809   -0.93894699   -0.30714595
    0.45074127   -0.49407999    0.74344957   -0.15390374   -0.86339419   -0.48048320    0.87928718    0.10215394   -0.46520816
    0.24135145   -0.60433403    0.75929564    0.77922904   -0.34565876   -0.52280218    0.57840434    0.71784428    0.38748938
    0.56212568   -0.66749710    0.48832606    0.70470826    0.69561990    0.13963960   -0.43289835    0.26563240    0.86141653
    0.51894336   -0.71389945    0.47015461   -0.39596037    0.28668832    0.87236758   -0.75757057   -0.63887196   -0.13390090
    0.36630044   -0.89536197    0.25328033   -0.89651281   -0.41248807   -0.16161181    0.24917618   -0.16787058   -0.95379804
    0.53950775   -0.83107068    0.13510333   -0.06310765   -0.19992053   -0.97777769    0.83961230    0.51899259   -0.16030559
    0.34816055   -0.93581705   -0.05505158    0.90613294    0.35100312   -0.23605064    0.24022349    0.03229946    0.97018010
    0.51811254   -0.83789759   -0.17171784    0.32053251    0.00407668    0.94722874   -0.79298064   -0.54581224    0.27068560
    0.49886708   -0.83356195   -0.23728910   -0.60299608   -0.53048536    0.59580283   -0.62251696   -0.15414202   -0.76727626
    0.51402879   -0.66447984   -0.54243981   -0.82061437   -0.19683411   -0.53651504    0.24973277    0.72091808   -0.64646011
    0.40203499   -0.69988450   -0.59036392    0.26110706    0.70562851   -0.65871960    0.87760525    0.11068014    0.46643214
    0.29307906   -0.51616077   -0.80478738    0.94731720    0.27052862    0.17147707    0.12920828   -0.81264526    0.56825425
    0.51699808   -0.16700301   -0.83953736    0.44735986   -0.78346409    0.43133881   -0.72978226   -0.59857665   -0.33033899
    0.66604895    0.15050954   -0.73056531   -0.61182469   -0.45001470   -0.65050543   -0.42667240    0.88024636   -0.20764636
    0.72474374    0.23320967   -0.64835157   -0.56518149    0.73943056   -0.36580367    0.39410201    0.63155023    0.66770346
    0.87244484    0.00646401   -0.48866984    0.34391042    0.70230783    0.62328913    0.34722561   -0.71184404    0.61050180
    0.84762407    0.23015394   -0.47808222    0.50928791   -0.60568719    0.61136638   -0.14885989   -0.76169035   -0.63060966
    0.89428693    0.38602469   -0.22635332    0.14333025   -0.72626639   -0.67230467   -0.42391901    0.56879000   -0.70481956
    0.75458745    0.64048113   -0.14276447   -0.49352803    0.41054709   -0.76673409   -0.43246718    0.64902620    0.62588908
    0.88160723    0.46852097    0.05706827   -0.46267456    0.83398233    0.30067543    0.09327881   -0.29148167    0.95201759
    0.79074444    0.60225803    0.10958323    0.20353846   -0.42750450    0.88080190    0.57731735   -0.67418481   -0.46062948
    0.67290152    0.62155784    0.40108527    0.72271746   -0.66802047   -0.17727981    0.15774352    0.40916318   -0.89872269
    0.81942731    0.47705902    0.31773192    0.26278050    0.17996893   -0.94792278   -0.50939698    0.86024757    0.02210965
    0.68029783    0.39297247    0.61868206   -0.49748613    0.86746289   -0.00396051   -0.53824010   -0.30509142    0.78563148
    0.82698635    0.16814380    0.53648973   -0.56105975    0.18549038    0.80672503    0.03613213   -0.96815339    0.24773673
    0.90875494    0.06982834    0.41144680    0.01741508   -0.99138878    0.12978832    0.41696664   -0.11078039   -0.90214551
    0.98781668    0.05339648   -0.14617463   -0.13044413   -0.22813892   -0.96485075   -0.08486775    0.97216328   -0.21839417
