# Rotation matrices: 27 entries, row-major flattening of 3x3 -> 1x9
# https://github.com/Neurophysics-CFIN/GFO
# Col:  1    2    3    4    5    6    7    8    9
#       R11  R12  R13  R21  R22  R23  R31  R32  R33
# where Rij = R(i,j), i = row index, j = column index

    0.56148743   -0.77116634    0.30005722   -0.78230444   -0.37652134    0.49621713   -0.26968800   -0.51335577   -0.81469886
   -0.18869071   -0.92995117    0.31557351   -0.68112387   -0.10755875   -0.72422468    0.70743628   -0.35159912   -0.61311660
   -0.10548108   -0.96655439   -0.23376560    0.94487838   -0.02414274   -0.32653020    0.30996545   -0.25532282    0.91582295
   -0.14080510   -0.67652068   -0.72283725    0.35715419   -0.71565759    0.60022920   -0.92337143   -0.17364902    0.34239044
   -0.75719443    0.50169744   -0.41827775   -0.55286644   -0.15124335    0.81942916    0.34784378    0.85171892    0.39189230
   -0.64747477    0.16891757   -0.74313072   -0.37757059    0.77593107    0.50534288    0.66197951    0.60778107   -0.43861749
    0.66873322    0.67362567   -0.31468132    0.72880115   -0.51015378    0.45671875    0.14712161   -0.53476310   -0.83209594
    0.56999460    0.81463611    0.10711754    0.37538442   -0.14222168   -0.91589275   -0.73088487    0.56226417   -0.38686730
    0.89556313    0.19031443    0.40217794   -0.17715840    0.98168626   -0.07004991   -0.40814406   -0.00851509    0.91287782
    0.99028409    0.02089214    0.13748065   -0.13734097    0.30186979    0.94340452   -0.02179152   -0.95312022    0.30180620
    0.62195852    0.34048026    0.70515303   -0.09308315   -0.86198839    0.49830869    0.77749799   -0.37556520   -0.50442805
    0.27973976   -0.00059276    0.96007568    0.82374248   -0.51350594   -0.24033305    0.49314702    0.85808584   -0.14315974
   -0.07781125   -0.00054833    0.99696796    0.69179527    0.72004244    0.05438918   -0.71788906    0.69392981   -0.05564807
    0.42059244    0.69586857    0.58212450   -0.74909894    0.62833414   -0.20987372   -0.51181322   -0.34779755    0.78554700
   -0.52829385    0.39104717    0.75364960   -0.82061615   -0.46299309   -0.33500228    0.21793287   -0.79543668    0.56549602
   -0.59028720    0.75756676    0.27866400   -0.44621920   -0.59393170    0.66942779    0.67264363    0.27080943    0.68863111
   -0.90568581    0.42096814    0.05018997    0.34285620    0.65766038    0.67077004    0.24936486    0.62471485   -0.73996521
   -0.89029302    0.19412073    0.41194112    0.32628280    0.90295497    0.27966382   -0.31767574    0.38339205   -0.86723276
   -0.85571192   -0.51489300    0.05140339   -0.19990571    0.23732229   -0.95063970    0.47727856   -0.82374955   -0.30600956
   -0.85079516   -0.13441170    0.50801682   -0.49824853   -0.10092911   -0.86113978    0.16702095   -0.98577219    0.01889956
   -0.55654223   -0.28095155    0.78187401    0.27809309   -0.94979830   -0.14334375    0.78289526    0.13765691    0.60673355
    0.19556316   -0.97253171    0.12624229    0.98065059    0.19509824   -0.01615869   -0.00891481    0.12695962    0.99186782
    0.35855426   -0.81103704   -0.46223129    0.07618460   -0.46808002    0.88039594   -0.93039494   -0.35088462   -0.10604355
    0.23753314   -0.35016093   -0.90607137   -0.43499695   -0.87235698    0.22309406   -0.86853651    0.34114605   -0.35953263
    0.33246753    0.50985717   -0.79341730   -0.93753655    0.08730885   -0.33675270   -0.10242343    0.85581705    0.50703709
   -0.28599843    0.51285268   -0.80943624   -0.71029450    0.45353118    0.53832256    0.64318475    0.72889752    0.23456724
   -0.03042017    0.74906917   -0.66179301    0.06200147    0.66223853    0.74672347    0.99761236   -0.01831669   -0.06658880
