# Rotation matrices: 53 entries, row-major flattening of 3x3 -> 1x9
# https://github.com/Neurophysics-CFIN/GFO
# Col:  1    2    3    4    5    6    7    8    9
#       R11  R12  R13  R21  R22  R23  R31  R32  R33
# where Rij = R(i,j), i = row index, j = column index

   -0.73885483   -0.60388059    0.29903475   -0.57539511    0.79633670    0.18646268   -0.35073354   -0.03429428   -0.93584715
   -0.98592006   -0.13781736   -0.09469963    0.00752617    0.52917993   -0.84847626    0.16704790   -0.83724248   -0.52069187
   -0.89474610    0.23173635   -0.38174294    0.23140914   -0.49050866   -0.84014943   -0.38194138   -0.84005923    0.38525481
   -0.80335838    0.02004157   -0.59515851   -0.20010405   -0.95040328    0.23810075   -0.56086869    0.31037386    0.76752484
   -0.45142132    0.72840160   -0.51541236   -0.77968643   -0.04108545    0.62482082    0.43394453    0.68391747    0.58647169
   -0.60072088    0.75702186   -0.25700646    0.35774757    0.54203810    0.76040211    0.71494832    0.36484599   -0.59643634
   -0.20693973    0.85084611   -0.48294600    0.95067966    0.29145586    0.10612096    0.23105005   -0.43716630   -0.86919589
   -0.32734623    0.93682464    0.12330468    0.33776228    0.23788403   -0.91067438   -0.88247441   -0.25645815   -0.39429447
   -0.47118194    0.88119532   -0.03850186   -0.72462650   -0.41161293   -0.55271260   -0.50289562   -0.23252873    0.83248206
   -0.67468590    0.49773988    0.54502656   -0.60914515   -0.79247837   -0.03033531    0.41682266   -0.35246709    0.83786981
   -0.65896753    0.52848660    0.53522304    0.25726799   -0.51029243    0.82061856    0.70680618    0.67845674    0.20030346
   -0.82772756    0.56103089   -0.01055577    0.55138944    0.81670488    0.17018469    0.10409982    0.13504622   -0.98535564
   -0.66767355    0.22584418    0.70937045    0.02665432    0.95951438   -0.28039561   -0.74397687   -0.16830494   -0.64666209
   -0.23830261    0.80864291    0.53787407   -0.70237750    0.23899033   -0.67048450   -0.67072924   -0.53756885    0.51102056
   -0.95100510   -0.01509276    0.30880657   -0.17656568   -0.79339903   -0.58253115    0.25379884   -0.60851474    0.75186166
   -0.86400785   -0.19832081    0.46277348    0.40431689   -0.82104142    0.40301222    0.30003048    0.53531285    0.78957068
   -0.53118147   -0.10913132    0.84020033    0.84336037    0.02690782    0.53667425   -0.08117593    0.99366308    0.07774410
   -0.45519887   -0.10052109    0.88469741    0.25120424    0.93874466    0.23591288   -0.85421919    0.32962702   -0.40206418
   -0.15709420   -0.48580524    0.85983410   -0.92017266    0.38815221    0.05118731   -0.35861357   -0.78315460   -0.50800116
    0.25192610   -0.39253842    0.88456025   -0.70646748   -0.69928376   -0.10911427    0.66139016   -0.59742432   -0.45348346
   -0.18926324   -0.77773645    0.59942092    0.53732070   -0.59297720   -0.59972036    0.82186732    0.20857625    0.53012268
   -0.11669595   -0.92334366    0.36581215    0.98926386   -0.14069079   -0.03953631    0.08797200    0.35727102    0.92984856
   -0.09513601   -0.95099514    0.29420637    0.09290918    0.28577419    0.95378247   -0.99111908    0.11807353    0.06116876
   -0.31246006   -0.94762130   -0.06620110   -0.83085775    0.23884626    0.50262099   -0.46048247    0.21205268   -0.86196842
    0.16435968   -0.97829629   -0.12618345   -0.40628499    0.04942674   -0.91240863    0.89884281    0.20122963   -0.38934334
   -0.18197531   -0.87306307   -0.45237800    0.69861385    0.20895915   -0.68430604    0.69197086   -0.44056434    0.57190855
    0.50260067   -0.74566714   -0.43746210    0.84618339    0.32064773    0.42562742   -0.17710515   -0.58409379    0.79212891
   -0.24873228   -0.69394167   -0.67570497   -0.27925822   -0.61662419    0.73606349   -0.92744116    0.37177892   -0.04041458
    0.00558587   -0.56252001   -0.82676480   -0.97364844   -0.19155596    0.12375392   -0.22798578    0.80428699   -0.54876673
    0.23484185   -0.27773654   -0.93151045   -0.52516174    0.77015743   -0.36202580    0.81795749    0.57421246    0.03500859
    0.12183423   -0.58532679   -0.80159152    0.59608680    0.68889552   -0.41243604    0.79362267   -0.42756930    0.43283663
    0.21368232   -0.13914569   -0.96694278    0.94029100   -0.23914252    0.24220587   -0.26493903   -0.96096271    0.07973691
   -0.23263885    0.01889139   -0.97237970    0.03959972   -0.99879822   -0.02887876   -0.97175667   -0.04522429    0.23161118
   -0.20902392    0.05534706   -0.97634302   -0.92510433   -0.33483548    0.17907311   -0.31700312    0.94064972    0.12119043
    0.05869054    0.49364915   -0.86767847   -0.19732647    0.85776398    0.47466116    0.97857942    0.14335781    0.14775268
    0.45719442    0.54531875   -0.70256724    0.59553681    0.39899504    0.69723659    0.66053703   -0.73717733   -0.14233909
    0.68587420    0.45560404   -0.56745180    0.53246458   -0.84571042   -0.03543097   -0.49604239   -0.27784680   -0.82264397
    0.65077033    0.71477676   -0.25610967   -0.19186442   -0.17155289   -0.96631136   -0.73463326    0.67798510    0.02549870
    0.60556942    0.79231587   -0.07430506   -0.77681245    0.56827272   -0.27134577   -0.17276602    0.22203980    0.95960942
    0.77636365    0.52785393    0.34442664   -0.39514507   -0.01810919    0.91844022    0.49103957   -0.84914209    0.19451956
    0.25632881    0.93855134    0.23112101    0.75102101   -0.34391079    0.56364245    0.60849238    0.02909894   -0.79302602
    0.86643402    0.46794430    0.17412705    0.32376589   -0.26107834   -0.90940296   -0.38008913    0.84431406   -0.37771156
    0.59350648    0.69532492    0.40530645   -0.33989402    0.67302637   -0.65689234   -0.72953554    0.25210862    0.63578230
    0.64117224    0.33819006    0.68885822   -0.76739297    0.28547062    0.57412068   -0.00248688   -0.89673520    0.44256051
    0.50171313    0.44068070    0.74436849   -0.07280356   -0.83594341    0.54396530    0.86196495   -0.32710721   -0.38732067
    0.40256347    0.17627567    0.89825917    0.78482476   -0.57153983   -0.23956695    0.47116107    0.80141694   -0.36842657
    0.77607273   -0.10090684    0.62251821    0.50828399    0.68440374   -0.52272258   -0.37330751    0.72208679    0.58243642
    0.46165847   -0.53639134    0.70650958   -0.32398770    0.63948006    0.69720673   -0.82577444   -0.55077180    0.12143719
    0.65490769   -0.42214972    0.62680581   -0.75112462   -0.45484177    0.47846711    0.08311270   -0.78416107   -0.61496642
    0.94782523   -0.31843426    0.01506521   -0.24071385   -0.74587216   -0.62107292    0.20900761    0.58504217   -0.78360798
    0.85952161   -0.51089540   -0.01443942    0.10791179    0.20901882   -0.97193939    0.49957748    0.83384472    0.23478783
    0.97440429    0.19986390    0.10291113   -0.21635732    0.95806074    0.18790726   -0.06103924   -0.20536321    0.97678051
    0.90332950   -0.07592387   -0.42217458    0.40854649   -0.14763017    0.90071921   -0.13071179   -0.98612418   -0.10234025
