# Rotation matrices: 35 entries, row-major flattening of 3x3 -> 1x9
# https://github.com/Neurophysics-CFIN/GFO
# Col:  1    2    3    4    5    6    7    8    9
#       R11  R12  R13  R21  R22  R23  R31  R32  R33
# where Rij = R(i,j), i = row index, j = column index

    0.43835610   -0.88365517    0.16430908   -0.72765401   -0.45621514   -0.51223762    0.52760171    0.10498232   -0.84297992
    0.30913574   -0.84001332    0.44588420    0.27730873   -0.36885472   -0.88715617    0.90968949    0.39789926    0.11891685
    0.35807117   -0.62902623   -0.69000800    0.68894535    0.67678552   -0.25945262    0.63018993   -0.38247530    0.67570208
   -0.38575619   -0.79294094   -0.47163210    0.24087597   -0.58002862    0.77816808   -0.89060144    0.18657831    0.41475005
   -0.63751749   -0.41541193   -0.64884850   -0.76819137    0.27850325    0.57647026   -0.05876621    0.86594969   -0.49666655
   -0.20051800   -0.01310868   -0.97960232   -0.27635790    0.96005976    0.04372143    0.93990364    0.27948777   -0.19613195
   -0.46869730    0.17865566   -0.86510404    0.66838763    0.71204010   -0.21507411    0.57756456   -0.67902949   -0.45314251
    0.08048577    0.73885052   -0.66904555    0.67368875   -0.53502184   -0.50979908   -0.73461929   -0.40969689   -0.54081693
    0.24492093    0.94988825   -0.19423197   -0.41883302   -0.07701791   -0.90479121   -0.87440988    0.30295307    0.37898127
    0.36521287    0.68860649    0.62645085   -0.85615001   -0.01579426    0.51648591    0.36554988   -0.72496320    0.58378219
    0.69824194    0.71542635    0.02496658    0.62154859   -0.62318417    0.47467762    0.35515566   -0.31592188   -0.87980556
    0.70801982    0.10076828    0.69896616    0.46905498   -0.80700665   -0.35878640    0.52791605    0.58188144   -0.61864257
    0.90345008    0.25926517    0.34140816   -0.00578992    0.80369941   -0.59500734   -0.42865421    0.53558270    0.72760342
    0.96332227   -0.01137583    0.26810594   -0.17775938    0.72140482    0.66931060   -0.20102688   -0.69242015    0.69292317
    0.85326088   -0.40432239    0.32934675   -0.48819936   -0.39731555    0.77704681   -0.18332284   -0.82381051   -0.53640374
    0.56731627   -0.46316551    0.68090378   -0.09429377   -0.85793867   -0.50502468    0.81808370    0.22230373   -0.53039619
    0.19804683   -0.56863426    0.79839372    0.97791286    0.17014497   -0.12139661   -0.06681240    0.80480169    0.58977143
   -0.62243480   -0.52910793    0.57673193    0.20187704    0.60340809    0.77145599   -0.75618819    0.59660999   -0.26876745
   -0.45003443   -0.11009313    0.88619891   -0.89296944    0.04588151   -0.44777279    0.00863656   -0.99286172   -0.11895806
   -0.52900214    0.14022403    0.83695517   -0.78620849    0.29024960   -0.54555603   -0.31942597   -0.94662157   -0.04329734
   -0.83281977    0.29299584    0.46964312   -0.37623083   -0.92194736   -0.09199695    0.40603151   -0.25331110    0.87805005
   -0.57186538    0.65488612    0.49405885    0.41797342   -0.28561896    0.86239204    0.70588115    0.69967562   -0.11038939
   -0.84000707   -0.09347773    0.53446239    0.49157855    0.28580988    0.82259543   -0.22964898    0.95371622   -0.19413067
   -0.98613013    0.00368046    0.16593315   -0.00578772    0.99838353   -0.05654055   -0.16587302   -0.05671672   -0.98451478
   -0.91280111   -0.35766242    0.19715914   -0.40099110    0.87644364   -0.26655709   -0.07746142   -0.32237267   -0.94343818
   -0.67228100   -0.74021950    0.01064663    0.03742946   -0.04835028   -0.99812889    0.73934924   -0.67062459    0.06021099
   -0.05398506   -0.27121479   -0.96100372    0.86675949   -0.49058218    0.08976144   -0.49579593   -0.82811332    0.26156210
    0.06317597   -0.49957915   -0.86396149   -0.24458794   -0.84704072    0.47190970   -0.96756681    0.18150120   -0.17570366
    0.18683991    0.28574159   -0.93991627   -0.86626624   -0.40332180   -0.29481235   -0.46332887    0.86930045    0.17217168
    0.42062039    0.66749712   -0.61443151   -0.81942196    0.57019837    0.05849340    0.38939202    0.47887515    0.78679886
    0.08536140    0.99425932   -0.06451225   -0.32935810    0.08926688    0.93997589    0.94033860   -0.05899003    0.33508730
   -0.04161548    0.90411175    0.42526474    0.99725331    0.06368788   -0.03781124   -0.06126980    0.42252313   -0.90427884
   -0.27511025    0.94329979    0.18574135    0.65593763    0.32540859   -0.68106907   -0.70289414   -0.06553434   -0.70826907
   -0.79511791    0.57886976    0.18082396    0.11474640    0.43637980   -0.89241579   -0.59550043   -0.68882688   -0.41339661
   -0.79013200    0.58802371   -0.17297266   -0.50480702   -0.78435576   -0.36049398   -0.34765111   -0.19752001    0.91658308
