# Rotation matrices: 55 entries, row-major flattening of 3x3 -> 1x9
# https://github.com/Neurophysics-CFIN/GFO
# Col:  1    2    3    4    5    6    7    8    9
#       R11  R12  R13  R21  R22  R23  R31  R32  R33
# where Rij = R(i,j), i = row index, j = column index

   -0.78940693   -0.37170496    0.48854081   -0.48868320    0.86216168   -0.13366361   -0.37151774   -0.34425667   -0.86224238
   -0.99662469   -0.07731577    0.02759514   -0.05269743    0.34478563   -0.93720107    0.06294601   -0.93549192   -0.34769622
   -0.88564013   -0.17565880   -0.42986689    0.45139021   -0.54299897   -0.70809533   -0.10903410   -0.82115535    0.56019234
   -0.92325864   -0.06678697   -0.37832919   -0.10887712   -0.89891205    0.42438531   -0.36842808    0.43300880    0.82265675
   -0.85409663    0.51910113    0.03244949   -0.29166139   -0.52967025    0.79648167    0.43064207    0.67080805    0.60379133
   -0.53150024    0.77468319   -0.34259809    0.28813727    0.54568597    0.78689499    0.79654529    0.31951960   -0.51324733
   -0.34257190    0.67124674   -0.65732207    0.93262170    0.32742725   -0.15168440    0.11340750   -0.66499564   -0.73818665
   -0.58539727    0.80293388    0.11228192    0.36482813    0.38456263   -0.84794576   -0.72402381   -0.45542153   -0.51805478
   -0.46056195    0.88743944    0.01827365   -0.83023269   -0.42340753   -0.36254619   -0.31400059   -0.18214636    0.93178663
   -0.39073735    0.86152098    0.32420044   -0.69461222   -0.50706586    0.51029215    0.60401837   -0.02580339    0.79655257
   -0.78294098    0.27010457    0.56039891    0.31148245   -0.60956488    0.72897828    0.53849986    0.74530140    0.39312050
   -0.92954964    0.35900784   -0.08396930    0.33850341    0.92126180    0.19155194    0.14612636    0.14963314   -0.97788395
   -0.36089687   -0.11539550    0.92543899    0.19925527    0.95986130    0.19739203   -0.91107123    0.25563676   -0.32341778
   -0.54339666    0.57604630    0.61064779   -0.57887956    0.26968040   -0.76952644   -0.60796260   -0.77164962    0.18691800
   -0.61127389    0.55417283    0.56501036   -0.76863338   -0.58578351   -0.25702220    0.18853903   -0.59139678    0.78402990
   -0.50323574   -0.13411963    0.85367776    0.22355974   -0.97445728   -0.02130851    0.83473040    0.18012477    0.52036548
   -0.84429480    0.02888626    0.53509988    0.53425407    0.12307605    0.83631625   -0.04169994    0.99197675   -0.11934507
   -0.57567113    0.17375714    0.79900639    0.47529767    0.86623041    0.15406814   -0.66535320    0.46845846   -0.58125020
   -0.57412498   -0.61611758    0.53923987   -0.75151551    0.65793794   -0.04839534   -0.32496915   -0.43303210   -0.84076052
   -0.45054637   -0.41774496    0.78898486   -0.66904763   -0.42714066   -0.60821553    0.59108649   -0.80189775   -0.08704460
    0.34438421   -0.86962204    0.35377539    0.38588925   -0.21240424   -0.89776050    0.85585571    0.44569266    0.26242913
   -0.12202366   -0.86536154    0.48606546    0.99122165   -0.08113956    0.10438395   -0.05089072    0.49453592    0.86766604
    0.06514159   -0.97467470    0.21392942    0.10062381    0.21970804    0.97036242   -0.99278972   -0.04168456    0.11238761
   -0.40563740   -0.80939412   -0.42466393   -0.89859828    0.26810975    0.34733023   -0.16727051    0.52249241   -0.83607551
    0.01842242   -0.95804562   -0.28602308   -0.85690694    0.13226335   -0.49821372    0.51514184    0.25427346   -0.81851933
   -0.07748382   -0.99161982   -0.10337501    0.68011548    0.02324348   -0.73273643    0.72899876   -0.12708216    0.67261499
    0.17060717   -0.76207200   -0.62461144    0.94231058   -0.05909362    0.32948249   -0.28799993   -0.64479005    0.70802672
   -0.39303481   -0.67314432   -0.62641867   -0.07686448   -0.65480702    0.75187740   -0.91630535    0.34366334    0.20562107
   -0.10770944   -0.83496882   -0.53965336   -0.91700234   -0.12625662    0.37837279   -0.38406429    0.53561772   -0.75206933
    0.16489996   -0.55063274   -0.81829798   -0.51488075    0.65957971   -0.54758782    0.84125253    0.51162309   -0.17474553
    0.10758218   -0.37792761   -0.91956337    0.50115681    0.81943699   -0.27814539    0.85864307   -0.43092196    0.27755782
    0.13609235   -0.08040482   -0.98742794    0.89472409   -0.41798256    0.15735114   -0.42537945   -0.90488985    0.01505590
   -0.11238794   -0.33653094   -0.93494165   -0.12418265   -0.92876919    0.34923698   -0.98587404    0.15535355    0.06259116
   -0.08152959    0.38512403   -0.91925644   -0.96981595   -0.24331755   -0.01592454   -0.22980415    0.89021124    0.39333701
    0.07436558    0.70945070   -0.70082056   -0.29175118    0.68749621    0.66500392    0.95359898    0.15501182    0.25810913
    0.16340595    0.65602633   -0.73683644    0.57582545    0.54303451    0.61117802    0.80107649   -0.52415930   -0.28902159
    0.48438386    0.85604907   -0.18042246    0.77360428   -0.51542311   -0.36861285   -0.40854460    0.03897453   -0.91190586
    0.72224552    0.55816550   -0.40842708   -0.10715066   -0.49309309   -0.86335273   -0.68328628    0.66731588   -0.29632647
    0.63346747    0.77189707   -0.05379487   -0.76692279    0.61711508   -0.17606366   -0.10270540    0.15278711    0.98290778
    0.86972569    0.48458022    0.09359083   -0.19013838    0.15399333    0.96960479    0.45543894   -0.86108540    0.22606926
    0.23908545    0.96072228   -0.14089303    0.71713210   -0.07688125    0.69268379    0.65464472   -0.26664953   -0.70734597
    0.75960113    0.50808318    0.40602660    0.53072453   -0.12336195   -0.83851852   -0.37594892    0.85242789   -0.36335808
    0.64974855    0.72813801    0.21827015   -0.49769947    0.62453791   -0.60187012   -0.57456249    0.28243130    0.76818650
    0.43985398    0.33660784    0.83260053   -0.89791226    0.18217141    0.40070832   -0.01679445   -0.92385537    0.38237312
    0.53227640    0.40192890    0.74507382    0.13251986   -0.90881696    0.39558846    0.83613415   -0.11182532   -0.53700538
    0.61360983    0.02522055    0.78920650    0.61763259   -0.63803969   -0.45982099    0.49194813    0.76959034   -0.40708446
    0.64286065   -0.11094472    0.75790597    0.59096647    0.70134092   -0.39859696   -0.48732824    0.70413932    0.51642909
    0.22621643   -0.26110203    0.93843053   -0.38917191    0.85894663    0.33280011   -0.89295652   -0.44049565    0.09269427
    0.22159259   -0.14500224    0.96429823   -0.75460789   -0.65183070    0.07539016    0.61762745   -0.74437295   -0.25386069
    0.56272578   -0.52905390    0.63517058   -0.16800399   -0.82553147   -0.53876939    0.80939135    0.19646824   -0.55343100
    0.72269179   -0.44956718    0.52498184    0.67534674    0.29771034   -0.67474094    0.14704885    0.84217451    0.51876655
    0.88096483   -0.27565456    0.38459788   -0.02279061    0.78712912    0.61636705   -0.47263258   -0.55176291    0.68715074
    0.87231409   -0.47101212   -0.13120864    0.03773353   -0.20269959    0.97851370   -0.48748775   -0.85852225   -0.15904475
    0.95990132    0.26202820   -0.09965281    0.25076772   -0.96147569   -0.11260571   -0.12531963    0.08310066   -0.98863000
    0.94332555   -0.00282967   -0.33185673   -0.33154120    0.03638439   -0.94273889    0.01474205    0.99933386    0.03338417
