# Rotation matrices: 62 entries, row-major flattening of 3x3 -> 1x9
# https://github.com/Neurophysics-CFIN/GFO
# Col:  1    2    3    4    5    6    7    8    9
#       R11  R12  R13  R21  R22  R23  R31  R32  R33
# where Rij = R(i,j), i = row index, j = column index

   -0.93315177   -0.33672704   -0.12586767   -0.35737020    0.90684826    0.22341168    0.03891413    0.25345836   -0.96656327
   -0.88034445   -0.35608520   -0.31336396    0.06521062    0.56350949   -0.82353180    0.46983105   -0.74542631   -0.47286192
   -0.80569207   -0.13241301   -0.57734486    0.56604815   -0.45925474   -0.68459811   -0.17449867   -0.87838026    0.44497004
   -0.94198582   -0.01783727   -0.33517837   -0.03516310   -0.98784802    0.15139299   -0.33380573    0.15439597    0.92991162
   -0.88274239    0.34826983   -0.31539498   -0.43425972   -0.34844023    0.83066714    0.17940001    0.87022844    0.45882252
   -0.93072221    0.25470692   -0.26245106   -0.03627191    0.64979068    0.75924727    0.36392379    0.71616790   -0.59553591
   -0.80461037    0.25788336   -0.53488159    0.49975541    0.78057403   -0.37543137    0.32069717   -0.56938595   -0.75693657
   -0.76261313    0.63835079   -0.10454419    0.31279150    0.22245181   -0.92340493   -0.56620022   -0.73690126   -0.36931537
   -0.58470734    0.74906370   -0.31148177   -0.57959715   -0.65437392   -0.48565617   -0.56761296   -0.10343277    0.81677242
   -0.30954759    0.93882427    0.15096120   -0.78204716   -0.34166595    0.52121649    0.54090899    0.04328253    0.83996672
   -0.41963427    0.78361461    0.45809959    0.44496983   -0.26229008    0.85627435    0.79114406    0.56316255   -0.23861896
   -0.51514526    0.67891403    0.52316451    0.82662578    0.55486139    0.09390768   -0.22652854    0.48083737   -0.84704206
   -0.58284783    0.50642070    0.63547343    0.16136304    0.83860161   -0.52029732   -0.79639838   -0.20071224   -0.57049471
   -0.37076024    0.36688138    0.85319101   -0.85812794    0.21600244   -0.46578900   -0.35518065   -0.90484308    0.23474605
   -0.65027905    0.33046777    0.68405278   -0.54935835   -0.82649109   -0.12295479    0.52473093   -0.45574504    0.71899507
   -0.31787668   -0.02527960    0.94779500    0.25486670   -0.96512926    0.05973665    0.91323457    0.26055027    0.31323502
   -0.64535000    0.02949815    0.76331726    0.76300361    0.07293526    0.64226626   -0.03672707    0.99690035   -0.06957597
   -0.45583913   -0.20153662    0.86694503    0.13114638    0.94818778    0.28937960   -0.88034727    0.24560724   -0.40579029
   -0.45430067   -0.58677923    0.67029921   -0.77394555    0.63257809    0.02921039   -0.44115664   -0.50550479   -0.74151583
   -0.68681431   -0.29453600    0.66448073   -0.56968378   -0.34960792   -0.74379748    0.45138286   -0.88939465    0.07232334
   -0.67012587   -0.69427936    0.26250237    0.40472122   -0.63824144   -0.65486533    0.62219937   -0.33260192    0.70869169
   -0.66886037   -0.65153920    0.35794200    0.73365863   -0.50090070    0.45917699   -0.11987841    0.56973253    0.81303998
   -0.48523703   -0.67061739    0.56108586    0.29806067    0.47639870    0.82716632   -0.82201269    0.56860935   -0.03128162
   -0.30995007   -0.89229652   -0.32823449   -0.93172352    0.21634414    0.29169589   -0.18926762    0.39623496   -0.89842953
   -0.00676217   -0.99854255   -0.05354482   -0.65913116    0.04471828   -0.75069727    0.75199760    0.03021672   -0.65847290
   -0.01910253   -0.90342744   -0.42831524    0.58024487    0.33885192   -0.74060467    0.81421802   -0.26267515    0.51773621
   -0.06408243   -0.86433104   -0.49882391    0.96075618   -0.18861730    0.20339882   -0.26989073   -0.46621386    0.84249844
   -0.02108995   -0.70628122   -0.70761717   -0.02622370   -0.70714029    0.70658682   -0.99943361    0.03345821   -0.00360775
    0.09738761   -0.54536497   -0.83252189   -0.97239764   -0.23035359    0.03714893   -0.21203414    0.80592448   -0.55274520
   -0.02678091   -0.40427428   -0.91424564   -0.43251882    0.82922047   -0.35400689    0.90122708    0.38594781   -0.19706351
    0.04118984   -0.14068508   -0.98919720    0.77679462    0.62718244   -0.05685334    0.62840553   -0.76606128    0.13511696
   -0.11693167   -0.04002228   -0.99233321    0.80852639   -0.58407350   -0.07171622   -0.57672529   -0.81071349    0.10065576
   -0.02442916    0.32769284   -0.94446843   -0.22060427   -0.92322792   -0.31461718   -0.97505742    0.20066793    0.09484412
    0.05106962    0.36465545   -0.92974098   -0.98570356   -0.13126753   -0.10562827   -0.16056273    0.92184339    0.35273839
    0.09566885    0.59465713   -0.79826711   -0.35835876    0.76874916    0.52972043    0.92866919    0.23538826    0.28664594
    0.09652951    0.75660280   -0.64671033    0.74116502    0.37904111    0.55407783    0.66434665   -0.53280394   -0.52417888
    0.07966712    0.96080655   -0.26552574    0.78636344   -0.22427798   -0.57561440   -0.61260566   -0.16294220   -0.77341072
   -0.06953878    0.91231483   -0.40354182   -0.15487130   -0.40948949   -0.89907354   -0.98548427   -0.00002343    0.16976679
    0.08846462    0.95127364   -0.29538531   -0.99569598    0.09267926    0.00026904    0.02763203    0.29409016    0.95537817
    0.51751971    0.85567003   -0.00146783   -0.27766276    0.16955593    0.94559726    0.80936811   -0.48895766    0.32533623
    0.47278894    0.88053243    0.03366396    0.75793375   -0.42585345    0.49415106    0.44945195   -0.20811410   -0.86872405
    0.74320101    0.58088234    0.33200599    0.55776066   -0.26383131   -0.78695367   -0.36953391    0.77004464   -0.52007301
    0.58745207    0.74338398    0.31981295   -0.30226985    0.56815057   -0.76540046   -0.75068835    0.35296627    0.55846379
    0.55920372    0.49113804    0.66788818   -0.82384114    0.41920987    0.38150866   -0.09261190   -0.76357482    0.63904345
    0.41539824    0.46602066    0.78119719   -0.34935626   -0.71120224    0.61003408    0.83987768   -0.52632321   -0.13262492
    0.48786439    0.46558677    0.73838831    0.69605676   -0.71795070   -0.00719535    0.52677634    0.51747053   -0.67433740
    0.43692889   -0.03828737    0.89868082    0.69802380    0.64457334   -0.31191023   -0.56732348    0.76358319    0.30835821
    0.60673751   -0.03646045    0.79406563   -0.37933914    0.86458100    0.32954744   -0.69854951   -0.50116896    0.51074285
    0.48557557   -0.16806186    0.85788786   -0.85941840   -0.27144180    0.43326592    0.16005115   -0.94766796   -0.27624096
    0.51408354   -0.54623851    0.66131808   -0.07083571   -0.79540376   -0.60192621    0.85481016    0.26259542   -0.44759717
    0.44262084   -0.64893148    0.61884952    0.84068285    0.06018455   -0.53817300    0.31199222    0.75846276    0.57218450
    0.32533870   -0.60937493    0.72306081    0.44357486    0.77365804    0.45243186   -0.83510244    0.17353800    0.52200429
    0.47106506   -0.84915907    0.23880239   -0.33998619    0.07502208    0.93743324   -0.81394539   -0.52278157   -0.25336208
    0.40707607   -0.91047869   -0.07292209   -0.86416004   -0.35804674   -0.35359576    0.29583189    0.20695673   -0.93255156
    0.72492562   -0.67162493   -0.15297976   -0.05430956    0.16566760   -0.98468509    0.68668284    0.72213171    0.08362103
    0.87945386   -0.43081165   -0.20239125    0.40917645    0.90150353   -0.14094690    0.24317800    0.04114256    0.96910874
    0.90669673   -0.32889687   -0.26406040    0.20502069   -0.20345061    0.95737890   -0.36860218   -0.92219016   -0.11703733
    0.98708960   -0.04656514   -0.15325080   -0.02221624   -0.98736231    0.15691430   -0.15862080   -0.15148382   -0.97564958
    0.93903429   -0.05212734   -0.33984899   -0.34094664   -0.01357781   -0.93998459    0.04438449    0.99854814   -0.03052267
    0.77706867    0.08379884   -0.62381250   -0.39670432    0.83466754   -0.38204160    0.48866140    0.54434167    0.68183736
    0.91678932    0.37199593   -0.14531476    0.00718498    0.34843689    0.93730471    0.39930656   -0.86035502    0.31677043
    0.91982036    0.31161202   -0.23838719    0.39082417   -0.67438075    0.62647192    0.03445245   -0.66940910   -0.74209466
