# Rotation matrices: 50 entries, row-major flattening of 3x3 -> 1x9
# https://github.com/Neurophysics-CFIN/GFO
# Col:  1    2    3    4    5    6    7    8    9
#       R11  R12  R13  R21  R22  R23  R31  R32  R33
# where Rij = R(i,j), i = row index, j = column index

   -0.87834933   -0.43665172   -0.19451922   -0.42412495    0.89958508   -0.10423392    0.22050051   -0.00905334   -0.97534484
   -0.99068608    0.06769221   -0.11814756    0.13475862    0.36299955   -0.92199319   -0.01952425   -0.92932723   -0.36874071
   -0.92696702    0.18322856   -0.32735216    0.17822044   -0.55275616   -0.81406272   -0.33010546   -0.81295014    0.47973165
   -0.61622417    0.40415056   -0.67596605   -0.43836404   -0.88906126   -0.13193575   -0.65429713    0.21501721    0.72502611
   -0.51508198    0.83088797   -0.21051303   -0.72896635   -0.29544711    0.61751037    0.45088647    0.47152539    0.75786885
   -0.68093296    0.49877182   -0.53624339   -0.34794623    0.42396886    0.83617213    0.64440959    0.75596103   -0.11514859
   -0.32028142    0.67427827   -0.66540862    0.94732105    0.22676151   -0.22619030   -0.00162614   -0.70280014   -0.71138549
   -0.77483672    0.63124194    0.03408325    0.21660091    0.31575222   -0.92378817   -0.59389570   -0.70840253   -0.38138400
   -0.75516297    0.61365506   -0.23055663   -0.34175847   -0.66867246   -0.66036224   -0.55940150   -0.41988643    0.71467850
   -0.50119526    0.85010456    0.16163399   -0.83968518   -0.52292044    0.14657082    0.20912224   -0.06226107    0.97590545
   -0.29570598    0.87965685    0.37250745    0.34945983   -0.26330575    0.89919292    0.88906457    0.39607311   -0.22954365
   -0.88230507    0.31961396    0.34552088    0.46792081    0.51627861    0.71729109    0.05087120    0.79454598   -0.60506926
   -0.68693651    0.19566794    0.69988020    0.15142605    0.98047075   -0.12548807   -0.71076605    0.01977776   -0.70315038
   -0.66225580    0.03559706    0.74843176   -0.73578632    0.15780255   -0.65857182   -0.14154766   -0.98682886   -0.07831382
   -0.68230033    0.58497345    0.43848869   -0.71544408   -0.65763095   -0.23592648    0.15035301   -0.47468685    0.86721760
   -0.31867089   -0.14320090    0.93698579    0.24053930   -0.96837988   -0.06619097    0.91683680    0.20428877    0.34303992
   -0.22696238    0.38527057    0.89445775    0.97281815    0.04633689    0.22688705    0.04596651    0.92163956   -0.38531494
    0.08458499   -0.26197503    0.96136073    0.38683623    0.89777519    0.21061204   -0.91826092    0.35407455    0.17727974
    0.19881172   -0.61419085    0.76370380   -0.79690954    0.35226650    0.49075808   -0.57044639   -0.70617131   -0.41941984
   -0.17233747   -0.61698389    0.76787412   -0.81734576   -0.34550692   -0.46105409    0.54976877   -0.70707556   -0.44474538
   -0.11428656   -0.78783555    0.60518901    0.50381432   -0.57099483   -0.64817902    0.85621827    0.23082474    0.46217986
   -0.43699894   -0.84302714    0.31358757    0.84826315   -0.27031923    0.45538681   -0.29913469    0.46500833    0.83323808
    0.20291954   -0.92271474    0.32775168    0.13607193    0.35803956    0.92373812   -0.96969484   -0.14284671    0.19820879
   -0.09286750   -0.98793395    0.12394412   -0.94950871    0.12533923    0.28761655   -0.29968122   -0.09097579   -0.94969183
    0.13273561   -0.98517519    0.10867894   -0.52695443   -0.16301286   -0.83411380    0.83946429    0.05344775   -0.54078004
   -0.07829271   -0.90195411   -0.42467520    0.75417880    0.22500371   -0.61691787    0.65198511   -0.36858121    0.66261853
    0.03791695   -0.89185149   -0.45073631    0.99634249   -0.00082433    0.08544563   -0.07657636   -0.45232758    0.88855828
    0.47528312   -0.63577973   -0.60818590    0.20112119   -0.59444067    0.77858240   -0.85653734   -0.49236615   -0.15465884
    0.32528975   -0.46435953   -0.82374560   -0.78143976   -0.62254161    0.04235383   -0.53248332    0.62993029   -0.56537540
   -0.22198032   -0.60755325   -0.76262952   -0.72004135    0.62953382   -0.29193770    0.65746878    0.48432037   -0.57720758
   -0.23273666   -0.59399166   -0.77006984    0.48335665    0.61644657   -0.62157861    0.84391942   -0.51688251    0.14364010
   -0.07431702    0.09810653   -0.99239714    0.93368032   -0.34273347   -0.10380192   -0.35031136   -0.93429593   -0.06612921
   -0.01397234   -0.25519078   -0.96678976    0.01992498   -0.96676322    0.25489581   -0.99970384   -0.01570178    0.01859261
    0.47422331    0.23558536   -0.84829935   -0.78825976   -0.31553039   -0.52828697   -0.39212090    0.91920624    0.03607059
    0.52352584    0.51375069   -0.67969178   -0.12207032    0.83474929    0.53692873    0.84321974   -0.19812587    0.49972654
    0.85380342    0.27995574   -0.43891287    0.50293115   -0.22580344    0.83430993    0.13446182   -0.93307963   -0.33359021
    0.57272654    0.67624860   -0.46332725    0.67195839   -0.71102577   -0.20715762   -0.46952766   -0.19269196   -0.86163425
    0.81299626    0.54031123   -0.21702731   -0.16283321   -0.14688187   -0.97565930   -0.55903705    0.82854661   -0.03143380
    0.93771772    0.34464672   -0.04363622   -0.31706227    0.79772100   -0.51294514   -0.14197533    0.49483315    0.85731159
    0.37293969    0.92691212    0.04183188   -0.13653189    0.01022774    0.99058288    0.91775543   -0.37513905    0.13036740
    0.55017181    0.83135181    0.07851844    0.79526651   -0.55031566    0.25436951    0.25468048   -0.07750385   -0.96391442
    0.69695487    0.61357378    0.37118879    0.47819673   -0.01192032   -0.87817185   -0.53439853    0.78954742   -0.30171690
    0.51130166    0.72892865    0.45522922   -0.45826117    0.67936454   -0.57311475   -0.72702635    0.08442065    0.68139991
    0.72194760    0.31314440    0.61703504   -0.67690513    0.13469008    0.72364220    0.14349600   -0.94010593    0.30920823
    0.53543865    0.25367589    0.80557681   -0.27843753   -0.84748074    0.45193908    0.79735688   -0.46628847   -0.38314106
    0.39006512   -0.01852595    0.92060089    0.67502886   -0.67423017   -0.29958256    0.62624695    0.73828888   -0.25048812
    0.64289183   -0.07039458    0.76271534    0.55805025    0.72512352   -0.40345482   -0.52466181    0.68501130    0.50545970
    0.90242194    0.06747131    0.42553762   -0.21935794    0.92202269    0.31899256   -0.37083250   -0.38121094    0.84685387
    0.95500850   -0.26937481   -0.12408052   -0.11360012   -0.71871469    0.68596225   -0.27395944   -0.64100421   -0.71697965
    0.91930242    0.07886906   -0.38556807   -0.14983855   -0.83578297   -0.52821894   -0.36391135    0.54336590   -0.75651968
