# Rotation matrices: 64 entries, row-major flattening of 3x3 -> 1x9
# https://github.com/Neurophysics-CFIN/GFO
# Col:  1    2    3    4    5    6    7    8    9
#       R11  R12  R13  R21  R22  R23  R31  R32  R33
# where Rij = R(i,j), i = row index, j = column index

   -0.95707420   -0.25586541   -0.13616853   -0.27316629    0.95332632    0.12864333    0.09689767    0.16031786   -0.98229783
   -0.85460775   -0.38739925   -0.34578522    0.15628533    0.44313677   -0.88272572    0.49519742   -0.80842540   -0.31816330
   -0.91579436   -0.11108691   -0.38597978    0.39443158   -0.43007984   -0.81206839   -0.07579195   -0.89593026    0.43768087
   -0.83371294   -0.05152056   -0.54978939   -0.08105394   -0.97343598    0.21413233   -0.54621699    0.22308749    0.80739022
   -0.90396172    0.25679804   -0.34191807   -0.42634832   -0.47979705    0.76682586    0.03286810    0.83895742    0.54320358
   -0.88151892    0.43537764   -0.18267648    0.11151725    0.56794935    0.81547375    0.45879003    0.69848396   -0.54921021
   -0.80948994    0.40877639   -0.42145925    0.54065818    0.79887792   -0.26359591    0.22894271   -0.44124363   -0.86769194
   -0.89531738    0.42396772    0.13659490    0.06018911    0.41899870   -0.90598971   -0.44134348   -0.80292681   -0.40065506
   -0.61198027    0.77385816   -0.16316768   -0.59862419   -0.58808016   -0.54388493   -0.51684546   -0.23517073    0.82314367
   -0.22270817    0.96266731    0.15385939   -0.79632495   -0.27067956    0.54092435    0.56237679   -0.00205380    0.82687855
   -0.31199373    0.79816484    0.51535696    0.41112015   -0.37560049    0.83060490    0.85652795    0.47101715   -0.21095665
   -0.37827216    0.76068076    0.52751773    0.92005082    0.37177641    0.12364787   -0.10206209    0.53211566   -0.84049762
   -0.65008961    0.43268903    0.62463085    0.25845624    0.89893669   -0.35371345   -0.71455152   -0.06850570   -0.69622058
   -0.49725792    0.36232731    0.78832321   -0.83814799    0.03413177   -0.54437392   -0.22414840   -0.93142576    0.28671162
   -0.55087492    0.31352543    0.77345887   -0.66569459   -0.72403213   -0.18063271    0.50337613   -0.61439342    0.60756332
   -0.42252904    0.09783369    0.90105370    0.31196696   -0.91771125    0.24593227    0.85096758    0.38501252    0.35723878
   -0.59309222   -0.21080015    0.77704885    0.77978017    0.08989949    0.61956514   -0.20046072    0.97338655    0.11105909
   -0.36205766   -0.27569482    0.89045304    0.21933830    0.90324381    0.36883781   -0.90598287    0.32885101   -0.26655591
   -0.64750708   -0.52214293    0.55506877   -0.64777174    0.76078404   -0.03999284   -0.40140549   -0.38545351   -0.83084248
   -0.59985630   -0.20838467    0.77249482   -0.61685008   -0.49445828   -0.61237814    0.50957668   -0.84385238    0.16806182
   -0.51510936   -0.74146591    0.42998913    0.42625046   -0.65683175   -0.62199887    0.74362147   -0.13711438    0.65439037
   -0.44291195   -0.82328087    0.35501777    0.84401876   -0.24930336    0.47484752   -0.30242576    0.50995730    0.80528393
   -0.65124506   -0.68962006    0.31670813    0.11425478    0.32348188    0.93931109   -0.75021711    0.64790712   -0.13187359
   -0.65309382   -0.74734970   -0.12221656   -0.69217989    0.52366271    0.49665317   -0.30717334    0.40895696   -0.85930131
   -0.21337626   -0.97166196    0.10170351   -0.49138811    0.01676430   -0.87077935    0.84439818   -0.23577954   -0.48104024
   -0.05113968   -0.87644526   -0.47877807    0.64943266    0.33501560   -0.68264322    0.75869754   -0.34584427    0.55205959
   -0.16745422   -0.74598798   -0.64456265    0.93929671   -0.31931530    0.12553657   -0.29946749   -0.58441395    0.75417475
    0.02724405   -0.63760278   -0.76988340   -0.03548311   -0.77030076    0.63669278   -0.99899885    0.00997177   -0.04361024
    0.00939636   -0.38431824   -0.92315286   -0.96428350   -0.24786781    0.09337497   -0.26470558    0.88930368   -0.37292079
    0.00463858   -0.43771396   -0.89910232   -0.68696761    0.65197282   -0.32094696    0.72667324    0.61914290   -0.29767108
   -0.06628606   -0.01839322   -0.99763112    0.64058321    0.76579395   -0.05668143    0.76502243   -0.64282293   -0.03897908
    0.03530126   -0.05291266   -0.99797499    0.89494307   -0.44276107    0.05513193   -0.44478165   -0.89507703    0.03172380
   -0.16770364    0.26098507   -0.95066413   -0.22601786   -0.94881444   -0.22060618   -0.95957877    0.17787062    0.21810692
   -0.02070704    0.40229614   -0.91527539   -0.99961392   -0.02529478    0.01149715   -0.01852643    0.91516009    0.40266460
    0.16680843    0.53281347   -0.82962929   -0.34538028    0.81968279    0.45698205    0.92351904    0.21030914    0.32075326
    0.18686025    0.68401276   -0.70513104    0.77210081    0.34154133    0.53591964    0.60740727   -0.64457432   -0.46430631
    0.00088575    0.76708097   -0.64154969    0.80075246   -0.38482927   -0.45902280   -0.59899475   -0.51331592   -0.61458284
   -0.11090658    0.88419178   -0.45376716   -0.08531235   -0.46336869   -0.88204947   -0.99016238   -0.05911315    0.12682311
    0.02583049    0.96563729   -0.25860666   -0.98606333    0.06714283    0.15222005    0.16435295    0.25107063    0.95391386
    0.13840255    0.98805016    0.06783517   -0.27093029   -0.02810867    0.96218848    0.95259724   -0.15154794    0.26380241
    0.19224960    0.93671808    0.29257362    0.80654559   -0.32065714    0.49665200    0.55903873    0.14049281   -0.81715205
    0.60825941    0.76397923    0.21530496    0.46671093   -0.12483304   -0.87555561   -0.64202913    0.63305012   -0.43248833
    0.56416819    0.77146315    0.29420888   -0.32451183    0.53483769   -0.78015429   -0.75921428    0.34466397    0.55208733
    0.51681448    0.54374122    0.66124751   -0.84879605    0.42611241    0.31300716   -0.11157088   -0.72303091    0.68174647
    0.50262170    0.49799337    0.70666402   -0.27283008   -0.68427163    0.67626629    0.82032626   -0.53270531   -0.20806220
    0.57511920    0.39274853    0.71762560    0.64764041   -0.75452439   -0.10608888    0.49979977    0.52577709   -0.68830128
    0.63617375   -0.11134571    0.76346912    0.66223473    0.58654221   -0.46627610   -0.39588902    0.80222838    0.44687975
    0.41045448    0.06305561    0.90969836   -0.37325303    0.92182361    0.10451512   -0.83199116   -0.38244637    0.40190233
    0.56085435   -0.01756940    0.82772804   -0.82025923   -0.14743523    0.55266414    0.11232630   -0.98891565   -0.09710115
    0.45813670   -0.51511708    0.72440676   -0.04700250   -0.82786292   -0.55895774    0.88763817    0.22203013   -0.40348618
    0.44441092   -0.53098383    0.72149505    0.82424940   -0.07308528   -0.56149039    0.35087299    0.84422432    0.40518321
    0.55665182   -0.60365693    0.57073380    0.45171367    0.79651489    0.40189401   -0.69720407    0.03409323    0.71606154
    0.33472890   -0.85630612    0.39331463   -0.50741498    0.18791886    0.84096167   -0.79403186   -0.48106791   -0.37160068
    0.35417384   -0.93514855   -0.00762121   -0.92646038   -0.34974976   -0.13909088    0.12740512    0.05632310   -0.99025029
    0.59380373   -0.79840001    0.09977250    0.17566762    0.00763283   -0.98441994    0.78519935    0.60207904    0.14478543
    0.57833816   -0.74160009   -0.33993276    0.72284759    0.65899893   -0.20787443    0.37817502   -0.12549786    0.91718806
    0.77160047   -0.59821320   -0.21627223    0.18916598   -0.10882200    0.97589651   -0.60732935   -0.79391356    0.02919448
    0.99347615   -0.11106138    0.02589411   -0.11048425   -0.99361749   -0.02274886    0.02825536    0.01973956   -0.99940582
    0.86923915   -0.29124631   -0.39949830   -0.39413067    0.07961215   -0.91559976    0.29846997    0.95332969   -0.04558711
    0.93308905   -0.10004348   -0.34545063   -0.06734339    0.89493924   -0.44107666    0.35328416    0.43482762    0.82832074
    0.89173328    0.09530830   -0.44241167    0.38462531    0.35554325    0.85185232    0.23848508   -0.92978778    0.28039177
    0.87032436    0.24017318   -0.42994459    0.46323011   -0.69561728    0.54912154   -0.16719262   -0.67707713   -0.71666811
    0.94785107    0.30565099   -0.09030961    0.17866368   -0.74421486   -0.64360200   -0.26392734    0.59390379   -0.76001358
    0.86056972    0.50330062   -0.07815526   -0.45409846    0.68866179   -0.56527827   -0.23068236    0.52195155    0.82118952
