# Rotation matrices: 47 entries, row-major flattening of 3x3 -> 1x9
# https://github.com/Neurophysics-CFIN/GFO
# Col:  1    2    3    4    5    6    7    8    9
#       R11  R12  R13  R21  R22  R23  R31  R32  R33
# where Rij = R(i,j), i = row index, j = column index

   -0.94970925   -0.30283355   -0.07965032   -0.31247942    0.90012709    0.30352567   -0.02022235    0.31315022   -0.94948828
   -0.95234347   -0.00744667   -0.30493682    0.23995725    0.59889528   -0.76403204    0.18831472   -0.80079273   -0.56856713
   -0.69261585   -0.00374563   -0.72129693    0.54254080   -0.66167249   -0.51753164   -0.47532385   -0.74978363    0.46031701
   -0.34180622    0.10202303   -0.93421615   -0.43014735   -0.90082844    0.05900326   -0.83554878    0.42201828    0.35179370
   -0.81144178    0.43867337   -0.38617083   -0.58029061   -0.52621339    0.62158046    0.06946253    0.72846767    0.68154957
   -0.57709929    0.54446114   -0.60870229   -0.19152106    0.63433058    0.74896222    0.79389930    0.54880487   -0.26179595
   -0.37601269    0.69577753   -0.61197066    0.83230299    0.54389768    0.10699091    0.40729129   -0.46911507   -0.78361014
   -0.64664379    0.71960428   -0.25302467    0.46435533    0.10819839   -0.87901492   -0.60516604   -0.68590290   -0.40411790
   -0.80297056    0.56746035    0.18228284   -0.56624071   -0.63083991   -0.53048323   -0.18603691   -0.52917838    0.82786503
   -0.44438953    0.89223161   -0.08025394   -0.88832944   -0.42732381    0.16812245    0.11570974    0.14600379    0.98249384
   -0.75766630    0.59054582    0.27784421    0.10350200   -0.31160930    0.94455650    0.64438273    0.74441606    0.17497319
   -0.89391726    0.13715608    0.42673193    0.38784632    0.71392596    0.58299653   -0.22469348    0.68665707   -0.69138622
   -0.57315112    0.25195783    0.77975319    0.09790319    0.96579611   -0.24011005   -0.81358021   -0.06127902   -0.57821460
   -0.35093964    0.50619769    0.78778504   -0.63312540    0.49158205   -0.59791247   -0.68992289   -0.70859791    0.14797099
   -0.57285063    0.55847765    0.59995406   -0.72819542   -0.68276112   -0.05973855    0.37626266   -0.47110506    0.79780100
   -0.02969775    0.27266525    0.96165051    0.25253066   -0.92881828    0.27115470    0.96713304    0.25089892   -0.04127252
    0.14283195   -0.19257364    0.97083182    0.98875801    0.07160086   -0.13126660   -0.04423391    0.97866680    0.20063561
    0.30779129   -0.39334465    0.86633972    0.34751182    0.89411111    0.28249047   -0.88572008    0.21411519    0.41189153
   -0.20847950   -0.56123076    0.80097212   -0.81843154    0.54847971    0.17128872   -0.53544945   -0.61983065   -0.57367573
   -0.36277475   -0.43943000    0.82176381   -0.78400063   -0.33275326   -0.52404035    0.50372364   -0.83437195   -0.22379891
    0.05317667   -0.81559100    0.57618015    0.55197203   -0.45682969   -0.69759122    0.83216532    0.35513091    0.42589074
   -0.06467821   -0.99242235    0.10447298    0.96731403   -0.03662708    0.25092235   -0.24519441    0.11728739    0.96235304
   -0.04047910   -0.82084937    0.56970848    0.14779691    0.55898470    0.81589961   -0.98818901    0.11722804    0.09869181
   -0.07331860   -0.99690418    0.02839795   -0.87241321    0.07790788    0.48252001   -0.48323864    0.01060295   -0.87542447
    0.38778006   -0.92172015   -0.00765463   -0.58209557   -0.23843955   -0.77737463    0.71469670    0.30590611   -0.62899132
   -0.28535632   -0.86918583   -0.40384126    0.56037655    0.19052297   -0.80602675    0.77752806   -0.45630800    0.43270443
    0.29688376   -0.86913595   -0.39555371    0.89669725    0.11132046    0.42841778   -0.32832007   -0.48188221    0.81240105
    0.18521053   -0.82415592   -0.53522339    0.09985779   -0.52604318    0.84457504   -0.97761213   -0.20987042   -0.01513035
   -0.31026503   -0.40436034   -0.86036523   -0.88379819   -0.21069776    0.41774061   -0.35019476    0.88999953   -0.29200079
   -0.18910956   -0.81757529   -0.54388254   -0.61385849    0.53073797   -0.58437570    0.76643025    0.22335588   -0.60224315
   -0.05777010   -0.54957374   -0.83344545    0.59394332    0.65210090   -0.47116424    0.80243003   -0.52223857    0.28874372
    0.20358452   -0.00522809   -0.97904342    0.94467410   -0.26163377    0.19783481   -0.25718512   -0.96515306   -0.04832575
    0.42704020    0.13807300   -0.89362884    0.00451942   -0.98858672   -0.15058507   -0.90422135    0.06026720   -0.42279028
    0.74249728   -0.00809329   -0.66980019   -0.65603935    0.19320746   -0.72957745    0.13531507    0.98112455    0.13814649
    0.86110705    0.26281243   -0.43522899   -0.05418991    0.89860253    0.43540434    0.50552755   -0.35134473    0.78803476
    0.85159366    0.48394949   -0.20144756    0.19671952    0.06116634    0.97855000    0.48589059   -0.87295565   -0.04311344
    0.64955440    0.48333834   -0.58690981    0.52643289   -0.84287254   -0.11150916   -0.54858681   -0.23653736   -0.80193677
    0.60765508    0.73946689   -0.28973094   -0.45686548    0.02705986   -0.88912412   -0.64963777    0.67264885    0.35427996
    0.44998689    0.82505512   -0.34175408   -0.87590937    0.48234653    0.01116226    0.17405337    0.29432273    0.93972313
    0.46667332    0.88098385    0.07799658   -0.13853424   -0.01428657    0.99025459    0.87351261   -0.47293059    0.11537927
    0.67094323    0.67738227    0.30164291    0.64657145   -0.73359843    0.20923360    0.36301590    0.05464982   -0.93017894
    0.84457180    0.47475779    0.24759546    0.39714311   -0.24528152   -0.88437228   -0.35913203    0.84524672   -0.39570464
    0.62711453    0.52011687    0.57983256   -0.31118144    0.84970449   -0.42563881   -0.71406826    0.08649115    0.69471275
    0.58093009    0.28796278    0.76131312   -0.81162602    0.27561723    0.51507121   -0.06150968   -0.91712190    0.39383243
    0.82792634   -0.09808774    0.55219270   -0.34332250   -0.86718673    0.36071711    0.44347225   -0.48822737   -0.75164247
    0.95709285   -0.27883445    0.07889624   -0.05256284   -0.43479169   -0.89899574    0.28497442    0.85627538   -0.43079235
    0.98553976   -0.07769867   -0.15057990   -0.04922327    0.71906373   -0.69319869    0.16213716    0.69058690    0.70484131
