# Rotation matrices: 67 entries, row-major flattening of 3x3 -> 1x9
# https://github.com/Neurophysics-CFIN/GFO
# Col:  1    2    3    4    5    6    7    8    9
#       R11  R12  R13  R21  R22  R23  R31  R32  R33
# where Rij = R(i,j), i = row index, j = column index

   -0.89455392   -0.32269980   -0.30925416   -0.34319885    0.93917646    0.01273328    0.28633520    0.11752627   -0.95089417
   -0.84566344   -0.34806534   -0.40460335    0.23392018    0.43967978   -0.86715802    0.47972356   -0.82796873   -0.29040161
   -0.92280561   -0.02544437   -0.38442474    0.36703158   -0.36140086   -0.85713315   -0.11712222   -0.93206331    0.34284163
   -0.80565174    0.05607905   -0.58972911   -0.01753804   -0.99733068   -0.07087967   -0.59212980   -0.04676164    0.80448471
   -0.80097957    0.39180301   -0.45268325   -0.58806104   -0.37302302    0.71766151    0.11232067    0.84103759    0.52918791
   -0.73643407    0.57468006   -0.35694215    0.16743656    0.66604053    0.72688033    0.65546157    0.47553427   -0.58671739
   -0.91064669    0.30067100   -0.28340705    0.37236690    0.89446379   -0.24754275    0.17906842   -0.33095539   -0.92650042
   -0.91851802    0.39372130    0.03616892    0.10479941    0.33064910   -0.93791698   -0.38123711   -0.85770316   -0.34496892
   -0.96376106    0.26640082    0.01397226   -0.17931395   -0.60814737   -0.77330672   -0.19751235   -0.74778833    0.63387813
   -0.61516996    0.77541403    0.14247458   -0.65447234   -0.60302528    0.45609919    0.43958148    0.18733285    0.87845007
   -0.74268796    0.64881653    0.16568557    0.10816543   -0.12794150    0.98586572    0.66084404    0.75011205    0.02484109
   -0.20179610    0.83548083    0.51112632    0.97844191    0.14855838    0.14346372    0.04392909    0.52905783   -0.84744796
   -0.47671506    0.44556929    0.75776696    0.09739705    0.88348652   -0.45821980   -0.87364556   -0.14463601   -0.46456846
   -0.27571483    0.54912369    0.78895152   -0.81257266    0.30533179   -0.49648583   -0.51352411   -0.77796894    0.36201840
   -0.42661448    0.26963053    0.86330728   -0.72146886   -0.67708333   -0.14505463    0.54541981   -0.68473172    0.48338359
   -0.41466596   -0.01877801    0.90977993    0.52130671   -0.82436608    0.22058983    0.74584948    0.56574548    0.35162566
   -0.48786769   -0.21371714    0.84635105    0.82766329    0.19487632    0.52630476   -0.27741413    0.95726078    0.08181198
   -0.31166622   -0.31645661    0.89594608    0.42298500    0.79812485    0.42904593   -0.85085125    0.51269088   -0.11489216
   -0.48179543   -0.52692595    0.70015870   -0.75983668    0.64920967   -0.03427855   -0.43648754   -0.54852151   -0.71316392
   -0.63166097   -0.41530183    0.65462112   -0.59282946   -0.28536217   -0.75307480    0.49955745   -0.86376665   -0.06595101
   -0.48682251   -0.78790412    0.37710865    0.47508112   -0.60111170   -0.64262170    0.73300871   -0.13368551    0.66695308
   -0.39579680   -0.78719952    0.47292898    0.88601326   -0.19190326    0.42208251   -0.24150654    0.58608025    0.77342390
   -0.39194069   -0.89486264    0.21354941   -0.03201007    0.24524545    0.96893241   -0.91943344    0.37292830   -0.12476629
   -0.72553765   -0.68363657   -0.07896936   -0.64183523    0.63080552    0.43604120   -0.24827940    0.36704963   -0.89645519
   -0.69660202   -0.71723198    0.01799751   -0.49629244    0.46359893   -0.73400943    0.51811141   -0.52024448   -0.67890076
   -0.47292035   -0.85095090   -0.22853646    0.40633993    0.01951317   -0.91351360    0.78181469   -0.52488266    0.33654716
   -0.31210796   -0.68821163   -0.65494532    0.87992323   -0.46933981    0.07385971   -0.35822303   -0.55324939    0.75205809
    0.14781314   -0.77777491   -0.61091526   -0.08277486   -0.62526210    0.77601264   -0.98554533   -0.06413644   -0.15680217
   -0.06321071   -0.50196661   -0.86257402   -0.93955539   -0.26149925    0.22102898   -0.33651163    0.82440746   -0.45509588
   -0.15183792   -0.48780290   -0.85964736   -0.45730367    0.80571488   -0.37642646    0.87625259    0.33596408   -0.34541213
   -0.02307288   -0.15314663   -0.98793408    0.75007962    0.65066598   -0.11838219    0.66094493   -0.74376064    0.09985943
   -0.06305242   -0.13648759   -0.98863316    0.90321749   -0.42917997    0.00164641   -0.42452627   -0.89284696    0.15033881
    0.00729346    0.12213675   -0.99248648   -0.26500303   -0.95679014   -0.11969133   -0.96422000    0.26388489    0.02538830
    0.00142166    0.42944049   -0.90309404   -0.99980841   -0.01702029   -0.00966742   -0.01952250    0.90293476    0.42933402
    0.02177197    0.66791541   -0.74391867   -0.36361588    0.69842608    0.61642883    0.93129451    0.25707977    0.25807076
   -0.03331795    0.75330668   -0.65682490    0.72294067    0.47194773    0.50460096    0.69010629   -0.45803317   -0.56032037
    0.05135481    0.84676987   -0.52947471    0.81909840   -0.33902842   -0.46274997   -0.57134971   -0.40992745   -0.71099859
   -0.05495522    0.98526752   -0.16195013   -0.31131035   -0.17101757   -0.93479348   -0.94871797   -0.00095503    0.31612228
   -0.00145598    0.98358856   -0.18042014   -0.99991768    0.00086812    0.01280193    0.01274846    0.18042393    0.98350632
   -0.02735627    0.99690289    0.07373096   -0.43183375   -0.07830666    0.89854754    0.90153827   -0.00725861    0.43263849
    0.12026139    0.95402890    0.27452880    0.78864879   -0.25977301    0.55727108    0.60296789    0.14948861   -0.78363440
   -0.02351562    0.91528756    0.40211405    0.75522281    0.27981309   -0.59274205   -0.65504620    0.28974700   -0.69782602
    0.48435038    0.84767344    0.21645889   -0.33604205    0.40869425   -0.84855451   -0.80776262    0.33825841    0.48280513
    0.49677451    0.66002315    0.56354638   -0.86157966    0.29695767    0.41169970    0.10438191   -0.69006201    0.71618352
    0.57836275    0.50987831    0.63680502   -0.17452585   -0.68520005    0.70713621    0.79689225   -0.52012018   -0.30730724
    0.55907482    0.36448038    0.74470759    0.67748965   -0.71860091   -0.15690920    0.47795723    0.59225567   -0.64868336
    0.64659294    0.04766402    0.76134467    0.59079375    0.60008401   -0.53931616   -0.48257674    0.79851570    0.35985048
    0.41498147   -0.01168784    0.90975479   -0.30237570    0.94130903    0.15002085   -0.85811381   -0.33734361    0.38709168
    0.52177402   -0.08491976    0.84884657   -0.85265915   -0.08330382    0.51578373    0.02691193   -0.99289934   -0.11587338
    0.22379520   -0.40404953    0.88693838   -0.12211875   -0.91447308   -0.38577971    0.96695539   -0.02197616   -0.25399672
    0.46288963   -0.45074026    0.76326038    0.82375438   -0.09925411   -0.55819114    0.32735595    0.88711997    0.32535556
    0.52746273   -0.54407589    0.65250632    0.46081821    0.82845886    0.31828053   -0.71374340    0.13280568    0.68770125
    0.43476955   -0.75607021    0.48921700   -0.53231203    0.22241724    0.81680749   -0.72637411   -0.61553912   -0.30576502
    0.51529042   -0.82350307    0.23731513   -0.77016061   -0.56642838   -0.29327722    0.37593672   -0.03164782   -0.92610475
    0.41801120   -0.87297019    0.25137557    0.07174711   -0.24412164   -0.96708685    0.90560421    0.42228861   -0.03941249
    0.44613161   -0.88032024   -0.16125401    0.88616687    0.45972068   -0.05801016    0.12519932   -0.11701780    0.98520656
    0.61224091   -0.69261583   -0.38137170    0.34884971   -0.19622842    0.91640509   -0.70955264   -0.69410209    0.12147977
    0.64978367   -0.53915729   -0.53580836   -0.48739624   -0.83644709    0.25060160   -0.58328903    0.09831415   -0.80629290
    0.85151119   -0.20653012   -0.48194813   -0.49303624   -0.00255940   -0.87000501    0.17844874    0.97843690   -0.10400620
    0.97434774   -0.15661262   -0.16161363    0.11665881    0.96559913   -0.23239847    0.19245051    0.20758327    0.95909957
    0.66879029   -0.15198980   -0.72774903    0.74000587    0.23022180    0.63197250    0.07149032   -0.96119562    0.26644345
    0.85331447   -0.06381625   -0.51747648    0.19400610   -0.88235680    0.42872849   -0.48395873   -0.46623382   -0.74054708
    0.89736003    0.13293353   -0.42080121   -0.28670219   -0.54928197   -0.78491476   -0.33548001    0.82499576   -0.45479134
    0.80786360    0.41552463   -0.41796614   -0.58870733    0.60253760   -0.53886188    0.02792993    0.68138662    0.73139058
    0.81744503    0.48213838   -0.31516061   -0.18534816    0.73821973    0.64859671    0.54537115   -0.47177772    0.69281751
    0.95175353    0.30686064    0.00132821    0.23676092   -0.73707327    0.63298283    0.19521650   -0.60212917   -0.77416470
    0.96963576    0.24403514    0.01591685    0.23436225   -0.90866408   -0.34554873   -0.06986296    0.33878671   -0.93826581
