# Rotation matrices: 73 entries, row-major flattening of 3x3 -> 1x9
# https://github.com/Neurophysics-CFIN/GFO
# Col:  1    2    3    4    5    6    7    8    9
#       R11  R12  R13  R21  R22  R23  R31  R32  R33
# where Rij = R(i,j), i = row index, j = column index

   -0.84795647    0.01873574   -0.52973465    0.02224852    0.99975244   -0.00025424    0.52959875   -0.01200139   -0.84816339
   -0.87432913   -0.10708215   -0.47337298    0.31049241    0.62622823   -0.71514521    0.37301881   -0.77225101   -0.51428139
   -0.89251615   -0.00380126   -0.45099941    0.39229504   -0.49992277   -0.77212811   -0.22252981   -0.86606164    0.44768037
   -0.63750530    0.29948004   -0.70985822   -0.42154671   -0.90679793   -0.00398616   -0.64489174    0.29669720    0.70433331
   -0.75456046    0.46165996   -0.46637817   -0.62411286   -0.28524049    0.72740704    0.20278477    0.83994520    0.50335911
   -0.93620608    0.30859765   -0.16818347    0.05849088    0.60867687    0.79125930    0.34655014    0.73094457   -0.58789713
   -0.77087552    0.47222556   -0.42749732    0.60291616    0.75746426   -0.25047953    0.20553111   -0.45083358   -0.86862307
   -0.74177293    0.61081095    0.27691680   -0.02280345    0.38969735   -0.92066062   -0.67026333   -0.68923578   -0.27513834
   -0.83501296    0.55019521    0.00621155   -0.44771642   -0.67283541   -0.58893337   -0.31984897   -0.49454801    0.80815772
   -0.97742898    0.19844778    0.07246428   -0.17036269   -0.94322221    0.28514631    0.12493657    0.26636506    0.95574082
   -0.93939108    0.30895510    0.14863090    0.08747871   -0.20317550    0.97522674    0.33149943    0.92912134    0.16383426
   -0.60122637    0.60113535    0.52646286    0.79521611    0.51480918    0.32031679   -0.07847417    0.61123465   -0.78754937
   -0.83175493    0.36262558    0.42034085    0.16715501    0.88562915   -0.43326690   -0.52937977   -0.29010980   -0.79724110
   -0.65074313    0.39291677    0.64973055   -0.58312873    0.28943581   -0.75907035   -0.48630676   -0.87283636    0.04077269
   -0.36212299    0.33380542    0.87031079   -0.60277271   -0.79604829    0.05451774    0.71100774   -0.50485747    0.48947619
   -0.13525878    0.06706993    0.98853765    0.51847846   -0.84541051    0.12830101    0.84432526    0.52988932    0.07957488
   -0.44679951   -0.10777290    0.88811891    0.88402009    0.09927797    0.45678481   -0.13739967    0.98920619    0.05091606
   -0.26720539   -0.28004269    0.92205063    0.08797377    0.94575693    0.31273703   -0.95961549    0.16468129   -0.22807494
   -0.33534058   -0.57315501    0.74768980   -0.84213103    0.53814710    0.03482861   -0.42232929   -0.61797333   -0.66313418
   -0.54124853   -0.47143791    0.69627317   -0.69096279   -0.22252410   -0.68778881    0.47918728   -0.85336353   -0.20530521
   -0.55559249   -0.65312591    0.51453234    0.39116141   -0.75139446   -0.53141237    0.73369594   -0.09398352    0.67294677
   -0.50038238   -0.76189736    0.41125404    0.85772728   -0.37149150    0.35538428   -0.11798897    0.53057184    0.83938795
   -0.51933980   -0.78617215    0.33499182    0.17478519    0.28599520    0.94215545   -0.83650243    0.54785043   -0.01111744
   -0.22432346   -0.97266236    0.06005764   -0.84785362    0.22517940    0.48004007   -0.48044065    0.05676416   -0.87518833
   -0.39977767   -0.91398303    0.06937466   -0.57184078    0.18954019   -0.79816830    0.71636299   -0.35876112   -0.59842671
   -0.50431313   -0.85580640   -0.11516797    0.50372707   -0.18323137   -0.84420691    0.70137529   -0.48375786    0.52349884
   -0.43586266   -0.78400395   -0.44199723    0.80659090   -0.55814789    0.19463311   -0.39929295   -0.27167764    0.87564628
   -0.41179823   -0.73799625   -0.53458746   -0.34329671   -0.41778267    0.84119261   -0.84413837    0.52992375   -0.08130951
   -0.53563666   -0.50855563   -0.67413985   -0.71913360   -0.14376263    0.67983760   -0.44265136    0.84894256   -0.28871490
   -0.22575904   -0.46427658   -0.85643454   -0.49459761    0.81202370   -0.30982368    0.83928902    0.35364498   -0.41295178
   -0.02848126   -0.27955687   -0.95970661    0.67775143    0.70030588   -0.22410863    0.73473929   -0.65682542    0.16952447
    0.14776084   -0.06146813   -0.98711114    0.97828884   -0.13756431    0.15500646   -0.14531922   -0.98858370    0.03980697
   -0.12242302    0.29678684   -0.94706398   -0.23242128   -0.93627995   -0.26336326   -0.96487976    0.18787610    0.18360180
    0.16672828    0.39046754   -0.90539316   -0.98465961    0.01802146   -0.17355312   -0.05145035    0.92044029    0.38748230
    0.04982527    0.73495698   -0.67628077   -0.23722151    0.66645347    0.70679963    0.97017699    0.12521186    0.20755383
   -0.12043341    0.71839396   -0.68513204    0.78556688    0.49092310    0.37666855    0.60694355   -0.49285356   -0.62347004
   -0.01272160    0.84006957   -0.54232949    0.81161835   -0.30812335   -0.49632214   -0.58404950   -0.44647858   -0.67789605
    0.01162186    0.93104207   -0.36472674   -0.23229796   -0.35225821   -0.90661558   -0.97257524    0.09526184    0.21218528
   -0.06879419    0.98890426   -0.13166518   -0.98715505   -0.04840058    0.15225729    0.14419521    0.14044837    0.97953152
    0.03790472    0.99411795    0.10145312   -0.28093772   -0.08682975    0.95579003    0.95897718   -0.06473096    0.27599398
   -0.09679862    0.95900403    0.26634808    0.66278932   -0.13753133    0.73606756    0.74252296    0.24778299   -0.62230478
    0.10913123    0.88694437    0.44879845    0.76898331    0.21076911   -0.60352386   -0.62988494    0.41098182   -0.65904393
    0.01296711    0.79453033    0.60708600   -0.22968959    0.59326866   -0.77154066   -0.97317755   -0.12943668    0.19018832
   -0.06190488    0.69948410    0.71196192   -0.96915692   -0.21261408    0.12461990    0.23854277   -0.68228824    0.69107170
    0.50793170    0.43978141    0.74067382   -0.12278740   -0.81410621    0.56758641    0.85260111   -0.37924054   -0.35951073
    0.29307302    0.20211317    0.93448300    0.86741983   -0.46727947   -0.17097584    0.40210826    0.86069749   -0.31226397
    0.50569232    0.04892961    0.86132524    0.69144250    0.57408051   -0.43856452   -0.51592882    0.81733559    0.25647609
    0.52542046    0.04675607    0.84955707   -0.37342912    0.90985376    0.18087792   -0.76451555   -0.41228631    0.49551586
    0.33226774   -0.26145058    0.90622389   -0.94273133   -0.12186089    0.31049568    0.02925397   -0.95749335   -0.28696809
    0.42905001   -0.55277885    0.71438899   -0.31474562   -0.83280669   -0.45537700    0.84667070   -0.02947130   -0.53130045
    0.32288287   -0.43195433    0.84211763    0.78098260   -0.38100537   -0.49487483    0.53461466    0.81746582    0.21432871
    0.66405750   -0.67381352    0.32404163    0.58850717    0.73837062    0.32934503   -0.46117995   -0.02800322    0.88686463
    0.41619325   -0.80272645    0.42709886   -0.43000152    0.24011391    0.87031259   -0.80117531   -0.54587138   -0.24523980
    0.37229012   -0.89069544    0.26088638   -0.88975618   -0.42249052   -0.17273013    0.26407196   -0.16781955   -0.94979082
    0.54054389   -0.83511065    0.10199271   -0.03903568   -0.14599480   -0.98851491    0.84040973    0.53035434   -0.11151570
    0.40963824   -0.89058651   -0.19761628    0.88075932    0.44253145   -0.16860882    0.23761216   -0.10498376    0.96567017
    0.56180114   -0.80978972   -0.16917473    0.38572848    0.07550549    0.91951752   -0.73184221   -0.58184150    0.35477803
    0.35502010   -0.84190469   -0.40639540   -0.47791715   -0.53706142    0.69509728   -0.80346495   -0.05255017   -0.59302829
    0.17924813   -0.56475405   -0.80555755   -0.88361846    0.26758138   -0.38421169    0.43253731    0.78067475   -0.45106364
    0.39919689   -0.54599474   -0.73656744   -0.03192705    0.79458893   -0.60630776    0.91630918    0.26555260    0.29976543
    0.69769331   -0.11871605   -0.70649171    0.70890248    0.25667699    0.65694308    0.10335048   -0.95917852    0.26323992
    0.71537517   -0.02372230   -0.69833776    0.19186727   -0.95433807    0.22896681   -0.67188193   -0.29778533   -0.67815822
    0.84252967    0.09373265   -0.53043184   -0.41731793   -0.50903644   -0.75281316   -0.34057231    0.85562614   -0.38976199
    0.74065511    0.24630733   -0.62511016   -0.59279184    0.67750702   -0.43541023    0.31627179    0.69304901    0.64780801
    0.99268428    0.03228653   -0.11634217    0.05388487    0.74383002    0.66619316    0.10804787   -0.66758856    0.73664861
    0.90748001    0.28137319   -0.31194415    0.41534966   -0.71224725    0.56585202   -0.06296578   -0.64306530   -0.76321840
    0.83670341    0.49060016   -0.24339038    0.31285140   -0.79294412   -0.52284186   -0.44950128    0.36131855   -0.81694401
    0.86323285    0.49307688   -0.10818613   -0.40610677    0.55102197   -0.72900759   -0.29984385    0.67323843    0.67590213
    0.71218711    0.67580286    0.18994739   -0.69543792    0.64233879    0.32212881    0.09568500   -0.36151261    0.92744435
    0.75404218    0.63645036    0.16233090    0.01777655   -0.26682848    0.96358007    0.65658539   -0.72369434   -0.21251383
    0.78268271    0.39828189    0.47830881    0.53401603   -0.82446236   -0.18731975    0.31974155    0.40203650   -0.85798135
    0.90342872    0.33955053    0.26176703    0.33973450   -0.19452758   -0.92018449   -0.26152822    0.92025239   -0.29109883
    0.98890986    0.14799462   -0.01244509   -0.14702763    0.98738720    0.05873156    0.02098007   -0.05625044    0.99819624
