# Rotation matrices: 87 entries, row-major flattening of 3x3 -> 1x9
# https://github.com/Neurophysics-CFIN/GFO
# Col:  1    2    3    4    5    6    7    8    9
#       R11  R12  R13  R21  R22  R23  R31  R32  R33
# where Rij = R(i,j), i = row index, j = column index

   -0.98974159    0.14286717   -0.00074179    0.14283201    0.98935298   -0.02792319   -0.00325542   -0.02774270   -0.99960980
   -0.93074100   -0.27892819   -0.23647466   -0.00153108    0.64963944   -0.76024092    0.36567589   -0.70722533   -0.60507312
   -0.97256587   -0.18585860   -0.13990075    0.21299182   -0.46961910   -0.85679192    0.09354208   -0.86308429    0.49632187
   -0.96367457    0.02875386   -0.26552690   -0.00278152   -0.99521432   -0.09767663   -0.26706476   -0.09338992    0.95914271
   -0.87647719    0.24219346   -0.41608901   -0.46663568   -0.21465943    0.85800494    0.11848575    0.94618373    0.30116020
   -0.63571250    0.74641767   -0.19680012    0.10719759    0.33784094    0.93507870    0.76444640    0.57334472   -0.29478388
   -0.64622596    0.61874875   -0.44670123    0.69635174    0.71757489   -0.01343629    0.31222790   -0.31974405   -0.89458229
   -0.83063386    0.55681896   -0.00020312    0.23021700    0.34309367   -0.91065189   -0.50699855   -0.75646505   -0.41317441
   -0.53474420    0.84490906   -0.01331609   -0.59460154   -0.38742770   -0.70452025   -0.60041456   -0.36882035    0.70955895
   -0.70786705    0.68273498    0.18109994   -0.59473834   -0.71441572    0.36864140    0.38106502    0.15324202    0.91176002
   -0.77266754    0.41002216    0.48463047    0.29958594   -0.43754052    0.84782460    0.55967235    0.80027503    0.21523648
   -0.69769902    0.66769980    0.25960171    0.69902294    0.55520362    0.45068378    0.15678966    0.49590918   -0.85410250
   -0.73903280    0.41731492    0.52884664    0.22560552    0.89300899   -0.38940608   -0.63476977   -0.16847314   -0.75411149
   -0.74866062    0.29580816    0.59329993   -0.53251590    0.26473794   -0.80395313   -0.39488490   -0.91782970   -0.04067632
   -0.76218002    0.17927924    0.62204548   -0.46526839   -0.81981660   -0.33380545    0.45011882   -0.54383794    0.70826079
   -0.84610644   -0.11958440    0.51942609    0.31003145   -0.90311248    0.29709989    0.43357167    0.41241656    0.80120421
   -0.86183719   -0.18934137    0.47051728    0.47373937    0.03078409    0.88012689   -0.18112888    0.98142864    0.06316759
   -0.65437118   -0.16516870    0.73791440    0.09345290    0.95070768    0.29567120   -0.75037652    0.26243895   -0.60668021
   -0.79379264   -0.44818738    0.41112203   -0.58177691    0.75660211   -0.29847759   -0.17728191   -0.47611062   -0.86133025
   -0.53017535   -0.41127763    0.74146126   -0.55326647   -0.49484612   -0.67009218    0.64250315   -0.76549202    0.03480909
   -0.19369198   -0.68400895    0.70328882    0.65524157   -0.62372854   -0.42617038    0.73016567    0.37827828    0.56900232
   -0.46072931   -0.85104577    0.25189205    0.87513294   -0.38831824    0.28870621   -0.14788792    0.35345444    0.92368778
   -0.24510103   -0.91416377    0.32284686   -0.04769975    0.34397184    0.93776762   -0.96832341    0.21444809   -0.12791323
   -0.31217969   -0.94780059   -0.06494518   -0.89417417    0.27004674    0.35710967   -0.32093052    0.16955469   -0.93180191
   -0.44586689   -0.85585272   -0.26214278   -0.62626725    0.50752218   -0.59178591    0.63952486   -0.09968630   -0.76227987
   -0.37419274   -0.85626625   -0.35607289    0.56859011    0.09148301   -0.81751829    0.73258794   -0.50836893    0.45263224
   -0.51256080   -0.74218990   -0.43178187    0.85048845   -0.50800133   -0.13639662   -0.11811358   -0.43713705    0.89160551
   -0.48716093   -0.64527339   -0.58846961    0.16086550   -0.72861014    0.66576990   -0.85836852    0.22967263    0.45875262
   -0.20662631   -0.56507186   -0.79874862   -0.92562582   -0.15164491    0.34672851   -0.31705268    0.81098558   -0.49171128
   -0.42554600   -0.46521285   -0.77620075   -0.68159616    0.72899083   -0.06323800    0.59526236    0.50214478   -0.62730642
   -0.38111840   -0.17112515   -0.90855102    0.65878519    0.63921608   -0.39674284    0.64865309   -0.74974595   -0.13088229
   -0.20001339   -0.14518126   -0.96897732    0.94093333   -0.30421955   -0.14864361   -0.27320158   -0.94147377    0.19745388
   -0.28894194   -0.05028385   -0.95602515   -0.13182104   -0.98701789    0.09175458   -0.94822770    0.15253598    0.27856239
   -0.33791022    0.29034435   -0.89527473   -0.92614581   -0.27190886    0.26138003   -0.16754292    0.91747792    0.36078198
   -0.31481996    0.52659449   -0.78967501   -0.45961690    0.64334951    0.61225298    0.83044608    0.55569745    0.03949246
   -0.26967093    0.43266936   -0.86027601    0.71446411    0.68886548    0.12249648    0.64561492   -0.58160259   -0.49489372
   -0.16226900    0.88506682   -0.43626311    0.85276096   -0.09665749   -0.51327972   -0.49645495   -0.45531753   -0.73906591
   -0.38612406    0.79671877   -0.46491656   -0.27117566   -0.57977262   -0.76832771   -0.88168700   -0.17059576    0.43991489
    0.30283699    0.87563072   -0.37624540   -0.95275052    0.28792297   -0.09678231    0.02358413    0.38777726    0.92145135
    0.10149888    0.95900222    0.26459918   -0.34167244   -0.21619049    0.91461556    0.93432217   -0.18323870    0.30572153
   -0.07408594    0.99709855    0.01748565    0.76713715    0.04577875    0.63984756    0.63719061    0.06081760   -0.76830290
    0.19208325    0.80209062    0.56546853    0.77478821    0.22970643   -0.58901458   -0.60233483    0.55125819   -0.57732760
   -0.03955044    0.75766261    0.65144695   -0.44494562    0.57039810   -0.69041249   -0.89468383   -0.31716459    0.31455917
   -0.18234475    0.73402697    0.65418255   -0.98148084   -0.17560703   -0.07653457    0.05870061   -0.65602331    0.75245442
    0.15820896    0.45376076    0.87696699   -0.19522933   -0.85624422    0.47825866    0.96791293   -0.24687448   -0.04687810
   -0.09650984    0.44819807    0.88870937    0.88204574   -0.37519060    0.28500408    0.46117368    0.81138801   -0.35912161
   -0.13869462   -0.05086194    0.98902824    0.57967784    0.80555214    0.12271656   -0.80295542    0.59033789   -0.08224221
    0.00640197   -0.13008891    0.99148166   -0.41383588    0.90226683    0.12105546   -0.91032899   -0.41108568   -0.04805917
   -0.10872563   -0.14288009    0.98374998   -0.95835464   -0.24782471   -0.14191302    0.26407410   -0.95821093   -0.10998490
    0.16360308   -0.57814058    0.79936694   -0.00391105   -0.81065825   -0.58550654    0.98651849    0.09266431   -0.13488733
   -0.01742870   -0.56388716    0.82566792    0.91268102   -0.34619574   -0.21716781    0.40830085    0.74978649    0.52068285
   -0.17579609   -0.79773025    0.57682076    0.57180926    0.39421752    0.71946280   -0.80133009    0.45631020    0.38684764
    0.17033020   -0.86136649    0.47857642   -0.47856748    0.35223746    0.80430214   -0.86137146   -0.36602806   -0.35222532
    0.23911708   -0.94499613    0.22317110   -0.93600888   -0.28546864   -0.20590053    0.25828356   -0.15965579   -0.95278520
    0.00956049   -0.99978493   -0.01840354   -0.07121532    0.01767688   -0.99730432    0.99741515    0.01084533   -0.07103101
    0.19049363   -0.97491915   -0.11508619    0.89812011    0.22040757   -0.38052698    0.39634890   -0.03087326    0.91758073
    0.48974640   -0.83167725   -0.26165134    0.62415074    0.12489863    0.77125624   -0.60875637   -0.54102984    0.58026062
    0.26294003   -0.89416383   -0.36239977   -0.52998680   -0.44773177    0.72017377   -0.80621122    0.00270458   -0.59162163
    0.36976439   -0.70418619   -0.60613208   -0.88427435   -0.06647638   -0.46221182    0.28518971    0.70689653   -0.64727438
    0.38885604   -0.72319973   -0.57076539    0.15470598    0.66198276   -0.73337909    0.90821641    0.19687807    0.36929931
    0.26339796   -0.38664477   -0.88381408    0.95365262    0.24253694    0.17810817    0.14549297   -0.88976494    0.43260853
    0.39736566   -0.32949456   -0.85646592    0.33111629   -0.81895805    0.46868936   -0.85584025   -0.46983087   -0.21632479
    0.43196421   -0.12357801   -0.89338424   -0.68220460   -0.69269243   -0.23403862   -0.58991847    0.71056715   -0.38352382
    0.46955094   -0.13700472   -0.87221077   -0.65239625    0.61179222   -0.44731355    0.59489583    0.77906353    0.19788625
    0.37023115    0.28012419   -0.88569709    0.26354203    0.88260100    0.38930845    0.89077185   -0.37755252    0.25294189
    0.44412871    0.46692128   -0.76467915    0.89354447   -0.16816070    0.41629348    0.06578731   -0.86816271   -0.49189992
    0.47169326    0.53523645   -0.70073348    0.32650928   -0.84422805   -0.42505375   -0.81908312   -0.02830099   -0.57297635
    0.57244340    0.75262680   -0.32536357   -0.68757717    0.22443761   -0.69055441   -0.44670593    0.61901587    0.64596684
    0.81383142    0.48758141   -0.31613730   -0.31029046    0.82460579    0.47301704    0.49132296   -0.28686174    0.82238196
    0.63617297    0.77027473   -0.04428075    0.27072398   -0.16911241    0.94768640    0.72249047   -0.61488034   -0.31611658
    0.79952883    0.60028737   -0.02021701    0.57579698   -0.77561913   -0.25859776   -0.17091367    0.19511547   -0.96577351
    0.78547577    0.61770414   -0.03833291   -0.03513272   -0.01733450   -0.99923231   -0.61789442    0.78621950    0.00808580
    0.79929700    0.52467944    0.29297747   -0.56648042    0.82056804    0.07594755   -0.20055983   -0.22667065    0.95309820
    0.84226799    0.39376036    0.36815405   -0.40528367    0.01225258    0.91410887    0.35542900   -0.91913147    0.16990460
    0.71965934    0.38116796    0.58034595    0.32983566   -0.92318455    0.19732896    0.61098190    0.04940916   -0.79010117
    0.74826605    0.24485271    0.61655906    0.66238562   -0.22440955   -0.71476264   -0.03664983    0.94323248   -0.33010496
    0.64199396    0.14936315    0.75202022   -0.00304158    0.98132932   -0.19231100   -0.76670366    0.12117517    0.63046179
    0.65736031   -0.08533654    0.74872899   -0.69605660    0.31196308    0.64667167   -0.28876052   -0.94625404    0.14567309
    0.70397723   -0.19394693    0.68322810   -0.48778070   -0.83125175    0.26662805    0.51622287   -0.52096556   -0.67978588
    0.77888578   -0.23060111    0.58323243    0.43619754   -0.46900390   -0.76796292    0.45063139    0.85255995   -0.26471284
    0.61511227   -0.46547852    0.63636989    0.77416480    0.50946563   -0.37565095   -0.14935114    0.72372268    0.67373565
    0.61835684   -0.70755689    0.34204980    0.00676958    0.44001395    0.89796542   -0.78586831   -0.55294752    0.27687550
    0.88066795   -0.39865702    0.25592292   -0.46515130   -0.62530667    0.62659863   -0.08976764   -0.67086821   -0.73612337
    0.95249047   -0.30453362   -0.00460184   -0.22471960   -0.69249688   -0.68552839    0.20557968    0.65399338   -0.72803135
    0.94573535   -0.25905261   -0.19615400    0.00668793    0.61905667   -0.78531784    0.32486908    0.74139098    0.58719631
    0.94147900    0.16999842   -0.29106327    0.01702874    0.83841504    0.54476623    0.33664123   -0.51784240    0.78645529
    0.99089127    0.07273666   -0.11333081    0.12411954   -0.16684257    0.97814002    0.05223823   -0.98329697   -0.17435089
