# Rotation matrices: 6 entries, row-major flattening of 3x3 -> 1x9
# https://github.com/Neurophysics-CFIN/GFO
# Col:  1    2    3    4    5    6    7    8    9
#       R11  R12  R13  R21  R22  R23  R31  R32  R33
# where Rij = R(i,j), i = row index, j = column index

   -0.63277280    0.51221459    0.58071921    0.54847152    0.82587322   -0.13081444   -0.54660551    0.23573212   -0.80352522
   -0.48302475   -0.67025992   -0.56341702    0.38504690    0.41530862   -0.82417088    0.78640065   -0.61503691    0.05747716
    0.12002062    0.24017565   -0.96328122    0.55855360   -0.81849396   -0.13448241   -0.82073926   -0.52190353   -0.23238713
   -0.39689483    0.90377042   -0.16022962   -0.71693802   -0.41425450   -0.56070766   -0.57312684   -0.10766726    0.81236284
    0.66710885    0.62472730   -0.40580979   -0.72198069    0.40792786   -0.55887275   -0.18360195    0.66581579    0.72317333
    0.88038352   -0.09797695    0.46403165   -0.39008953    0.40687289    0.82600521   -0.26973137   -0.90821526    0.31998441
