# Rotation matrices: 97 entries, row-major flattening of 3x3 -> 1x9
# https://github.com/Neurophysics-CFIN/GFO
# Col:  1    2    3    4    5    6    7    8    9
#       R11  R12  R13  R21  R22  R23  R31  R32  R33
# where Rij = R(i,j), i = row index, j = column index

   -0.87926061   -0.35535410   -0.31721326   -0.39106815    0.91873015    0.05477795    0.27196781    0.17221609   -0.94677089
   -0.88256379   -0.33123895   -0.33370932    0.07053097    0.60843419   -0.79046392    0.46487260   -0.72117168   -0.51361938
   -0.97954759    0.03790688   -0.19760970    0.15789222   -0.46396361   -0.87166955   -0.12472599   -0.88504284    0.44848924
   -0.89332664    0.06306455   -0.44496110   -0.08779962   -0.99551689    0.03517591   -0.44074794    0.07049099    0.89485880
   -0.89471583    0.09159690   -0.43714253   -0.43252129   -0.42179983    0.79687530   -0.11139534    0.90205039    0.41700859
   -0.94124084    0.30707913   -0.14059905    0.10821382    0.66855808    0.73574443    0.31993038    0.67729795   -0.66250437
   -0.94403919    0.24122317   -0.22494754    0.29619311    0.92007140   -0.25639473    0.14511945   -0.30867458   -0.94003210
   -0.91991964    0.39181033   -0.01524857    0.16702403    0.35637338   -0.91929375   -0.35475460   -0.84822325   -0.39327661
   -0.78941919    0.61261538    0.03898383   -0.44697494   -0.53012222   -0.72054412   -0.42075022   -0.58623615    0.69231238
   -0.76003734    0.63866797   -0.12019343   -0.62831104   -0.67488421    0.38698390    0.16603758    0.36964108    0.91421934
   -0.51703952    0.60773391    0.60276831    0.26944954   -0.55283961    0.78852096    0.81244513    0.57011214    0.12208630
   -0.60777983    0.59223143    0.52902326    0.78900815    0.52572462    0.31793044   -0.08983215    0.61063537   -0.78680025
   -0.55488711    0.60867413    0.56711207    0.22101001    0.76504372   -0.60486584   -0.80203172   -0.21029481   -0.55903597
   -0.59349674    0.25202392    0.76435958   -0.66151285    0.38820286   -0.64163797   -0.45843469   -0.88644373   -0.06368007
   -0.56334292    0.30232736    0.76892323   -0.63544635   -0.75334479   -0.16935041    0.52806504   -0.58401182    0.61650427
   -0.69460269    0.02099099    0.71908725    0.25390069   -0.92809546    0.27234768    0.67309846    0.37175018    0.63932798
   -0.59792532   -0.05055891    0.79995569    0.80128937   -0.06323948    0.59492530    0.02051001    0.99671689    0.07832481
   -0.66287299   -0.03768105    0.74778308    0.23434685    0.93811093    0.25500871   -0.71111247    0.34427900   -0.61301796
   -0.71463595   -0.39908638    0.57447848   -0.56028387    0.81826715   -0.12853348   -0.41878091   -0.41372567   -0.80836478
   -0.66925550   -0.45519746    0.58727536   -0.53652443   -0.25074440   -0.80577217    0.51404145   -0.85435503   -0.07641249
   -0.73446454   -0.46596284    0.49339687    0.33955881   -0.88179952   -0.32730631    0.58758970   -0.07285763    0.80587226
   -0.73613991   -0.61130935    0.29051491    0.66520613   -0.57425465    0.47721317   -0.12489534    0.54454796    0.82937849
   -0.68788353   -0.68856033    0.22956680   -0.00030231    0.31655744    0.94857330   -0.72582102    0.65243855   -0.21796281
   -0.81701868   -0.57614421    0.02320194   -0.51963886    0.75313638    0.40343653   -0.24991185    0.31755856   -0.91471342
   -0.58401693   -0.78860239   -0.19243311   -0.52605047    0.54823021   -0.65016501    0.61821932   -0.27847784   -0.73502038
   -0.51741084   -0.82747570   -0.21810544    0.65118406   -0.21536575   -0.72772035    0.55519847   -0.51855718    0.65027157
   -0.51817903   -0.55518649   -0.65058317    0.84197545   -0.46474837   -0.27401879   -0.15022594   -0.68976584    0.70827625
   -0.37912876   -0.63512583   -0.67296105    0.00215119   -0.72785804    0.68572447   -0.92534143    0.25853020    0.27731819
   -0.30794674   -0.63390282   -0.70946178   -0.93450835    0.06162771    0.35056550   -0.17850196    0.77095346   -0.61136553
   -0.39315794   -0.13652708   -0.90927839   -0.51675982    0.85076510    0.09569759    0.76051701    0.50750281   -0.40503676
   -0.45252737   -0.22360902   -0.86326009    0.63287592    0.60146374   -0.48755456    0.62824124   -0.76696830   -0.13066204
   -0.19763633   -0.06581763   -0.97806335    0.84050025   -0.52484631   -0.13452017   -0.50447914   -0.84864857    0.15904844
   -0.42216704    0.30949892   -0.85204777    0.03068662   -0.93449486   -0.35465150   -0.90599852   -0.17586864    0.38501546
   -0.36369006    0.28813157   -0.88583844   -0.90893747   -0.31788976    0.26977543   -0.20386815    0.90328639    0.37750693
   -0.25325713    0.47668984   -0.84180023   -0.42114265    0.72905842    0.53954859    0.87091888    0.49116251    0.01611518
   -0.38652715    0.68334657   -0.61938214    0.59660135    0.69740139    0.39711224    0.70332325   -0.21602955   -0.67725006
   -0.22101880    0.76974667   -0.59886623    0.89924176   -0.07684614   -0.43064942   -0.37751152   -0.63370714   -0.67520391
   -0.36608582    0.84930721   -0.38033990   -0.22165251   -0.47653068   -0.85075771   -0.90379828   -0.22714704    0.36270220
   -0.23996299    0.90477089   -0.35186275   -0.96409615   -0.26457123   -0.02281843   -0.11373822    0.33375395    0.93577343
   -0.17268363    0.97213558    0.15853318   -0.21289966   -0.19398473    0.95762397    0.96169335    0.13161433    0.24046532
   -0.30924710    0.94898195    0.06163992    0.84390465    0.24396966    0.47781142    0.43839614    0.19978001   -0.87629719
    0.17609219    0.92398529    0.33947420    0.73529453    0.10582039   -0.66943558   -0.65447192    0.36749590   -0.66076718
   -0.27846227    0.81493516    0.50827104   -0.35096024    0.40626801   -0.84366653   -0.89402778   -0.41331222    0.17287953
   -0.01553362    0.77928441    0.62647787   -0.99951051   -0.02911884    0.01143830    0.02715600   -0.62599353    0.77935528
    0.14561200    0.39323206    0.90783572   -0.23361242   -0.87800100    0.41777924    0.96136485   -0.27291537   -0.03598359
   -0.15821252    0.34841004    0.92389352    0.89406306   -0.34656822    0.28379873    0.41907046    0.87091958   -0.25666912
    0.06493060    0.07245623    0.99525580    0.67346802    0.73278675   -0.09728519   -0.73635918    0.67658974   -0.00121668
   -0.01695494   -0.15122687    0.98835366   -0.63463478    0.76547520    0.10623750   -0.77262619   -0.62544236   -0.10895242
   -0.03549027   -0.31497985    0.94843457   -0.96997486   -0.21762608   -0.10857101    0.24060178   -0.92381090   -0.29779892
    0.01195011   -0.57880248    0.81538021   -0.08100806   -0.81331846   -0.57615169    0.99664181   -0.05916730   -0.05660691
   -0.00723908   -0.58324783    0.81226200    0.91365762   -0.33399479   -0.23168349    0.40642017    0.74045219    0.53530664
   -0.13478613   -0.72125343    0.67943078    0.52568878    0.52918397    0.66604477   -0.83993095    0.44694274    0.30782818
    0.00845559   -0.92477726    0.38041494   -0.47511619    0.33102891    0.81528184   -0.87988244   -0.18763499   -0.43657760
   -0.07900256   -0.93447267    0.34715908   -0.88710014   -0.09296549   -0.45211809    0.45476581   -0.34368335   -0.82162632
   -0.01902862   -0.99543512    0.09352456    0.05270808   -0.09441017   -0.99413710    0.99842865   -0.01398755    0.05426397
    0.21667741   -0.96916869   -0.11731557    0.93174228    0.24117017   -0.27146504    0.29138843   -0.05048754    0.95527158
   -0.09066687   -0.96593822   -0.24236929    0.39731805   -0.25824895    0.88059403   -0.91319104   -0.01645699    0.40719932
   -0.02062804   -0.87732919   -0.47944550   -0.63019894   -0.36087472    0.68747271   -0.77615963    0.31632726   -0.54544779
    0.19292219   -0.74545087   -0.63803137   -0.82392563    0.23004405   -0.51790567    0.53284855    0.62560590   -0.56981548
    0.07429032   -0.63002002   -0.77301729    0.17318231    0.77153167   -0.61216564    0.98208392   -0.08839494    0.16642566
    0.10603709   -0.41212418   -0.90493635    0.97215049    0.23424582    0.00723326    0.20899655   -0.88050131    0.42548546
    0.28427997   -0.31213078   -0.90650939    0.44313240   -0.79568603    0.41293755   -0.85018737   -0.51909356   -0.08788234
    0.19776065   -0.05380312   -0.97877267   -0.64571709   -0.75839828   -0.08877775   -0.73752300    0.64956698   -0.18472293
    0.32612114    0.25005240   -0.91165717   -0.86254472    0.47336812   -0.17871546    0.38686122    0.84462798    0.37005673
    0.39346931    0.22085336   -0.89241565    0.17052308    0.93633843    0.30690753    0.90338463   -0.27293616    0.33075984
    0.35288875    0.48514123   -0.80006720    0.93459819   -0.14193754    0.32615939    0.04467379   -0.86283934   -0.50350028
    0.40198821    0.60325060   -0.68883539    0.32649173   -0.79728005   -0.50768856   -0.85545814   -0.02081424   -0.51745351
    0.46110553    0.74356656   -0.48424215   -0.68803179   -0.04501689   -0.72428291   -0.56035163    0.66714485    0.49083989
    0.27780355    0.88068879   -0.38368273   -0.74587296    0.44944846    0.49159903    0.60539137    0.14961061    0.78174034
    0.35047550    0.87107052   -0.34409748    0.52604789    0.12088694    0.84181944    0.77488099   -0.47604884   -0.41585690
    0.34094122    0.93956079   -0.03137846    0.93794913   -0.34222572   -0.05597314   -0.06332869   -0.01034785   -0.99793908
    0.49231785    0.87020006    0.01936449    0.07916576   -0.02261085   -0.99660500   -0.86680789    0.49217944   -0.08002177
    0.47895571    0.84128369    0.25068542   -0.81594554    0.53197722   -0.22634735   -0.32378126   -0.09613529    0.94123520
    0.72767369    0.53291466    0.43184830   -0.47850060   -0.05670096    0.87625463    0.49145516   -0.84426711    0.21374019
    0.43754493    0.60083656    0.66899167    0.45367697   -0.78986084    0.41267064    0.77635793    0.12294417   -0.61818532
    0.77396546    0.36893899    0.51464695    0.59441872   -0.14314892   -0.79131206   -0.21827472    0.91836398   -0.33009656
    0.66166985    0.18815266    0.72580410    0.03846290    0.95821108   -0.28346452   -0.74880813    0.21547646    0.62678248
    0.68148931    0.05840513    0.72949377   -0.70421818    0.32355478    0.63197236   -0.19912077   -0.94440518    0.26162908
    0.56790513   -0.13758818    0.81151294   -0.58436352   -0.76173066    0.27979578    0.57965770   -0.63311602   -0.51299226
    0.73272594   -0.21250908    0.64649253    0.43605509   -0.58273192   -0.68576926    0.52246403    0.78438728   -0.33431713
    0.65555541   -0.46729380    0.59319778    0.71735307    0.63076293   -0.29587616   -0.23590608    0.61949546    0.74871470
    0.72441779   -0.49970866    0.47487906    0.01412982    0.69948694    0.71450568   -0.68921638   -0.51089067    0.51378158
    0.57840141   -0.61840391    0.53200414   -0.79015228   -0.26261495    0.55379848   -0.20275891   -0.74068211   -0.64053012
    0.62860821   -0.71551779    0.30477207   -0.40320386   -0.63493054   -0.65900672    0.66504013    0.29137175   -0.68762209
    0.58026220   -0.81091836    0.07554598    0.56928677    0.33752063   -0.74966153    0.58241597    0.47800757    0.65749555
    0.46659556   -0.88117239   -0.07631380    0.80577021    0.38791302    0.44750179   -0.36472311   -0.27029374    0.89102096
    0.64804903   -0.72112597   -0.24496896   -0.15013235   -0.43629928    0.88718838   -0.74665436   -0.53816380   -0.39100766
    0.73893579   -0.60141167   -0.30377280   -0.66989335   -0.70410307   -0.23554567   -0.07222745    0.37754850   -0.92316863
    0.84268258   -0.37091355   -0.39026812   -0.29020262    0.29764404   -0.90950012    0.45350689    0.87967674    0.14317937
    0.97259982   -0.15247652   -0.17550069    0.19465000    0.94685262    0.25608883    0.12712576   -0.28323316    0.95058825
    0.93594763   -0.11541352   -0.33268867    0.33165002   -0.02865722    0.94296714   -0.11836509   -0.99290407    0.01145524
    0.89155267   -0.15761609   -0.42460688   -0.15394791   -0.98713489    0.04318271   -0.42595056    0.02686768   -0.90434742
    0.92776000    0.08443438   -0.36349996   -0.35561813   -0.09524125   -0.92976602   -0.11312441    0.99186690   -0.05833463
    0.94424196    0.16686130   -0.28383872   -0.21373365    0.96638164   -0.14291418    0.25044968    0.19561145    0.94816197
    0.95366993    0.28964170    0.08137169   -0.10903612    0.08066765    0.99075923    0.28040113   -0.95372974    0.10851172
    0.96034019    0.25156673   -0.12025346    0.27361539   -0.76720504    0.58011295    0.05367806   -0.59000898   -0.80561037
    0.87178602    0.48980515   -0.00894688    0.26110770   -0.48003369   -0.83749056   -0.41450199    0.72777646   -0.54637855
