# Rotation matrices: 75 entries, row-major flattening of 3x3 -> 1x9
# https://github.com/Neurophysics-CFIN/GFO
# Col:  1    2    3    4    5    6    7    8    9
#       R11  R12  R13  R21  R22  R23  R31  R32  R33
# where Rij = R(i,j), i = row index, j = column index

   -0.99720576   -0.01481280   -0.07322058   -0.02714051    0.98500784    0.17036123    0.06959932    0.17187245   -0.98265752
   -0.88495335   -0.12384813   -0.44890891    0.28793506    0.61210659   -0.73649095    0.36599313   -0.78101675   -0.50602556
   -0.85133957    0.05166187   -0.52206511    0.46243797   -0.39602493   -0.79329401   -0.24773385   -0.91678531    0.31326128
   -0.66898527    0.15666988   -0.72657639   -0.16905963   -0.98398421   -0.05651476   -0.72379386    0.08502719    0.68475749
   -0.80250596    0.29235162   -0.52011029   -0.59436198   -0.31554724    0.73970519    0.05213464    0.90275161    0.42699123
   -0.83641156    0.47538484   -0.27280937    0.09339991    0.61407498    0.78370171    0.54008533    0.63001680   -0.55802031
   -0.66716829    0.52787086   -0.52558427    0.66614690    0.73855858   -0.10382452    0.33336884   -0.41938476   -0.84438240
   -0.81453459    0.54149133    0.20813585   -0.02725097    0.32267236   -0.94611835   -0.57947457   -0.77631803   -0.24807164
   -0.83017231    0.54871040   -0.09864494   -0.35117214   -0.65209756   -0.67189798   -0.43300354   -0.52314975    0.73404515
   -0.90524902    0.40673820    0.12283427   -0.34461535   -0.87198543    0.34768041    0.24852460    0.27240677    0.92953218
   -0.94121518    0.16965057    0.29211757    0.26696440   -0.15630471    0.95094629    0.20698793    0.97303007    0.10182570
   -0.79092183    0.51250036    0.33434420    0.61028876    0.70049486    0.36993862   -0.04461272    0.49663904   -0.86680988
   -0.79003175    0.16035139    0.59172398   -0.01850573    0.95851086   -0.28445469   -0.61278656   -0.23567852   -0.75428659
   -0.67341688    0.40469284    0.61865452   -0.59033007    0.20935948   -0.77953769   -0.44499451   -0.89016420    0.09791615
   -0.34191484    0.30849206    0.88765246   -0.62736681   -0.77819133    0.02879485    0.69964643   -0.54703831    0.45961284
   -0.18253696   -0.09132862    0.97894808    0.43931213   -0.89833249   -0.00189261    0.87959372    0.42971829    0.20410065
   -0.43519183   -0.02017730    0.90011163    0.89878644    0.04892705    0.43564789   -0.05283001    0.99859853   -0.00315757
   -0.34125272   -0.35160004    0.87173619    0.05387170    0.91856689    0.39157720   -0.93842657    0.18058870   -0.29452216
   -0.31586070   -0.65681803    0.68470584   -0.86427916    0.49692960    0.07799043   -0.39147612   -0.56714288   -0.72463467
   -0.55378133   -0.42814453    0.71415579   -0.67698086   -0.26784766   -0.68553231    0.48479187   -0.86310480   -0.14151662
   -0.48032297   -0.77020713    0.41960794    0.48755119   -0.63214655   -0.60223299    0.72909786   -0.08468599    0.67914991
   -0.52792491   -0.64364457    0.55409111    0.84790983   -0.36224957    0.38707128   -0.04841706    0.67416386    0.73699313
   -0.48303075   -0.84432947    0.23192462    0.07602471    0.22343233    0.97175009   -0.87229670    0.48701718   -0.04373479
   -0.34094273   -0.94003202   -0.00989239   -0.78877909    0.28032773    0.54703192   -0.51145441    0.19430947   -0.83705330
   -0.40932179   -0.89570020    0.17371478   -0.67978916    0.17240003   -0.71285688    0.60855762   -0.40987728   -0.67945437
   -0.38308832   -0.87456066   -0.29729949    0.44361001    0.10812042   -0.88967417    0.81021818   -0.47270882    0.34654419
   -0.42237072   -0.83564733   -0.35113603    0.82919527   -0.51268331    0.22269042   -0.36611224   -0.19710242    0.90945723
   -0.54634611   -0.64609704   -0.53297707   -0.16505382   -0.54081296    0.82479002   -0.82113529    0.53859072    0.18883027
   -0.61795263   -0.27519034   -0.73648138   -0.74013343   -0.11237056    0.66300480   -0.26521135    0.95480005   -0.13423789
   -0.28581549   -0.49402656   -0.82112561   -0.40382946    0.83916397   -0.36431524    0.86904043    0.22746777   -0.43934854
    0.04210199   -0.24553760   -0.96847236    0.67301424    0.72338893   -0.15414373    0.73843026   -0.64530593    0.19570642
   -0.15844206    0.07387743   -0.98460055    0.89622393   -0.40770517   -0.17481178   -0.41434138   -0.91012011   -0.00161307
    0.01836254    0.12842617   -0.99154906   -0.14843671   -0.98037605   -0.12972794   -0.98875142    0.14956441    0.00106096
    0.11440460    0.44058707   -0.89039015   -0.99116169   -0.00996694   -0.13228444   -0.06715728    0.89765455    0.43555276
   -0.02364176    0.66252368   -0.74866777   -0.32642591    0.70271634    0.63216759    0.94492708    0.25933011    0.19965145
   -0.06210197    0.72593762   -0.68495104    0.72578174    0.50393436    0.46828520    0.68511621   -0.46804352   -0.55816758
    0.00122324    0.87449066   -0.48504081    0.80457039   -0.28890551   -0.51884496   -0.59385604   -0.38961480   -0.70394269
   -0.01576553    0.95795426   -0.28648751   -0.32956034   -0.27549074   -0.90304753   -0.94400288    0.08017790    0.32004698
   -0.07550995    0.98152801   -0.17578685   -0.98585266   -0.04702962    0.16088116    0.14964218    0.18544806    0.97119320
   -0.04077819    0.98847707    0.14577454   -0.31876695   -0.15114229    0.93570489    0.94695553   -0.00831176    0.32125713
    0.08994776    0.96525567    0.24533831    0.74274621   -0.22912383    0.62915049    0.66350393    0.12563342   -0.73754917
    0.05332595    0.82936336    0.55615894    0.85010788    0.25449892   -0.46102808   -0.52390165    0.49737986   -0.69147693
   -0.14535665    0.81300851    0.56381611   -0.21569442    0.53012107   -0.82002900   -0.96558136   -0.24080866    0.09830477
    0.06180330    0.73162338    0.67890174   -0.99805801    0.05060509    0.03632250   -0.00778149   -0.67982818    0.73333014
    0.28482861    0.50152022    0.81691501   -0.04779360   -0.84372519    0.53464341    0.95738625   -0.19132505   -0.21634761
    0.02559204    0.42287271    0.90582764    0.87542447   -0.44698889    0.18393731    0.48267696    0.78827635   -0.38163248
    0.45040104    0.19402598    0.87148886    0.60979216    0.64611978   -0.45900190   -0.65214448    0.73816201    0.17269750
    0.38205978   -0.09288412    0.91945792   -0.47392285    0.83445183    0.28122460   -0.79336464   -0.54319673    0.27479058
    0.47125969   -0.20455361    0.85794646   -0.87621135   -0.21978912    0.42888974    0.10083635   -0.95386087   -0.28280995
    0.35077117   -0.49607110    0.79427518   -0.33333809   -0.85875573   -0.38913278    0.87512588   -0.12826561   -0.46658614
    0.32915047   -0.55048540    0.76721952    0.79333497   -0.27944689   -0.54085956    0.51213240    0.78668625    0.34473924
    0.61792251   -0.69408968    0.36933900    0.63984374    0.71692308    0.27680548   -0.45691548    0.06527491    0.88711185
    0.49434072   -0.73983325    0.45637048   -0.42219870    0.25457466    0.87002299   -0.75985230   -0.62276681   -0.18651001
    0.26455424   -0.91932360    0.29129911   -0.94297724   -0.30987322   -0.12154220    0.20200241   -0.24253393   -0.94887951
    0.52386407   -0.84696896    0.09060916   -0.10315151   -0.16866962   -0.98026034    0.84553309    0.50417670   -0.17572608
    0.38593660   -0.89494192   -0.22390153    0.88572295    0.42732965   -0.18134008    0.25796861   -0.12832895    0.95759275
    0.51545938   -0.85220114   -0.08974883    0.40118351    0.14744896    0.90405232   -0.75720104   -0.50200800    0.41789299
    0.41973670   -0.85354259   -0.30868453   -0.60537487   -0.51666301    0.60545900   -0.67627092   -0.06726351   -0.73357567
    0.53405529   -0.60611954   -0.58940993   -0.81353548   -0.17868401   -0.55338236    0.23009773    0.77504267   -0.58852689
    0.39443140   -0.66197038   -0.63735319    0.23713245    0.74341700   -0.62537938    0.88780182    0.09553214    0.45020167
    0.31687437   -0.45023590   -0.83479235    0.92846032    0.32707187    0.17602675    0.19378353   -0.83084994    0.52166687
    0.60599475   -0.11265934   -0.78745046    0.38973097   -0.82092075    0.41737142   -0.69345521   -0.55981872   -0.45356683
    0.75993171    0.07794983   -0.64531204   -0.53535599   -0.48798901   -0.68939153   -0.36864313    0.86936215   -0.32910741
    0.70290665    0.28361215   -0.65229317   -0.63296496    0.66775034   -0.39174589    0.32446509    0.68823952    0.64888271
    0.94811837    0.15082519   -0.27986303    0.08418281    0.72977302    0.67848699    0.30656942   -0.66684564    0.67921432
    0.93258577    0.16777380   -0.31958682    0.33265290   -0.74314430    0.58058471   -0.14009222   -0.64775652   -0.74885624
    0.80972892    0.47021857   -0.35104639    0.14159820   -0.73712712   -0.66075227   -0.56946380    0.48532268   -0.66345525
    0.80251050    0.58867289   -0.09716550   -0.47235327    0.52736744   -0.70623365   -0.36449869    0.61265636    0.70127947
    0.85873008    0.50562120   -0.08324576   -0.46476365    0.83692753    0.28904509    0.21581800   -0.20952211    0.95368919
    0.76392898    0.63119168    0.13419979    0.16502207   -0.39213730    0.90498401    0.62384312   -0.66919758   -0.40372560
    0.68714712    0.58685397    0.42828874    0.70955766   -0.66872858   -0.22210362    0.15606653    0.45651342   -0.87592165
    0.84064550    0.47729448    0.25593967    0.28337705    0.01508155   -0.95888998   -0.46153287    0.87861398   -0.12257606
    0.71804026    0.33017414    0.61270158   -0.41868280    0.90813163    0.00128860   -0.55598822   -0.25745288    0.79031330
    0.97561111    0.09807829    0.19637619   -0.21910646    0.38115779    0.89817097    0.01324076   -0.91929287    0.39335136
    0.98723013   -0.10315801    0.12138820   -0.13190701   -0.95659977    0.25984116    0.08931523   -0.27253497   -0.95799138
