# Rotation matrices: 15 entries, row-major flattening of 3x3 -> 1x9
# https://github.com/Neurophysics-CFIN/GFO
# Col:  1    2    3    4    5    6    7    8    9
#       R11  R12  R13  R21  R22  R23  R31  R32  R33
# where Rij = R(i,j), i = row index, j = column index

    0.25147737   -0.08620585    0.96401643    0.20401119    0.97836854    0.03427005   -0.94611763    0.18805200    0.26362451
   -0.82543416   -0.03024058   -0.56368782    0.41215659    0.65004265   -0.63841327    0.38572711   -0.75929577   -0.52410355
   -0.32800766    0.54666391   -0.77043464    0.39375451   -0.66221656   -0.63751597   -0.85870155   -0.51247224    0.00196072
    0.71313451    0.24656623   -0.65623491   -0.69903757    0.17963499   -0.69215442   -0.05277915    0.95233207    0.30046297
    0.97884443    0.12603795   -0.16117694   -0.17034699    0.93836774   -0.30074556    0.11333789    0.32183912    0.93998623
    0.48866366    0.49317175   -0.71971484    0.38698130    0.61681429    0.68540908    0.78195480   -0.61345069    0.11056648
    0.50680610    0.85428346    0.11553072    0.63930976   -0.46236365    0.61441264    0.57829976   -0.23752815   -0.78048047
    0.01508821    0.89825100   -0.43922373    0.80702098   -0.27028602   -0.52503582   -0.59032998   -0.34654091   -0.72898553
   -0.67274972    0.69639090   -0.24989506   -0.21328041   -0.50595275   -0.83577705   -0.70846262   -0.50897105    0.48890611
   -0.46255677    0.73872579    0.49022999   -0.78544695   -0.59791909    0.15989322    0.41123511   -0.31108996    0.85680144
   -0.87082564    0.47016524    0.14355262    0.00143293   -0.28958682    0.95715068    0.49158992    0.83371705    0.25150591
   -0.32973643    0.33400562    0.88301423    0.90046511    0.39225450    0.18788026   -0.28361325    0.85707447   -0.43010101
    0.06040072    0.98674275    0.15063368    0.42307804    0.11137546   -0.89922215   -0.90407783    0.11804347   -0.41074203
    0.79094621    0.47925067    0.38042462   -0.53817933    0.84070367    0.05983604   -0.29114792   -0.25206376    0.92287418
   -0.15448146   -0.51908708   -0.84064504    0.98192663   -0.17482971   -0.07248912   -0.10934157   -0.83664997    0.53671338
