# Rotation matrices: 59 entries, row-major flattening of 3x3 -> 1x9
# https://github.com/Neurophysics-CFIN/GFO
# Col:  1    2    3    4    5    6    7    8    9
#       R11  R12  R13  R21  R22  R23  R31  R32  R33
# where Rij = R(i,j), i = row index, j = column index

   -0.94258538   -0.33105781   -0.04397188   -0.33207791    0.91512059    0.22864506   -0.03545516    0.23011958   -0.97251628
   -0.95915970   -0.28242320   -0.01580529   -0.05359816    0.23632408   -0.97019491    0.27774072   -0.92972473   -0.24180990
   -0.89107192    0.08957353   -0.44493530    0.33280863   -0.53759688   -0.77474384   -0.30859237   -0.83843078    0.44922664
   -0.91136555   -0.09561357   -0.40033846   -0.04393254   -0.94449109    0.32558643   -0.40924659    0.31431614    0.85657609
   -0.88252007    0.25541476   -0.39486912   -0.46515239   -0.59768353    0.65299897   -0.06922119    0.75995901    0.64627450
   -0.88320972    0.36561504   -0.29371115    0.10456638    0.76403637    0.63664299    0.45717225    0.53157696   -0.71303539
   -0.42271434    0.78959550   -0.44480506    0.90505454    0.39314315   -0.16221818    0.04678532   -0.47114478   -0.88081424
   -0.47761480    0.87104059    0.11477109    0.44714234    0.35344579   -0.82166891   -0.75627233   -0.34112222   -0.55829007
   -0.47406004    0.88011056    0.02593215   -0.71629675   -0.36836178   -0.59264540   -0.51204106   -0.29952462    0.80504593
   -0.58335497    0.71900676    0.37779129   -0.61211235   -0.69491432    0.37737587    0.53386838   -0.01110663    0.84549464
   -0.46646683    0.65067855    0.59918789    0.48805325   -0.37562421    0.78785181    0.73770775    0.65994233   -0.14234955
   -0.32840743    0.77095614    0.54568781    0.92310833    0.38433505    0.01255327   -0.20004894    0.50785155   -0.83789452
   -0.52030245    0.24112491    0.81923387    0.07811776    0.96872688   -0.23551190   -0.85040166   -0.05854070   -0.52286710
   -0.80313037    0.21315539    0.55636893   -0.50932365    0.23890566   -0.82674876   -0.30914564   -0.94735889   -0.08330731
   -0.61599309    0.37626568    0.69208139   -0.65677051   -0.73041980   -0.18745511    0.43497702   -0.57000970    0.69705375
   -0.40180389   -0.13288878    0.90603212    0.22329718   -0.97376601   -0.04379635    0.88808333    0.18471688    0.42093666
   -0.51738178    0.06731996    0.85310264    0.83835149    0.23989989    0.48950468   -0.17170580    0.96846067   -0.18055762
   -0.46323230   -0.60465776    0.64792348    0.06402841    0.70635061    0.70496041   -0.88392092    0.36804594   -0.28848914
   -0.69362198   -0.42486010    0.58170650   -0.63785896    0.73747945   -0.22194596   -0.33470061   -0.52499330   -0.78253278
   -0.70040717   -0.34471637    0.62498034   -0.45843534   -0.45386395   -0.76409721    0.54705286   -0.82169224    0.15985940
   -0.62768801   -0.75738559    0.17993008    0.42861354   -0.52918512   -0.73229335    0.64984474   -0.38253129    0.65678887
   -0.42656313   -0.73566814    0.52615233    0.86784952   -0.16908457    0.46716980   -0.25471770    0.65589846    0.71057449
    0.05733952   -0.95198896    0.30071450   -0.15879184    0.28867915    0.94416603   -0.98564564   -0.10188903   -0.13461536
   -0.04598677   -0.99444932   -0.09463490   -0.82419551   -0.01575687    0.56608610   -0.56443509    0.10403014   -0.81889606
    0.04709762   -0.99719224   -0.05821895   -0.62024562    0.01649151   -0.78423428    0.78299246    0.07304562   -0.61772741
   -0.25294010   -0.88529387   -0.39022567    0.62964313    0.15560382   -0.76114189    0.73455486   -0.43822622    0.51806075
   -0.00434595   -0.92074008   -0.39015231    0.96200006   -0.11036882    0.24974910   -0.27301466   -0.37424115    0.88623166
   -0.07754198   -0.63525285   -0.76840163    0.03766187   -0.77203850    0.63445894   -0.99627748    0.02025776    0.08379021
    0.05174685   -0.65091711   -0.75738311   -0.97075709   -0.21080850    0.11484972   -0.23442044    0.72929191   -0.64279108
    0.06926741   -0.42991258   -0.90020953   -0.45780714    0.78804790   -0.41157398    0.88634906    0.44063101   -0.14223101
   -0.04860563   -0.16448837   -0.98518073    0.61092647    0.77543134   -0.15960919    0.79019386   -0.60963089    0.06279997
   -0.00963288   -0.14803750   -0.98893483    0.91042768   -0.41031640    0.05255369   -0.41355610   -0.89984740    0.13872996
    0.15824626    0.28392275   -0.94569868   -0.20732881   -0.92686073   -0.31296000   -0.96538743    0.24559533   -0.08780688
    0.10259660    0.33732876   -0.93577949   -0.99414465    0.06684849   -0.08489814    0.03391686    0.93901043    0.34221200
   -0.14201403    0.49844212   -0.85521194   -0.52945527    0.69174391    0.49108807    0.83636663    0.52253786    0.16566546
    0.04948302    0.64788464   -0.76012954    0.79965831    0.43028844    0.41880596    0.59841291   -0.62856769   -0.49679437
    0.15128424    0.90393660   -0.40001463    0.88188882   -0.30622485   -0.35846681   -0.44652569   -0.29853805   -0.84349857
   -0.01516657    0.86610675   -0.49962893   -0.32608063   -0.47665240   -0.81637854   -0.94522029    0.15053766    0.28964982
    0.63708235    0.76445036   -0.09870020   -0.75983304    0.60133180   -0.24709071   -0.12953701    0.23241280    0.96395251
    0.70816108    0.69655742    0.11539344   -0.19974207    0.04088672    0.97899509    0.67720823   -0.71633514    0.16808620
    0.43160937    0.90206016    0.00090281    0.72788238   -0.34886122    0.59032456    0.53282322   -0.25413247   -0.80716547
    0.81276119    0.38627844    0.43612867    0.56856299   -0.36258389   -0.73842335   -0.12710379    0.84812846   -0.51431774
    0.44300671    0.75266232    0.48707749   -0.23206737    0.62105483   -0.74862249   -0.86596177    0.21861000    0.44979982
    0.46847326    0.59006564    0.65753733   -0.87582473    0.40792750    0.25792674   -0.11603385   -0.69671923    0.70789721
    0.67161702    0.53273584    0.51490106   -0.09538675   -0.62701139    0.77314816    0.73473257   -0.56837420   -0.37029558
    0.48718857    0.24125399    0.83931151    0.70739950   -0.67258571   -0.21728877    0.51208715    0.69958915   -0.49833902
    0.60100661    0.16990684    0.78097549    0.43499719    0.75020345   -0.49796810   -0.67049870    0.63900426    0.37696824
    0.37248882   -0.01624176    0.92789454   -0.45604257    0.86759389    0.19825746   -0.80825568   -0.49700810    0.31576209
    0.54926335   -0.18811301    0.81420100   -0.80774135   -0.36921502    0.45960220    0.21415809   -0.91010646   -0.35474293
    0.54189421   -0.38207501    0.74857822   -0.00002531   -0.89069830   -0.45459491    0.84044671    0.24632340   -0.48267392
    0.39620260   -0.55509494    0.73136386    0.84760458   -0.08509610   -0.52376057    0.35297306    0.82742266    0.43678572
    0.61838102   -0.65316515    0.43701283    0.53923784    0.75717649    0.36865475   -0.57168827    0.00768475    0.82043493
    0.58994798   -0.77077719    0.24054918   -0.43885716   -0.05601645    0.89680909   -0.67776528   -0.63463744   -0.37130788
    0.86603816   -0.49859421   -0.03717144   -0.49922767   -0.85827417   -0.11889990    0.02737952    0.12152886   -0.99221021
    0.84158855   -0.51198303   -0.17205257    0.02660719    0.35745727   -0.93355040    0.53946341    0.78108749    0.31445438
    0.97520445   -0.13954007   -0.17176978    0.13013876    0.98937056   -0.06488301    0.17899774    0.04092029    0.98299814
    0.93899204   -0.21709134   -0.26676826    0.29299667    0.09868189    0.95100727   -0.18013025   -0.97115047    0.15626855
    0.84439052    0.16682584   -0.50909114    0.42113860   -0.79406175    0.43830152   -0.33112978   -0.58449558   -0.74075501
    0.93645169    0.27733811   -0.21480642   -0.15747797   -0.21481395   -0.96387533   -0.31346278    0.93644997   -0.15748825
