# Rotation matrices: 26 entries, row-major flattening of 3x3 -> 1x9
# https://github.com/Neurophysics-CFIN/GFO
# Col:  1    2    3    4    5    6    7    8    9
#       R11  R12  R13  R21  R22  R23  R31  R32  R33
# where Rij = R(i,j), i = row index, j = column index

    0.27963543   -0.94625844   -0.16247766   -0.73869867   -0.32014563    0.59315348   -0.61329300   -0.04584470   -0.78852391
   -0.27276317   -0.96142642    0.03548921   -0.50441558    0.11149997   -0.85623167    0.81924671   -0.25144978   -0.51537155
   -0.42658204   -0.78352535    0.45179175    0.14415484   -0.55203624   -0.82126450    0.89288697   -0.28520872    0.34843771
   -0.03704628    0.46558371   -0.88422813   -0.32676783   -0.84183735   -0.42957265   -0.94437829    0.27302324    0.18332472
   -0.61573275    0.40416431   -0.67640549   -0.60126382    0.31382185    0.73484534    0.50926908    0.85916649    0.04977899
   -0.42638898    0.86663125   -0.25911910   -0.00223519    0.28545472    0.95838959    0.90453714    0.40922594   -0.11977766
    0.25650077    0.87485881    0.41088856    0.88902590   -0.38035873    0.25487289    0.37926284    0.29991548   -0.87533445
    0.81751081    0.57215293    0.06570464   -0.00827180    0.12574115   -0.99202860   -0.57585384    0.81045061    0.10752748
    0.86112608    0.28648450    0.41998632   -0.05855460    0.87650022   -0.47782708   -0.50500815    0.38687723    0.77155218
    0.63158571    0.24767369    0.73468172   -0.77180237    0.11086376    0.62612325    0.07362467   -0.96247960    0.26117511
    0.94707618   -0.10834290    0.30217301   -0.32079284   -0.35396068    0.87852364    0.01177556   -0.92896375   -0.36998336
    0.27134782    0.32605571    0.90557056    0.90257023   -0.41296740   -0.12175758    0.33427136    0.85037968   -0.40634597
   -0.21783493    0.27535945    0.93633601    0.26516834    0.93998488   -0.21474214   -0.93927296    0.20150833   -0.27777815
    0.32871543    0.76466615    0.55428499   -0.61922179    0.61764522   -0.48484920   -0.71309925   -0.18384793    0.67652746
   -0.29135116    0.58098015    0.75998459   -0.86882207   -0.49317123    0.04393559    0.40032824   -0.64749070    0.64845439
   -0.77928594    0.57771279    0.24281960   -0.28326306   -0.67036406    0.68583822    0.55899504    0.46568226    0.68604998
   -0.95975319    0.27753929    0.04296225    0.28068362    0.94273033    0.18021162    0.00951398    0.18501748   -0.98268918
   -0.82021435   -0.54788249    0.16453934   -0.45010780    0.79561025    0.40547170   -0.35306003    0.25851327   -0.89917713
   -0.88569562    0.05497289    0.46100027   -0.38799378    0.45765772   -0.80000640   -0.25495900   -0.88742740   -0.38401630
   -0.80248150   -0.17788388    0.56954435   -0.37255767   -0.59621720   -0.71114403    0.46607320   -0.78286805    0.41218126
    0.28342072   -0.16399581    0.94486934    0.41844782   -0.86537980   -0.27571584    0.86288708    0.47352210   -0.17664288
    0.63058904   -0.62706665    0.45732361    0.75715680    0.62648963   -0.18499816   -0.17050232    0.46292349    0.86984527
    0.50394748   -0.71998895   -0.47712981    0.81081740    0.20396213    0.54861151   -0.29767782   -0.66333654    0.68656577
    0.46659411    0.03629436   -0.88372657    0.40308985   -0.89808870    0.17594106   -0.78727918   -0.43831427   -0.43367279
    0.32389539    0.50500461   -0.80003883   -0.80733157   -0.29334947   -0.51201741   -0.49326211    0.81173668    0.31269162
   -0.00237414    0.89958905   -0.43673093   -0.99534636    0.03994588    0.08769235    0.09633268    0.43490674    0.89530785
