# Rotation matrices: 11 entries, row-major flattening of 3x3 -> 1x9
# https://github.com/Neurophysics-CFIN/GFO
# Col:  1    2    3    4    5    6    7    8    9
#       R11  R12  R13  R21  R22  R23  R31  R32  R33
# where Rij = R(i,j), i = row index, j = column index

   -0.99460256    0.05452780    0.08827496    0.07233917    0.97432510    0.21320797   -0.07438275    0.21844293   -0.97301074
   -0.70939165    0.15116360   -0.68841343    0.67015885   -0.15784160   -0.72524006   -0.21829017   -0.97582560    0.01066789
   -0.33564374   -0.28861773   -0.89668450    0.75747167   -0.64857156   -0.07477699   -0.55998210   -0.70431153    0.43630874
    0.48383760    0.28679686   -0.82683054   -0.62790457   -0.54435583   -0.55624867   -0.60962040    0.78830469   -0.08329876
    0.05067982    0.61941854   -0.78342340   -0.97430839   -0.14169431   -0.17505968   -0.21944185    0.77216799    0.59632363
    0.23865037    0.96431221   -0.11466461    0.34444958    0.02634239    0.93843517    0.90796503   -0.26345407   -0.32587031
   -0.56365864    0.76231311   -0.31806864    0.81186314    0.44033019   -0.38338958   -0.15220768   -0.47432906   -0.86708983
   -0.42258344    0.41534463    0.80555079    0.18672503    0.90964171   -0.37106027   -0.88688049   -0.00638743   -0.46195476
    0.38557091    0.80293850    0.45456005   -0.64757134    0.58642491   -0.48657700   -0.65725675   -0.10675012    0.74606835
    0.90118611    0.42647561   -0.07734428   -0.23196670    0.62530019    0.74511148    0.36613527   -0.65354282    0.66243999
    0.55934524   -0.76280047   -0.32445082   -0.08846296   -0.44410195    0.89159843   -0.82420095   -0.47000946   -0.31588591
