# Rotation matrices: 7 entries, row-major flattening of 3x3 -> 1x9
# https://github.com/Neurophysics-CFIN/GFO
# Col:  1    2    3    4    5    6    7    8    9
#       R11  R12  R13  R21  R22  R23  R31  R32  R33
# where Rij = R(i,j), i = row index, j = column index

   -0.89448339   -0.27793640   -0.35021539   -0.44656794    0.59362914    0.66946361    0.02182975    0.75521904   -0.65510889
    0.06572320   -0.96473881   -0.25487151    0.72068227    0.22255453   -0.65657181    0.69014312   -0.14052938    0.70989715
   -0.65908650    0.54675679   -0.51639326   -0.26026995   -0.81002729   -0.52546679   -0.70559517   -0.21192641    0.67618241
    0.19514100    0.41155897   -0.89024671   -0.90467016   -0.27504620   -0.32545582   -0.37880324    0.86888941    0.31865232
    0.61708557    0.70878931   -0.34179395   -0.78527444    0.58255970   -0.20968608    0.05049212    0.39779631    0.91608332
    0.07576679    0.40553438    0.91093428   -0.20872214   -0.88687134    0.41218235    0.97503562   -0.22136188    0.01744861
    0.81057145   -0.44222282   -0.38394387    0.27559455   -0.29043580    0.91634856   -0.51674129   -0.84857882   -0.11354477
