# Rotation matrices: 61 entries, row-major flattening of 3x3 -> 1x9
# https://github.com/Neurophysics-CFIN/GFO
# Col:  1    2    3    4    5    6    7    8    9
#       R11  R12  R13  R21  R22  R23  R31  R32  R33
# where Rij = R(i,j), i = row index, j = column index

   -0.94974072   -0.22484098   -0.21780520   -0.28630744    0.90523639    0.31396678    0.12657260    0.36054628   -0.92411350
   -0.88709329   -0.46159016    0.00015825   -0.22713756    0.43621904   -0.87070171    0.40183831   -0.77242959   -0.49181145
   -0.90325233    0.00786848   -0.42903767    0.37495016   -0.47175655   -0.79803392   -0.20868065   -0.88169374    0.42316491
   -0.88721395   -0.27176949   -0.37281730    0.22713819   -0.96066940    0.15975777   -0.40157146    0.05705827    0.91404853
   -0.96600689    0.14813488   -0.21186491   -0.25796195   -0.60599569    0.75247914   -0.01692081    0.78155312    0.62360917
   -0.80731371    0.44257441   -0.39034916    0.05700727    0.71686676    0.69487568    0.58736254    0.53872993   -0.60396632
   -0.65031604    0.54863428   -0.52544217    0.75545299    0.53978477   -0.37138010    0.07987383   -0.63846130   -0.76549810
   -0.84905713    0.51280716   -0.12700713    0.30391338    0.27746394   -0.91140025   -0.43213268   -0.81243004   -0.39143170
   -0.34032937    0.93724053    0.07586902   -0.63513915   -0.16963215   -0.75354044   -0.69337882   -0.30463933    0.65300896
   -0.23154836    0.95725163    0.17336285   -0.80230245   -0.28868879    0.52246489    0.55017828   -0.01811355    0.83485074
   -0.47594364    0.72076764    0.50395600    0.41586940   -0.32046599    0.85109000    0.77493889    0.61465076   -0.14722146
   -0.35700790    0.75842225    0.54528988    0.91226081    0.40858292    0.02898631   -0.20081227    0.50779493   -0.83774622
   -0.65820946    0.18706761    0.72922288    0.06996894    0.97964422   -0.18815301   -0.74957631   -0.07282114   -0.65790002
   -0.65438187    0.47129152    0.59132789   -0.64051755    0.07015695   -0.76473215   -0.40189754   -0.87918275    0.25596105
   -0.74996281    0.39461863    0.53087844   -0.58555795   -0.76937701   -0.25530551    0.30769736   -0.50232974    0.80807622
   -0.43027472   -0.13220942    0.89296379    0.40550901   -0.91209650    0.06035242    0.80648999    0.38807299    0.44606418
   -0.47314428    0.20223312    0.85745919    0.88097867    0.10493509    0.46137317    0.00332738    0.97369933   -0.22781250
   -0.54235312   -0.38154982    0.74851374    0.05854573    0.87159839    0.48671207   -0.83810828    0.30779209   -0.45037600
   -0.45114647   -0.71047435    0.54008616   -0.81421906    0.57544802    0.07685627   -0.36539592   -0.40507501   -0.83809311
   -0.53237535   -0.38106868    0.75588567   -0.61454168   -0.44011554   -0.65470363    0.58216407   -0.81307132    0.00012408
   -0.51777339   -0.69827249    0.49429368    0.42546400   -0.71142563   -0.55933349    0.74222038   -0.07930383    0.66544707
   -0.62538346   -0.76843729    0.13564536    0.69963037   -0.47519828    0.53357655   -0.34556167    0.42859156    0.83480321
   -0.15805774   -0.93557705    0.31577419   -0.02958645    0.32413766    0.94554715   -0.98698652    0.14010841   -0.07891287
   -0.22166385   -0.93570350   -0.27445235   -0.82722831    0.03142291    0.56098657   -0.51629301    0.35138520   -0.78100575
   -0.22778630   -0.97263530    0.04575995   -0.79145639    0.15757052   -0.59056610    0.56719502   -0.17073987   -0.80569083
   -0.23377892   -0.85899548   -0.45549333    0.50113614    0.29500056   -0.81353379    0.83319264   -0.41845123    0.36150877
    0.03873172   -0.87677645   -0.47933591    0.97133814   -0.07954996    0.22399558   -0.23452520   -0.47427299    0.84856530
    0.04890895   -0.65422575   -0.75471623   -0.18390250   -0.74860039    0.63700654   -0.98172694    0.10763888   -0.15692701
   -0.02074501   -0.44845887   -0.89356269   -0.99436471   -0.08368330    0.06508399   -0.10396377    0.88987738   -0.44419567
    0.15332380   -0.51697153   -0.84215928   -0.28851003    0.79168506   -0.53851345    0.94512104    0.32553833   -0.02776731
   -0.05837685   -0.16858120   -0.98395758    0.72718288    0.66810511   -0.15760903    0.68395701   -0.72471783    0.08358749
    0.32044741   -0.06135629   -0.94527714    0.83303278   -0.45681772    0.31204799   -0.45096546   -0.88744181   -0.09527425
   -0.03876719    0.24556805   -0.96860386   -0.32574209   -0.91948770   -0.22007830   -0.94466354    0.30698323    0.11563781
   -0.06530028    0.25677082   -0.96426377   -0.98699388   -0.15887480    0.02453329   -0.14689778    0.95332447    0.26380580
    0.03734708    0.61280913   -0.78934794   -0.43188661    0.72221610    0.54025721    0.90115434    0.32073178    0.29163672
    0.05787795    0.60801337   -0.79181430    0.69381114    0.54579878    0.46981889    0.71782745   -0.57656174   -0.39025673
   -0.05859811    0.81370862   -0.57831181    0.83506372   -0.27748571   -0.47504765   -0.54702363   -0.51076410   -0.66323840
   -0.19419629    0.89452190   -0.40263925   -0.17403228   -0.43535861   -0.88327552   -0.96540176   -0.10145661    0.24022072
    0.22694608    0.96730704   -0.11319258   -0.97341904    0.22897494    0.00508370    0.03083577    0.10903009    0.99356006
    0.63670356    0.72970171    0.24928696   -0.36574601    0.00117436    0.93071396    0.67885082   -0.68376460    0.26763320
    0.75680958    0.59690578   -0.26635081    0.64261646   -0.60496726    0.47016881    0.11951296   -0.52698967   -0.84142649
    0.75821702    0.63690476    0.13949654    0.47279223   -0.38975421   -0.79029056   -0.44897045    0.66516463   -0.59664189
    0.46968846    0.72304478    0.50655602   -0.18434679    0.64146205   -0.74467624   -0.86337073    0.25638386    0.43457831
    0.60501379    0.49440201    0.62411935   -0.78646963    0.49334459    0.37158664   -0.12419272   -0.71566596    0.68731245
    0.57505129    0.35624680    0.73648098   -0.31802462   -0.73207598    0.60243265    0.75377474   -0.58064875   -0.30768599
    0.39169891    0.46594199    0.79339147    0.78663531   -0.61686640   -0.02609082    0.47725973    0.63432949   -0.60815232
    0.70163543   -0.06565266    0.70950507    0.36785628    0.88616228   -0.28177682   -0.61023723    0.45870050    0.64591360
    0.25263164    0.08641141    0.96369618   -0.55550986    0.82844376    0.07134237   -0.79220329   -0.55336606    0.25729349
    0.64011687   -0.02282042    0.76793855   -0.70366918   -0.41863288    0.57410470    0.30838302   -0.90786879   -0.28403199
    0.46164609   -0.20302295    0.86351871    0.01194811   -0.97194541   -0.23490286    0.88698372    0.11875940   -0.44626906
    0.39943763   -0.53566101    0.74398714    0.84011006   -0.11097158   -0.53094293    0.36696685    0.83710967    0.40568798
    0.54713607   -0.60306269    0.58048042    0.36377019    0.79588831    0.48397628   -0.75386562   -0.05363941    0.65483543
    0.40219154   -0.86673432    0.29498065   -0.40891551    0.11821460    0.90488309   -0.81916425   -0.48455849   -0.30687620
    0.46779849   -0.88215750    0.05443082   -0.81732405   -0.45521227   -0.35321834    0.33637178    0.12074739   -0.93395615
    0.79807253   -0.58360941   -0.14993431   -0.13640146    0.06739203   -0.98835872    0.58691983    0.80923320   -0.02582145
    0.74140530   -0.66477503   -0.09160972    0.66088384    0.74701045   -0.07216605    0.11640761   -0.00703910    0.99317658
    0.99497413   -0.07931070   -0.06112518    0.04382679   -0.20393347    0.97800325   -0.09003159   -0.97576685   -0.19943259
    0.94041820   -0.26225111   -0.21642083   -0.23293362   -0.96056999    0.15181315   -0.24770052   -0.09235616   -0.96442459
    0.92456416    0.14830020   -0.35098170   -0.33262562   -0.13516674   -0.93332210   -0.18585291    0.97966168   -0.07564188
    0.86563336    0.09409133   -0.49175777   -0.34747596    0.82003653   -0.45475328    0.36047099    0.56452362    0.74254545
    0.88932349    0.22487035   -0.39816712    0.23027328    0.53204250    0.81480365    0.39506701   -0.81631128    0.42137626
