# Rotation matrices: 17 entries, row-major flattening of 3x3 -> 1x9
# https://github.com/Neurophysics-CFIN/GFO
# Col:  1    2    3    4    5    6    7    8    9
#       R11  R12  R13  R21  R22  R23  R31  R32  R33
# where Rij = R(i,j), i = row index, j = column index

   -0.25592978   -0.09121742    0.96238211    0.27645226    0.94705488    0.16328261   -0.92632289    0.30784159   -0.21716229
   -0.61801483   -0.36998814   -0.69366163    0.42396001    0.58619057   -0.69039012    0.66205406   -0.72075612   -0.20541429
   -0.33375283    0.23364324   -0.91324689    0.92472568   -0.10693238   -0.36530520   -0.18300676   -0.96642449   -0.18036691
    0.03045095    0.91333488   -0.40606913   -0.66504985   -0.28476755   -0.69037391   -0.74617789    0.29107875    0.59874178
    0.43429973    0.59097218   -0.67980558   -0.60388475    0.75099890    0.26706528    0.66836139    0.29453785    0.68303771
    0.75002161    0.13390992   -0.64771577    0.50432499    0.51780936    0.69103529    0.42792977   -0.84495065    0.32083409
    0.82091155    0.56328678    0.09387347    0.46652411   -0.75632354    0.45861744    0.32933186   -0.33269012   -0.88366160
   -0.38444797    0.81768199   -0.42848094    0.18421903   -0.38686288   -0.90354881   -0.90457897   -0.42630185   -0.00190393
    0.02218729    0.94144458    0.33643695   -0.38849262    0.31819207   -0.86477008   -0.92118468   -0.11151637    0.37280409
    0.49598614    0.86663968   -0.05416108   -0.50749585    0.33992669    0.79176879    0.70458904   -0.36521982    0.60841496
   -0.72317400    0.67831699    0.13002087   -0.02321608   -0.21202216    0.97698906    0.69027558    0.70351451    0.16907677
   -0.64858790    0.67506456    0.35159860    0.71261782    0.70086306   -0.03109376   -0.26741276    0.23038839   -0.93563433
   -0.97153529    0.03226745    0.23468702   -0.06805893    0.91089609   -0.40698439   -0.22690784   -0.41137224   -0.88277161
    0.15741011    0.67556429    0.72030199   -0.88555437    0.41937190   -0.19980156   -0.43705321   -0.60641579    0.66426228
    0.64110767   -0.34560848    0.68522678   -0.75931421   -0.41532235    0.50094837    0.11145799   -0.84146427   -0.52869178
    0.95499936    0.00494121    0.29656670    0.12043921   -0.92018176   -0.37250493    0.27105464    0.39146023   -0.87936811
    0.22593535   -0.38847882   -0.89332941   -0.97250008   -0.03672285   -0.22998918    0.05654032    0.92072561   -0.38609267
