# Rotation matrices: 86 entries, row-major flattening of 3x3 -> 1x9
# https://github.com/Neurophysics-CFIN/GFO
# Col:  1    2    3    4    5    6    7    8    9
#       R11  R12  R13  R21  R22  R23  R31  R32  R33
# where Rij = R(i,j), i = row index, j = column index

   -0.99982600   -0.01424651   -0.01204189   -0.01471382    0.99910518    0.03965280    0.01146620    0.03982308   -0.99914096
   -0.96545660   -0.24164032   -0.09748597   -0.01528669    0.42601769   -0.90458567    0.26011512   -0.87184797   -0.41499547
   -0.96543826   -0.05744817   -0.25422172    0.25027684   -0.47655664   -0.84276644   -0.07273566   -0.87726477    0.47446396
   -0.94821705    0.07974393   -0.30744971   -0.06411152   -0.99609914   -0.06063179   -0.31108541   -0.03778103    0.94963070
   -0.87005586    0.16775306   -0.46353178   -0.49250091   -0.25554199    0.83195020    0.02111036    0.95213298    0.30495434
   -0.64194069    0.75531551   -0.13194940    0.08916172    0.24445497    0.96555267    0.76155259    0.60806271   -0.22427082
   -0.68669168    0.58735960   -0.42832608    0.67081167    0.73902998   -0.06201919    0.28011825   -0.32991420   -0.90149342
   -0.83841108    0.53975797    0.07568478    0.19233526    0.42292342   -0.88551845   -0.50997451   -0.72787163   -0.45839817
   -0.75510131    0.64923004   -0.09122706   -0.37441158   -0.54126137   -0.75289581   -0.53818026   -0.53435614    0.65178641
   -0.53275548    0.84241926    0.08063117   -0.71244533   -0.49788880    0.49449813    0.45672010    0.20600129    0.86543065
   -0.85059236    0.40790073    0.33182770    0.15943235   -0.40128963    0.90196893    0.50107280    0.82011196    0.27630132
   -0.77192753    0.54190801    0.33236064    0.63182033    0.59624806    0.49526894    0.07022082    0.59230394   -0.80264879
   -0.74911200    0.49342913    0.44199424    0.29618237    0.84629253   -0.44279224   -0.59254301   -0.20079007   -0.78011289
   -0.76765881    0.33453905    0.54661099   -0.51833713    0.17746033   -0.83656108   -0.37686411   -0.92552226    0.03717503
   -0.68903466    0.22017088    0.69047521   -0.50781160   -0.82641679   -0.24323376    0.51706732   -0.51822782    0.68123514
   -0.89462854   -0.09008385    0.43763532    0.27091335   -0.88824921    0.37097075    0.35531076    0.45044228    0.81905801
   -0.82462644   -0.17678170    0.53734482    0.54441170    0.00999158    0.83875865   -0.15364611    0.98419937    0.08800271
   -0.63567722   -0.19467179    0.74700560    0.04206509    0.95750723    0.28532513   -0.77080802    0.21279754   -0.60047665
   -0.74598191   -0.42479117    0.51289712   -0.59964381    0.76348985   -0.23981357   -0.28972106   -0.48645217   -0.82427301
   -0.45171494   -0.49621187    0.74143603   -0.58834753   -0.45905235   -0.66567118    0.67067190   -0.73691568   -0.08458422
   -0.21792566   -0.66113662    0.71791836    0.57749415   -0.68035311   -0.45124290    0.78677120    0.31625624    0.53006893
   -0.43721314   -0.85833911    0.26851189    0.87443077   -0.33590205    0.35005806   -0.21027483    0.38784505    0.89741892
   -0.24493491   -0.93159484    0.26858508    0.00910803    0.27480021    0.96145821   -0.96949674    0.23794096   -0.05882317
   -0.36608669   -0.92363212   -0.11350877   -0.88819666    0.31041134    0.33874989   -0.27764587    0.22482994   -0.93400443
   -0.33526646   -0.91902177   -0.20735329   -0.67218140    0.38755259   -0.63085272    0.66012769   -0.07212473   -0.74768273
   -0.38451187   -0.82838159   -0.40735065    0.58214369    0.12487082   -0.80344011    0.71642121   -0.54606887    0.43422280
   -0.63002767   -0.67142270   -0.39020084    0.74718038   -0.66103313   -0.06896873   -0.21162851   -0.33500261    0.91814303
   -0.43900418   -0.69852370   -0.56510174    0.15315048   -0.67792160    0.71900434   -0.88533624    0.22910031    0.40458966
   -0.18995172   -0.60289510   -0.77487796   -0.91649070   -0.17414830    0.36016270   -0.35208401    0.77858196   -0.51946798
   -0.45665168   -0.55808442   -0.69282828   -0.61031330    0.76313851   -0.21245541    0.64729200    0.32582419   -0.68909482
   -0.29662891   -0.30001570   -0.90664319    0.62986743    0.65214178   -0.42187453    0.71782889   -0.69620520   -0.00447398
   -0.22786304   -0.12161708   -0.96606818    0.94028892   -0.28513634   -0.18588713   -0.25285409   -0.95074000    0.17932723
   -0.38642247   -0.02066824   -0.92209029   -0.22556517   -0.96727235    0.11620909   -0.89431428    0.25289726    0.36911374
   -0.33195233    0.24075368   -0.91205555   -0.91131735   -0.33147274    0.24418538   -0.24353302    0.91222995    0.32943615
   -0.38059029    0.62029562   -0.68584574   -0.42564775    0.54091674    0.72541924    0.82095982    0.56801621    0.05815977
   -0.23614461    0.45491954   -0.85865239    0.74384712    0.65319960    0.14149821    0.62524170   -0.60529207   -0.49264015
    0.04460139    0.85688993   -0.51356631    0.83169356   -0.31664443   -0.45609443   -0.55344064   -0.40678735   -0.72679262
   -0.32962701    0.88244441   -0.33561570   -0.32649566   -0.44009678   -0.83648993   -0.88585925   -0.16615261    0.43318206
    0.31200615    0.92440261   -0.21939003   -0.94950240    0.31144047   -0.03807922    0.03312640    0.22019231    0.97489383
    0.11741487    0.96430656    0.23733227   -0.31879769   -0.18973647    0.92863777    0.94052208   -0.18469686    0.28514082
   -0.25054185    0.96672457    0.05169520    0.79424215    0.17472143    0.58193799    0.55354149    0.18685833   -0.81158843
    0.14859961    0.88132683    0.44853224    0.75774060    0.18995969   -0.62429520   -0.63541116    0.43264111   -0.63958919
   -0.03121678    0.74020016    0.67166155   -0.43159865    0.59612809   -0.67701839   -0.90152544   -0.31102255    0.30086019
   -0.18561610    0.65513622    0.73235456   -0.98108732   -0.16520426   -0.10087232    0.05490298   -0.73722730    0.67341041
    0.13477209    0.44690223    0.88437259   -0.11968062   -0.87863952    0.46224360    0.98362240   -0.16813979   -0.06493055
   -0.04102328    0.41801774    0.90751213    0.88849496   -0.40021473    0.22451031    0.45704902    0.81553010   -0.35498854
   -0.12499853    0.04195586    0.99126943    0.55844646    0.82878740    0.03534104   -0.82006885    0.55798848   -0.12702731
   -0.03042754   -0.16442650    0.98591992   -0.43106987    0.89209049    0.13547441   -0.90180537   -0.42087822   -0.09802343
   -0.08541572   -0.03156330    0.99584533   -0.99115174   -0.09922881   -0.08815820    0.10159911   -0.99456393   -0.02280832
    0.19873421   -0.51074455    0.83644768    0.00374189   -0.85306986   -0.52178330    0.98004628    0.10682608   -0.16762301
    0.04506881   -0.51386854    0.85668426    0.88645059   -0.37484071   -0.27147706    0.46062366    0.77164342    0.43862545
   -0.09516300   -0.81094198    0.57733622    0.67977044    0.37075182    0.63281533   -0.72722497    0.45267670    0.51597252
    0.24708485   -0.86320493    0.44025711   -0.44509990    0.30247015    0.84285105   -0.86071781   -0.40421412   -0.30947664
    0.17254649   -0.90748780    0.38300602   -0.96358837   -0.23614868   -0.12542429    0.20426738   -0.34741862   -0.91519131
    0.13441380   -0.99001351   -0.04249915   -0.06896705    0.03343793   -0.99705840    0.98852237    0.13694945   -0.06378379
    0.15259033   -0.98446164   -0.08689925    0.91980176    0.17362865   -0.35187755    0.36149815   -0.02623697    0.93200360
    0.47232178   -0.82905776   -0.29929144    0.61269822    0.06471186    0.78766317   -0.63365056   -0.55540580    0.53852703
    0.34745436   -0.83884012   -0.41907364   -0.46058992   -0.54196282    0.70294611   -0.81678173   -0.05122060   -0.57466865
    0.35864998   -0.71946543   -0.59476019   -0.90222406   -0.10369802   -0.41861493    0.23950352    0.68674319   -0.68631031
    0.33799035   -0.70519722   -0.62326511    0.18239744    0.69876374   -0.69170833    0.92330585    0.12010878    0.36480157
    0.38999846   -0.29276353   -0.87303535    0.88827295    0.36944244    0.27291657    0.24263629   -0.88193072    0.40413590
    0.48774324   -0.33855562   -0.80466554    0.34128238   -0.77443731    0.53270366   -0.80351283   -0.53444078   -0.26218350
    0.46818342   -0.14390914   -0.87183396   -0.66668922   -0.70508025   -0.24163471   -0.57993946    0.69437166   -0.42604955
    0.49038697    0.02896761   -0.87102325   -0.73722722    0.54679645   -0.39687487    0.46477591    0.83676431    0.28949756
    0.25773425    0.34291806   -0.90331626    0.29164936    0.86368337    0.41108599    0.92114804   -0.36940254    0.12258895
    0.45786325    0.45231223   -0.76535932    0.88893313   -0.22071042    0.40135370    0.01261441   -0.86411837   -0.50313052
    0.51346748    0.59697614   -0.61641758    0.28522578   -0.79623446   -0.53353250   -0.80931910    0.09813341   -0.57911349
    0.60894340    0.73106081   -0.30779543   -0.64231017    0.22677298   -0.73212817   -0.46543053    0.64352475    0.60765970
    0.83232685    0.49786318   -0.24364785   -0.35002396    0.81293890    0.46541763    0.42978511   -0.30209700    0.85089492
    0.68360179    0.72206821   -0.10633012    0.26671677   -0.11153842    0.95729898    0.67937527   -0.68277132   -0.26883557
    0.79280140    0.60820054   -0.03947204    0.57906101   -0.77185613   -0.26253850   -0.19014279    0.18528417   -0.96411384
    0.83881880    0.54380325    0.02571066    0.02252351    0.01252103   -0.99966790   -0.54394458    0.83911933   -0.00174548
    0.82055860    0.48357568    0.30469353   -0.53138836    0.84177435    0.09509125   -0.21049939   -0.23993854    0.94769167
    0.81113566    0.44889747    0.37489999   -0.42623938    0.01480280    0.90448929    0.40047339   -0.89346065    0.20334485
    0.75032451    0.33482455    0.57000496    0.24895473   -0.94188389    0.22555771    0.61240075   -0.02733605   -0.79007472
    0.67834816    0.27074541    0.68303784    0.72250492   -0.07685294   -0.68708097   -0.13353055    0.95957832   -0.24774794
    0.64114869    0.14860328    0.75289137   -0.02071805    0.98406664   -0.17658879   -0.76713696    0.09762124    0.63401181
    0.65193004   -0.07776117    0.75428140   -0.70873352    0.29118029    0.64258139   -0.26959976   -0.95350262    0.13471723
    0.69331319   -0.17127981    0.69998574   -0.48299793   -0.83132477    0.27497659    0.53481755   -0.52873656   -0.65909623
    0.72006346   -0.36155985    0.59226944    0.40976356   -0.46726445   -0.78342693    0.56000218    0.80680754   -0.18830600
    0.57633012   -0.53251627    0.61989517    0.79933962    0.52512775   -0.29205652   -0.16999931    0.66382774    0.72830829
    0.66473546   -0.66790172    0.33471489    0.06250812    0.49618443    0.86596405   -0.74445920   -0.55471462    0.37158067
    0.94515460   -0.30116954    0.12641082   -0.31005198   -0.70557253    0.63720889   -0.10271590   -0.64145484   -0.76025333
    0.96763375   -0.25030463    0.03213276   -0.16130617   -0.71139366   -0.68403171    0.19407534    0.65670896   -0.72874419
    0.93637701    0.10120007   -0.33609024   -0.32248861    0.62605293   -0.70997100    0.13856117    0.77318579    0.61885744
    0.95477062    0.04206813   -0.29435241    0.13031106    0.83061177    0.54138999    0.26726784   -0.55526063    0.78756177
