# Rotation matrices: 14 entries, row-major flattening of 3x3 -> 1x9
# https://github.com/Neurophysics-CFIN/GFO
# Col:  1    2    3    4    5    6    7    8    9
#       R11  R12  R13  R21  R22  R23  R31  R32  R33
# where Rij = R(i,j), i = row index, j = column index

   -0.27545442   -0.29280835    0.91563537    0.13886227    0.93037383    0.33929604   -0.95123190    0.22060780   -0.21561555
   -0.65571343   -0.22106543   -0.72192103    0.52005397   -0.82542073   -0.21960073   -0.54734246   -0.51943305    0.65620541
   -0.64819453    0.53712338   -0.53976135    0.64603052    0.01266767   -0.76320646   -0.40309851   -0.84340856   -0.35520921
    0.95090314    0.18500963   -0.24810209   -0.15734996   -0.40130337   -0.90232843   -0.26650365    0.89706580   -0.35248938
    0.45291082   -0.22433713   -0.86287000   -0.22130825    0.90924510   -0.35255640    0.86365181    0.35063686    0.36215928
    0.62651955    0.76650441   -0.14122413   -0.47943114    0.52186733    0.70554962    0.61450715   -0.37433339    0.69444616
    0.34207786    0.83567729   -0.42968151    0.93856790   -0.28170611    0.19932880    0.04553065   -0.47147124   -0.88070530
   -0.05787984    0.70412535    0.70771280   -0.43965483    0.61847689   -0.65129868   -0.89629992   -0.34884642    0.27377477
   -0.23250755    0.94959299   -0.21026982   -0.79697672   -0.30993586   -0.51842826   -0.55746600    0.04704167    0.82886594
   -0.70403726    0.70923000    0.03639168   -0.63798042   -0.65415604    0.40627683    0.31194955    0.26281685    0.91302507
   -0.89978808    0.26234373    0.34865051    0.35530668   -0.02324986    0.93446060    0.25325596    0.96469436   -0.07229253
    0.10216668    0.85804612    0.50330789    0.99148967   -0.04679635   -0.12148385   -0.08068577    0.51143617   -0.85552490
    0.84215806    0.29712770    0.44998326    0.27156324    0.48724186   -0.82996914   -0.46585751    0.82116411    0.32964570
   -0.20370955    0.28216158   -0.93748987    0.59633938    0.79519396    0.10975388    0.77645461   -0.53670421   -0.33025267
