# Rotation matrices: 41 entries, row-major flattening of 3x3 -> 1x9
# https://github.com/Neurophysics-CFIN/GFO
# Col:  1    2    3    4    5    6    7    8    9
#       R11  R12  R13  R21  R22  R23  R31  R32  R33
# where Rij = R(i,j), i = row index, j = column index

   -0.93876676    0.29410926   -0.17949015    0.28571392    0.95563967    0.07155685    0.19257344    0.01589235   -0.98115386
   -0.89671798   -0.12976103   -0.42315356    0.37536174    0.28362859   -0.88241622    0.23452169   -0.95011415   -0.20562753
   -0.69306327    0.17424164   -0.69950207    0.65260473   -0.26053849   -0.71149614   -0.30621946   -0.94961021    0.06685874
   -0.55878835    0.08305352   -0.82514101   -0.57176329   -0.75927936    0.31077578   -0.60070152    0.64544323    0.47176342
   -0.11291601    0.63845271   -0.76133312   -0.96166677    0.12248622    0.24534495    0.24989396    0.75985213    0.60014810
   -0.75933627    0.53522305   -0.37006041   -0.16335380    0.39370269    0.90460695    0.62986027    0.74735164   -0.21152201
   -0.48633980    0.69898641   -0.52430105    0.86543010    0.46804793   -0.17877888    0.12043401   -0.54069319   -0.83255421
   -0.35063739    0.86313188    0.36339618    0.19783693    0.44754275   -0.87210437   -0.91537641   -0.23389922   -0.32768459
   -0.92789161    0.33649305    0.16059140   -0.31633543   -0.48249851   -0.81677848   -0.19735517   -0.80868264    0.55415099
   -0.94262497    0.03509940    0.33200330    0.01998347   -0.98674299    0.16105565    0.33325489    0.15844966    0.92942718
   -0.59077521    0.78272145    0.19578503    0.26465996   -0.04123620    0.96345975    0.76219404    0.62100459   -0.18279370
   -0.76053734    0.59900806    0.25054400    0.64314325    0.64200102    0.41737448    0.08916117    0.47856456   -0.87351374
   -0.07779211    0.66234091    0.74515295    0.18431051    0.74408896   -0.64215361   -0.97978468    0.08738504   -0.17996064
    0.43209418    0.52473128    0.73345191   -0.76635054    0.64237165   -0.00809444   -0.47539612   -0.55858371    0.67969315
    0.26616065    0.25148408    0.93054515   -0.61549744   -0.69860410    0.36484958    0.74183651   -0.66985676   -0.03115312
    0.00170825    0.01070645    0.99994123    0.28375686   -0.95884637    0.00978169    0.95889474    0.28372347   -0.00467597
   -0.14572355    0.39140684    0.90860626    0.98492802   -0.02909912    0.17049938    0.09317427    0.91975754   -0.38126713
   -0.49876674   -0.42798034    0.75370058    0.07923215    0.84342989    0.53136455   -0.86310718    0.32474428   -0.38676498
   -0.03698033   -0.30865103    0.95045620   -0.77551937    0.60869951    0.16749511   -0.63023977   -0.73090317   -0.26187476
    0.36557564   -0.38427016    0.84775639   -0.39001170   -0.89022851   -0.23533822    0.84513036   -0.24460099   -0.47531571
   -0.12649509   -0.79300650    0.59593598    0.68793227   -0.50295065   -0.52324930    0.71466649    0.34377512    0.60915555
    0.11963290   -0.92741596    0.35438343    0.96618011    0.02662353   -0.25649011    0.22843808    0.37308287    0.89923590
    0.56863779   -0.77804302    0.26702085    0.31834211    0.50746309    0.80071188   -0.75849151   -0.37031105    0.53624654
    0.17741338   -0.98389423   -0.02183188   -0.76460789   -0.15177090    0.62637079   -0.61959606   -0.09443373   -0.77921948
   -0.11897190   -0.98855608    0.09274996   -0.61192976   -0.00056102   -0.79091191    0.78191282   -0.15085275   -0.60486014
   -0.38479701   -0.91969619   -0.07803965   -0.03910995    0.10072041   -0.99414577    0.92217226   -0.37949219   -0.07472618
   -0.33791533   -0.81768098   -0.46605905    0.80066707   -0.51003694    0.31431603   -0.49471757   -0.26694593    0.82703953
   -0.03913378   -0.88545242   -0.46307944    0.30598904   -0.45178998    0.83800747   -0.95123039   -0.10890284    0.28861899
    0.43383757   -0.57723222   -0.69180049   -0.84571546   -0.52569137   -0.09172753   -0.31072547    0.62486122   -0.71623888
    0.72887942   -0.24537674   -0.63915964   -0.31821770    0.70517931   -0.63360842    0.60619492    0.66521605    0.43590747
    0.57826840   -0.20359190   -0.79003544    0.76908876    0.45915364    0.44461266    0.27222811   -0.86471283    0.42209428
    0.75437827    0.24285932   -0.60986292    0.64765859   -0.42681281    0.63116494   -0.10701301   -0.87112007   -0.47926823
    0.90545614    0.30050940   -0.29973868    0.11196046   -0.85029152   -0.51426567   -0.40940693    0.43208613   -0.80354685
    0.33326309    0.10645112   -0.93680514   -0.94259850    0.05981838   -0.32852676    0.02106612    0.99251696    0.12027593
    0.56991089    0.75689305   -0.31986636   -0.42927397    0.60617468    0.66953425    0.70066071   -0.24426456    0.67038004
    0.45362072    0.66781555   -0.59012764    0.75261702    0.06756483    0.65498291    0.47727965   -0.74125393   -0.47196055
    0.91576522    0.40169731   -0.00365134    0.39060945   -0.89253658   -0.22539457   -0.09379934    0.20498226   -0.97426072
    0.69788572    0.71616614    0.00784734    0.24897199   -0.23231432   -0.94023561   -0.67154186    0.65813078   -0.34043416
    0.73327907    0.59967479    0.32045585   -0.47864160    0.79001327   -0.38312041   -0.48291203    0.12755068    0.86632950
    0.60092056    0.40750361    0.68763020   -0.65100336   -0.24963610    0.71685176    0.46377700   -0.87842053    0.11527475
    0.96036642    0.05893526    0.27243893   -0.08375220   -0.87121836    0.48369840    0.26586069   -0.48734506   -0.83175290
