# Rotation matrices: 94 entries, row-major flattening of 3x3 -> 1x9
# https://github.com/Neurophysics-CFIN/GFO
# Col:  1    2    3    4    5    6    7    8    9
#       R11  R12  R13  R21  R22  R23  R31  R32  R33
# where Rij = R(i,j), i = row index, j = column index

   -0.91292350   -0.35244944   -0.20579135   -0.37212165    0.92590236    0.06504080    0.16761910    0.13595669   -0.97643208
   -0.87149852   -0.39325444   -0.29298680    0.00290137    0.59330164   -0.80497499    0.49038955   -0.70238458   -0.51592053
   -0.98291624   -0.13792042   -0.12187545    0.16803231   -0.40222608   -0.89998851    0.07510531   -0.90509234    0.41852963
   -0.95324379    0.09511171   -0.28684497   -0.10247930   -0.99467710    0.01074557   -0.28429610    0.03963882    0.95791675
   -0.89704595    0.09182779   -0.43229182   -0.41850688   -0.49078321    0.76418834   -0.14198784    0.86642916    0.47868566
   -0.91936196    0.32569438   -0.22067341    0.01584238    0.59111516    0.80643157    0.39309363    0.73790652   -0.54860857
   -0.85977497    0.42416220   -0.28438253    0.48291989    0.85639727   -0.18268030    0.16605834   -0.29439793   -0.94114531
   -0.90824463    0.41073576   -0.07992391    0.24534844    0.36801083   -0.89686798   -0.33896289   -0.83418473   -0.43501723
   -0.66809094    0.73839362    0.09181152   -0.55653315   -0.41397847   -0.72034206   -0.49388799   -0.53235016    0.68751579
   -0.59680731    0.79483340    0.10982216   -0.68101469   -0.57414484    0.45450708    0.42431124    0.19646265    0.88394706
   -0.56634688    0.54616912    0.61721188    0.32653147   -0.53890931    0.77650110    0.75672215    0.64130807    0.12686820
   -0.66632253    0.59739921    0.44623813    0.74504764    0.55771350    0.36586838   -0.03030355    0.57625501   -0.81670794
   -0.61432340    0.57906176    0.53599836    0.21002849    0.77478736   -0.59631584   -0.76058846   -0.25375584   -0.59758947
   -0.70269832    0.26293114    0.66112199   -0.54518049    0.39806968   -0.73777962   -0.45715786   -0.87886731   -0.13637797
   -0.62943364    0.26088876    0.73194969   -0.63315176   -0.71826812   -0.28846100    0.45047990   -0.64500230    0.61728429
   -0.72296727    0.00354078    0.69087321    0.23790247   -0.93755465    0.25375911    0.64862990    0.34781998    0.67697897
   -0.58115883   -0.18297499    0.79295307    0.81346459   -0.10305775    0.57241110   -0.02301696    0.97770100    0.20873659
   -0.71757540   -0.09693984    0.68970154    0.23431577    0.89894181    0.37013476   -0.65588236    0.42720755   -0.62234399
   -0.78558023   -0.39394322    0.47715033   -0.57687646    0.74518611   -0.33453132   -0.22377945   -0.53805798   -0.81266005
   -0.71449972   -0.45026532    0.53549163   -0.46980241   -0.25838292   -0.84411135    0.51843595   -0.85469258   -0.02692121
   -0.81155033   -0.45515822    0.36635647    0.31057787   -0.86714958   -0.38934944    0.49490146   -0.20219446    0.84509760
   -0.79363783   -0.56820757    0.21743769    0.58531958   -0.61562358    0.52764439   -0.16595177    0.54602908    0.82116518
   -0.56515537   -0.76337511    0.31282240   -0.02014701    0.39184370    0.91981118   -0.82473845    0.51353379   -0.23683230
   -0.77535902   -0.62252558   -0.10620875   -0.58014390    0.63569032    0.50924539   -0.24950241    0.45646436   -0.85404264
   -0.43431094   -0.88558577   -0.16465678   -0.63506666    0.43067892   -0.64125346    0.63879914   -0.17393536   -0.74945457
   -0.36314555   -0.91491196   -0.17624248    0.63650495   -0.10546341   -0.76402809    0.68043130   -0.38963261    0.62064456
   -0.36419298   -0.69628330   -0.61850872    0.92133192   -0.36637919   -0.13005299   -0.13605499   -0.61721621    0.77494076
   -0.29510146   -0.66478118   -0.68628063    0.02259767   -0.72292318    0.69055878   -0.95519866    0.18827656    0.22835819
   -0.36780540   -0.61537108   -0.69716399   -0.90654497    0.07030424    0.41621333   -0.20711206    0.78509601   -0.58371983
   -0.43741121   -0.22221881   -0.87137261   -0.58657416    0.80497251    0.08916287    0.68161733    0.55012550   -0.48245181
   -0.35421518   -0.31029189   -0.88218510    0.53728534    0.70458550   -0.46355554    0.76541236   -0.63818353   -0.08285960
   -0.25673459   -0.10163295   -0.96112335    0.91685385   -0.34018275   -0.20893710   -0.30572269   -0.93485102    0.18051925
   -0.35459834    0.19819494   -0.91377174    0.00380018   -0.97696284   -0.21337564   -0.93501100   -0.07913515    0.34567622
   -0.31083299    0.27386752   -0.91015352   -0.90380346   -0.38151776    0.19386467   -0.29414650    0.88285944    0.36611071
   -0.27667439    0.42863801   -0.86007019   -0.46847402    0.72128661    0.51017420    0.83903717    0.54407268    0.00124424
   -0.41336848    0.52680503   -0.74269978    0.66086672    0.73468079    0.15329487    0.62640376   -0.42745830   -0.65184180
   -0.16715322    0.85086942   -0.49807734    0.86428233   -0.11663439   -0.48929794   -0.47442160   -0.51226717   -0.71589559
   -0.40367067    0.78731067   -0.46603852   -0.16616614   -0.56400372   -0.80888109   -0.89968817   -0.24908174    0.35849613
   -0.16837379    0.91832529   -0.35823027   -0.98247373   -0.18582879   -0.01459522   -0.07997266    0.34949438    0.93351918
   -0.14864199    0.96335554    0.22327486   -0.34565449   -0.26215553    0.90099803    0.92651419    0.05675018    0.37195548
   -0.20785547    0.97343395   -0.09603356    0.72008040    0.21872297    0.65851688    0.66202743    0.06772445   -0.74641348
    0.30683842    0.87071381    0.38432752    0.74177326    0.03423508   -0.66977638   -0.59634103    0.49059700   -0.63536758
   -0.21297349    0.78216825    0.58553832   -0.39903885    0.47739827   -0.78285305   -0.89185777   -0.40037948    0.21044234
    0.00156989    0.69556497    0.71846149   -0.99340693   -0.08127323    0.08085381    0.11463076   -0.71385155    0.69085147
    0.13969249    0.33271791    0.93262254   -0.17478127   -0.91878374    0.35396039    0.97464738   -0.21245055   -0.07019433
   -0.10108173    0.38348390    0.91799923    0.88009855   -0.39579418    0.26224704    0.46390627    0.83443817   -0.29749606
   -0.00455238    0.07906651    0.99685895    0.65925675    0.74979519   -0.05645984   -0.75190413    0.65692896   -0.05553848
    0.02493477   -0.15084149    0.98824344   -0.55368959    0.82099208    0.13928328   -0.83234974   -0.55065311   -0.06304812
   -0.12260695   -0.28450748    0.95080126   -0.93505039   -0.28798515   -0.20674941    0.33263840   -0.91439600   -0.23071985
    0.03340482   -0.57760535    0.81563238   -0.05087189   -0.81601263   -0.57579114    0.99814637   -0.02225856   -0.05664264
    0.02167414   -0.61694993    0.78670389    0.91648058   -0.30216855   -0.26221656    0.39949166    0.72668215    0.55887339
   -0.08492927   -0.73515943    0.67255307    0.51680025    0.54459742    0.66055367   -0.85188293    0.40367593    0.33367832
    0.06545122   -0.91946373    0.38768877   -0.44660398    0.32044420    0.83538039   -0.89233459   -0.22782002   -0.38966270
   -0.11952571   -0.95898310    0.25703118   -0.90942007    0.00188363   -0.41587449    0.39833245   -0.28345701   -0.87234362
   -0.16239147   -0.98661526    0.01481027    0.08068090   -0.02823589   -0.99633997    0.98342239   -0.16060220    0.08418627
    0.21573249   -0.97507475   -0.05185289    0.94054824    0.22177451   -0.25726459    0.26235185    0.00673018    0.96494881
    0.00048375   -0.97079073   -0.23992733    0.39685220   -0.22003875    0.89111799   -0.91788240   -0.09564677    0.38515399
    0.14821120   -0.88966118   -0.43189864   -0.64872101   -0.41709374    0.63654840   -0.74645462    0.18583812   -0.63895986
    0.11685122   -0.77903924   -0.61598998   -0.88802097    0.19577026   -0.41604418    0.44470725    0.59562729   -0.66892719
    0.30492375   -0.66047254   -0.68614687    0.06692631    0.73353649   -0.67634687    0.95002230    0.16031295    0.26787568
    0.21854085   -0.35918418   -0.90731837    0.95822286    0.25480809    0.12992992    0.18452329   -0.89780820    0.39986447
    0.30090909   -0.31968206   -0.89847487    0.44143413   -0.78843762    0.42837137   -0.84533403   -0.52551832   -0.09612947
    0.36815293   -0.13018307   -0.92060621   -0.66306490   -0.73086423   -0.16180983   -0.65177325    0.66999242   -0.35538963
    0.31531249    0.11878261   -0.94152468   -0.84883946    0.47891714   -0.22385250    0.42432253    0.86978679    0.25183592
    0.38069340    0.31271209   -0.87022048    0.16076412    0.90436886    0.39531237    0.91061926   -0.29039304    0.29401437
    0.38497843    0.43104375   -0.81608388    0.92251996   -0.15350917    0.35410713    0.02735931   -0.88917727   -0.45674418
    0.37261326    0.58931934   -0.71684174    0.25300793   -0.80772012   -0.53251779   -0.89283052    0.01705654   -0.45006970
    0.43036678    0.75492757   -0.49484219   -0.70092961   -0.06592524   -0.71017712   -0.56875488    0.65248619    0.50077906
    0.34229704    0.77638950   -0.52919947   -0.69973361    0.58651958    0.40788192    0.62706109    0.23068188    0.74402975
    0.41466181    0.85672145   -0.30673106    0.43382959    0.11018317    0.89423238    0.79990466   -0.50387303   -0.32598236
    0.48083616    0.87674701    0.01054792    0.87576946   -0.47964450   -0.05448850   -0.04271338    0.03543759   -0.99845868
    0.68860347    0.72490454    0.01840303    0.09141618   -0.06160621   -0.99390531   -0.71935273    0.68608898   -0.10869026
    0.60834502    0.68126324    0.40718145   -0.71446446    0.69348430   -0.09284428   -0.34562533   -0.23443532    0.90861610
    0.81475435    0.44702436    0.36924865   -0.41839504    0.01240374    0.90818046    0.40139873   -0.89443578    0.19713878
    0.60172891    0.50819281    0.61616750    0.42024040   -0.85748932    0.29683342    0.67920565    0.08032523   -0.72953926
    0.72768843    0.30679525    0.61347064    0.66202255   -0.08017822   -0.74518293   -0.17943160    0.94839239   -0.26145014
    0.70005790    0.12930751    0.70228093    0.05886611    0.96967069   -0.23722044   -0.71165561    0.20740860    0.67121380
    0.79075825   -0.03020253    0.61138302   -0.54822176    0.40937754    0.72928933   -0.27231286   -0.91186503    0.30716098
    0.62368098   -0.08016690    0.77755727   -0.47594157   -0.82803176    0.29638326    0.62008198   -0.55492043   -0.55458242
    0.72644731   -0.15120718    0.67038101    0.50625924   -0.54192655   -0.67083321    0.46473207    0.82671156   -0.31713105
    0.63266242   -0.49635687    0.59444774    0.75606007    0.56206293   -0.33534823   -0.16766464    0.66160042    0.73087170
    0.66669561   -0.58238846    0.46512434   -0.02480313    0.60636980    0.79479587   -0.74491729   -0.54142345    0.38981903
    0.55702941   -0.61291702    0.56040251   -0.82370661   -0.32165117    0.46695604   -0.10595118   -0.72171549   -0.68403296
    0.58457923   -0.77091411    0.25290031   -0.46778461   -0.57493556   -0.67128732    0.66290624    0.27411775   -0.69671714
    0.67283101   -0.73219136    0.10580287    0.50841125    0.35374494   -0.78510032    0.53741644    0.58203121    0.61026489
    0.47994766   -0.86510260   -0.14576605    0.84108107    0.40649197    0.35685698   -0.24946517   -0.29387373    0.92271629
    0.75149270   -0.60639955   -0.25988134   -0.00145707   -0.39543850    0.91849130   -0.65973980   -0.68986084   -0.29805271
    0.95081389   -0.27399790   -0.14449253   -0.30973675   -0.83492398   -0.45493416    0.00401073    0.47731236   -0.87872454
    0.96448717   -0.19961233   -0.17297232   -0.14522427    0.14624269   -0.97853104    0.22062280    0.96890040    0.11206064
    0.89834066   -0.25858324   -0.35513205    0.27523845    0.96136863   -0.00376176    0.34238554   -0.09436665    0.93480858
    0.90546217   -0.07229164   -0.41822503    0.41775585   -0.02222188    0.90828753   -0.07495534   -0.99713595    0.01007919
    0.92309703    0.18276838   -0.33836015    0.16172986   -0.98275700   -0.08962212   -0.34890590    0.02800698   -0.93673918
    0.94333927    0.32355486   -0.07364284   -0.06050804   -0.05048361   -0.99689026   -0.32626644    0.94486171   -0.02804550
    0.99413581    0.06185398   -0.08870219   -0.09580795    0.88418008   -0.45721595    0.05014808    0.46303312    0.88492118
