# Rotation matrices: 90 entries, row-major flattening of 3x3 -> 1x9
# https://github.com/Neurophysics-CFIN/GFO
# Col:  1    2    3    4    5    6    7    8    9
#       R11  R12  R13  R21  R22  R23  R31  R32  R33
# where Rij = R(i,j), i = row index, j = column index

   -0.99936647    0.03558919    0.00025298    0.03558726    0.99917233    0.01970304    0.00044844    0.01969956   -0.99980584
   -0.80452271   -0.58058401   -0.12516158   -0.27045773    0.54575219   -0.79309972    0.52876822   -0.60421581   -0.59609346
   -0.96332382   -0.17735298   -0.20137810    0.25585757   -0.38082585   -0.88854295    0.08089575   -0.90747870    0.41223571
   -0.90963269    0.18486452   -0.37201274   -0.18936952   -0.98159406   -0.02474436   -0.36973985    0.04793960    0.92789775
   -0.94479392    0.11829446   -0.30556647   -0.32734983   -0.38166538    0.86439206   -0.01437135    0.91669949    0.39931880
   -0.89128050    0.41930079   -0.17264387    0.12040442    0.58590117    0.80138792    0.43717484    0.69347434   -0.57268796
   -0.62400860    0.66255434   -0.41428855    0.75802898    0.64199513   -0.11504045    0.18975068   -0.38582896   -0.90284588
   -0.68201480    0.73065399   -0.03163166    0.34159220    0.28001225   -0.89716660   -0.64666110   -0.62268603   -0.44055820
   -0.62245658    0.77968016    0.06816641   -0.57878189   -0.39993612   -0.71067758   -0.52683900   -0.48181942    0.70020762
   -0.68684261    0.70371485    0.18174885   -0.56104456   -0.67231841    0.48292541    0.46203488    0.22972455    0.85659232
   -0.60935722    0.54802938    0.57301621    0.17134100   -0.61459914    0.77000660    0.77416151    0.56739025    0.28061052
   -0.65493280    0.69544322    0.29567171    0.75213234    0.56197999    0.34420260    0.07321178    0.44781383   -0.89112446
   -0.68091787    0.54644588    0.48759384    0.27072368    0.80643546   -0.52570956   -0.68048479   -0.22596184   -0.69705215
   -0.75898837    0.24600033    0.60284367   -0.53762833    0.28548913   -0.79337994   -0.36727705   -0.92627199   -0.08442618
   -0.72781548    0.16891711    0.66464399   -0.52969760   -0.75402836   -0.38840917    0.43555147   -0.63475053    0.63826850
   -0.87780368    0.06053548    0.47518012    0.14149453   -0.91495224    0.37794403    0.45764614    0.39899605    0.79458301
   -0.74592743   -0.16126774    0.64620816    0.65984062   -0.04700010    0.74993423   -0.09056835    0.98579090    0.14146967
   -0.68149964    0.09774850    0.72526097    0.32203574    0.92998411    0.17726403   -0.65715389    0.35436532   -0.66526234
   -0.83643656   -0.37256421    0.40195746   -0.52504678    0.75502792   -0.39275783   -0.15716160   -0.53956348   -0.82714659
   -0.71039520   -0.44502715    0.54524260   -0.41415838   -0.36204132   -0.83510414    0.56904437   -0.81907076    0.07288069
   -0.67785301   -0.47559122    0.56064988    0.24653236   -0.86547148   -0.43609737    0.69263056   -0.15739157    0.70391107
   -0.60959511   -0.76253127    0.21665608    0.76377035   -0.49179816    0.41807825   -0.21224668    0.42033395    0.88219653
   -0.37767646   -0.88715810    0.26516221   -0.08910590    0.31986528    0.94326366   -0.92164019    0.33262096   -0.19985661
   -0.41406226   -0.89605424   -0.16012261   -0.88164815    0.35104854    0.31537511   -0.22638240    0.27175673   -0.93536051
   -0.38586298   -0.89861657   -0.20880137   -0.64175528    0.42404719   -0.63901029    0.66276687   -0.11257103   -0.74031604
   -0.33740902   -0.90834054   -0.24712873    0.68099252   -0.05427566   -0.73027621    0.64992641   -0.41469460    0.63688621
   -0.30949863   -0.76825532   -0.56035200    0.91360012   -0.40367075    0.04883397   -0.26371467   -0.49682360    0.82681369
   -0.43410379   -0.60812952   -0.66462951    0.00455538   -0.73924230    0.67342414   -0.90085134    0.28930834    0.32367815
   -0.40642604   -0.61392746   -0.67669118   -0.89273302    0.10913528    0.43716959   -0.19453954    0.78178166   -0.59242873
   -0.44333120   -0.29263095   -0.84724529   -0.59145313    0.80573589    0.03119093    0.67352850    0.51493379   -0.53028535
   -0.31378405   -0.20951537   -0.92609010    0.59532451    0.71641147   -0.36379025    0.73968122   -0.66547571   -0.10006886
   -0.25821244   -0.08014995   -0.96275767    0.91393761   -0.34326006   -0.21654232   -0.31312040   -0.93581436    0.16188607
   -0.36925498    0.02551814   -0.92897771   -0.04812027   -0.99880699   -0.00830918   -0.92808146    0.04163445    0.37004239
   -0.32722547    0.37331102   -0.86807970   -0.92170518   -0.32858522    0.20613421   -0.20828599    0.86756592    0.45160416
   -0.39527190    0.36589637   -0.84254375   -0.50015382    0.68361664    0.53152088    0.77045849    0.63149675   -0.08720998
   -0.23834324    0.51662878   -0.82236683    0.76794044    0.61862024    0.16606167    0.59452501   -0.59194907   -0.54418408
   -0.31632418    0.85083237   -0.41955129    0.86738222    0.08030207   -0.49112082   -0.38417066   -0.51926472   -0.76339836
   -0.34403146    0.78442282   -0.51606511   -0.15100443   -0.58868226   -0.79413529   -0.92673622   -0.19527940    0.32097654
    0.10998576    0.89876807   -0.42440440   -0.99356922    0.11097277   -0.02247781    0.02689500    0.42414739    0.90519371
   -0.11503632    0.93775327    0.32769720   -0.32007992   -0.34728464    0.88144327    0.94038050   -0.00349130    0.34010633
   -0.10649991    0.99429029   -0.00667725    0.77439338    0.08715490    0.62667289    0.62367673    0.06156979   -0.77925381
    0.31722753    0.78280410    0.53533581    0.71699601    0.17149835   -0.67565156   -0.62071202    0.59816892   -0.50686342
   -0.05024582    0.65884874    0.75059556   -0.45131660    0.65545599   -0.60554997   -0.89094819   -0.36918259    0.26441544
   -0.02463606    0.68055502    0.73228269   -0.98352108   -0.14773658    0.10421220    0.17910707   -0.71764808    0.67297986
    0.06491615    0.40545447    0.91180731   -0.20898407   -0.88794829    0.40972368    0.97576204   -0.21715089    0.02709135
   -0.08125704    0.39850187    0.91356092    0.89486222   -0.37444272    0.24292850    0.43888370    0.83725080   -0.32617816
   -0.14347514    0.06062179    0.98779547    0.64300877    0.76444702    0.04648090   -0.75229955    0.64183000   -0.14865948
    0.05523393   -0.06259739    0.99650930   -0.50877878    0.85698002    0.08203292   -0.85912360   -0.51153379    0.01548615
   -0.14295785   -0.26692165    0.95305608   -0.92876289   -0.29656377   -0.22237226    0.34199787   -0.91695298   -0.20551080
    0.07171431   -0.54003381    0.83858246    0.03842112   -0.83862754   -0.54334856    0.99668494    0.07118515   -0.03939289
   -0.01408736   -0.57503076    0.81801050    0.87745078   -0.39939033   -0.26564544    0.47945978    0.71402170    0.51018754
   -0.17605449   -0.78635786    0.59215381    0.57995563    0.40320461    0.70786828   -0.79539693    0.46804633    0.38506669
    0.11153206   -0.86559899    0.48815878   -0.50822470    0.37244185    0.77652735   -0.85397205   -0.33470204   -0.39837958
    0.12081946   -0.96341767    0.23922594   -0.96442413   -0.17100535   -0.20160177    0.23513562   -0.20635785   -0.94980402
   -0.11895480   -0.99023925    0.07263600   -0.04500499   -0.06770285   -0.99668996    0.99187918   -0.12183004   -0.03651212
    0.23035832   -0.96973180   -0.08096473    0.91748159    0.24416481   -0.31402400    0.32428779   -0.00194561    0.94595647
    0.14150324   -0.94732671   -0.28731330    0.42680291   -0.20349152    0.88115292   -0.89320552   -0.24731215    0.37552709
    0.23812640   -0.89023249   -0.38830649   -0.60156161   -0.44907526    0.66064744   -0.76250865    0.07627268   -0.64246637
    0.26729560   -0.75679047   -0.59650754   -0.92136478   -0.01943037   -0.38821309    0.28220561    0.65336869   -0.70247374
    0.43035228   -0.63580817   -0.64073776    0.06885184    0.73088567   -0.67901809    0.90003130    0.24810101    0.35831488
    0.33112271   -0.44026970   -0.83457794    0.92890985    0.30749324    0.20633565    0.16578374   -0.84357009    0.51078885
    0.36992310   -0.29540556   -0.88084758    0.46565528   -0.76146575    0.45092689   -0.80394158   -0.57697960   -0.14412661
    0.41206411    0.04003962   -0.91027468   -0.58067896   -0.75833139   -0.29621857   -0.70215035    0.65063840   -0.28923099
    0.33275345    0.03238994   -0.94245745   -0.81780245    0.50753936   -0.27129863    0.46954690    0.86101956    0.19537405
    0.39125996    0.28367822   -0.87546691    0.24343850    0.88551410    0.39573032    0.88749836   -0.36795578    0.27740801
    0.45619160    0.43758167   -0.77486225    0.88986087   -0.21837831    0.40057276    0.00607019   -0.87225753   -0.48900916
    0.21794868    0.59935101   -0.77024460    0.28025564   -0.79441260   -0.53885564   -0.93485568   -0.09842252   -0.34111268
    0.52414373    0.62521283   -0.57825796   -0.73511958   -0.01066186   -0.67785362   -0.42996808    0.78038147    0.45401785
    0.38576639    0.81647294   -0.42960007   -0.71788022    0.55812458    0.41610690    0.57951038    0.14788134    0.80143548
    0.52620396    0.84440055   -0.10048435    0.26883205   -0.05308186    0.96172327    0.80674576   -0.53307601   -0.25493381
    0.78359878    0.62123402   -0.00642203    0.59502328   -0.75343012   -0.27980413   -0.17866239    0.21543292   -0.96003563
    0.84444701    0.53527694   -0.01969383   -0.00083656   -0.03544897   -0.99937114   -0.53563846    0.84393244   -0.02948698
    0.72710567    0.59003151    0.35097033   -0.61657981    0.78605609   -0.04410397   -0.30190510   -0.18433297    0.93534735
    0.83765908    0.39062718    0.38175604   -0.38792187   -0.06655159    0.91928641    0.38450473   -0.91814013    0.09578528
    0.73672488    0.40400789    0.54223065    0.34448158   -0.91427179    0.21316550    0.58186674    0.02974414   -0.81274005
    0.80130638    0.25908812    0.53924153    0.57796885   -0.10253028   -0.80959222   -0.15446714    0.96039622   -0.23190302
    0.61048901    0.22577402    0.75916353    0.00223887    0.95801412   -0.28671227   -0.79202156    0.17673436    0.58435162
    0.83051014    0.02270783    0.55654044   -0.53057397    0.33637911    0.77803622   -0.16954107   -0.94145284    0.29141445
    0.64651829   -0.20418239    0.73506711   -0.47921177   -0.85840045    0.18304304    0.59360777   -0.47059348   -0.65281819
    0.69928787   -0.17145844    0.69397297    0.53718762   -0.51445317   -0.66840661    0.47162054    0.84020232   -0.26764551
    0.74795688   -0.35997259    0.55765603    0.62269025    0.67145434   -0.40175357   -0.22982029    0.64774131    0.72637031
    0.69949219   -0.61243486    0.36828551   -0.04596808    0.47571785    0.87839596   -0.71316029   -0.63136050    0.30460847
    0.57857648   -0.60304458    0.54916891   -0.80918091   -0.33990542    0.47926043   -0.10234992   -0.72166581   -0.68463344
    0.47778889   -0.86636623    0.14535244   -0.55749888   -0.42690705   -0.71200096    0.67890557    0.25915232   -0.68696965
    0.91106872   -0.40878716   -0.05335586    0.17064654    0.49176728   -0.85384114    0.37527797    0.76880296    0.51779190
    0.94726725   -0.31388132   -0.06452350    0.29016449    0.75474531    0.58835711   -0.13597550   -0.57605384    0.80602273
    0.91474935   -0.27524499   -0.29575975    0.20146568   -0.32378244    0.92443307   -0.35020738   -0.90520999   -0.24072736
    0.92576574    0.24389885   -0.28891374    0.06594549   -0.85656949   -0.51180065   -0.37230228    0.45475495   -0.80906671
    0.99059934    0.01855197   -0.13553146   -0.13538353   -0.00901568   -0.99075225   -0.01960232    0.99978725   -0.00641930
    0.95768801    0.27190564   -0.09434511   -0.26509022    0.96100341    0.07873774    0.11207520   -0.05039622    0.99242096
