# Rotation matrices: 36 entries, row-major flattening of 3x3 -> 1x9
# https://github.com/Neurophysics-CFIN/GFO
# Col:  1    2    3    4    5    6    7    8    9
#       R11  R12  R13  R21  R22  R23  R31  R32  R33
# where Rij = R(i,j), i = row index, j = column index

    0.89013677   -0.45530400   -0.01883630   -0.34246919   -0.64112764   -0.68678250    0.30061834    0.61778121   -0.72661887
    0.52307827   -0.79175198   -0.31546463    0.38268714    0.54891711   -0.74312890    0.76153771    0.26799032    0.59011991
    0.28343052   -0.95837928    0.03429716    0.94510170    0.28521144    0.15949048   -0.16263432   -0.01279017    0.98660351
    0.05577241   -0.71613555   -0.69572934    0.56531091   -0.55171577    0.61321552   -0.82299028   -0.42750390    0.37406872
   -0.19140038   -0.81139242   -0.55227550   -0.76575704   -0.22854057    0.60115336   -0.61398864    0.53796984   -0.57758671
   -0.28065060   -0.17495175   -0.94373043   -0.59847906    0.80059285    0.02956182    0.75037194    0.57309944   -0.32939182
   -0.52441160    0.17646481   -0.83297817    0.60113806    0.76956202   -0.21542360    0.60301368   -0.61370553   -0.50964697
    0.42857057    0.77063913   -0.47163821    0.33086927   -0.61961046   -0.71176429   -0.84074538    0.14899064   -0.52052762
   -0.19121166    0.85419645   -0.48351477   -0.97529970   -0.22084082   -0.00445233   -0.11058297    0.47072047    0.87532488
    0.56319767    0.82384602   -0.06392282   -0.74399584    0.53922729    0.39459361    0.35955330   -0.17467589    0.91662956
    0.47765354    0.49247864    0.72753824    0.15512300   -0.86237974    0.48191082    0.86474502   -0.11732850   -0.48831350
    0.90939801    0.32923072    0.25417002    0.41582170   -0.70591057   -0.57339565   -0.00935816    0.62713427   -0.77885495
    0.87920289    0.07968693    0.46973638    0.13029262    0.90811955   -0.39792300   -0.45828606    0.41105824    0.78803871
    0.94693323   -0.30237091    0.10903801    0.02261575    0.40106213    0.91577164   -0.32063372   -0.86470862    0.38661740
    0.56224217   -0.64256650    0.52056894   -0.82632722   -0.41166194    0.38434071   -0.03266605   -0.64625284   -0.76242389
    0.76314615   -0.07731830    0.64158385   -0.00520839   -0.99352029   -0.11353550    0.64620495    0.08330256   -0.75860388
    0.62456956   -0.63960966    0.44812090    0.44283892   -0.18258460   -0.87781351    0.64327797    0.74670098    0.16920727
    0.25293363   -0.40483458    0.87871130    0.42167631    0.86356711    0.27647955   -0.87075466    0.30060076    0.38913431
   -0.26671561    0.26941681    0.92535257   -0.89548377    0.28570873   -0.34129071   -0.35633076   -0.91966576    0.16505540
   -0.89238952    0.00861709    0.45118365   -0.43345933    0.26172033   -0.86233142   -0.12551472   -0.96510529   -0.22982132
   -0.13449793   -0.49010485    0.86122444   -0.04041785   -0.86568476   -0.49895520    0.99008924   -0.10191728    0.09662382
   -0.40570090    0.54412265    0.73439589    0.25616396   -0.70359986    0.66281767    0.87737495    0.45703149    0.14606648
   -0.87826532   -0.03762084    0.47669141    0.42382562    0.40034994    0.81246032   -0.22140882    0.91558975   -0.33566879
   -0.97605013   -0.21742896   -0.00712673   -0.21747703    0.97439494    0.05708104   -0.00546683    0.05726385   -0.99834411
   -0.60363632   -0.50406648    0.61768939   -0.74600912    0.08381369   -0.66064033    0.28123582   -0.85958842   -0.42663118
   -0.58134267   -0.79498944   -0.17329883    0.32175987   -0.02898988   -0.94637739    0.74733613   -0.60593017    0.27264876
   -0.55792062   -0.60254159   -0.57067348    0.65045228   -0.74454651    0.15020761   -0.51539928   -0.28739194    0.80732240
   -0.05122231   -0.13787125   -0.98912476   -0.53545540   -0.83224300    0.14373277   -0.84300877    0.53699452   -0.03119450
    0.57107434    0.08559746   -0.81642341   -0.77708799   -0.26419209   -0.57125895   -0.26459092    0.96066415   -0.08435657
    0.23930401    0.31731116   -0.91763131   -0.92895824    0.34973998   -0.12132000    0.28243616    0.88147353    0.37846299
    0.80982877    0.54350265   -0.22086701    0.26803952   -0.00788999    0.96337561    0.52185455   -0.83937037   -0.15206973
    0.05766017    0.86994614   -0.48976425    0.92478316   -0.23135794   -0.30207551   -0.37610027   -0.43550801   -0.81785167
    0.13624264    0.99059063    0.01296694    0.81805625   -0.10511099   -0.56545172   -0.55876821    0.08764632   -0.82467946
   -0.13873938    0.95956171    0.24493408    0.01635789    0.24951270   -0.96823336   -0.99019382   -0.13032549   -0.05031364
   -0.64422933    0.40549611    0.64849169   -0.72087874   -0.60522004   -0.33770187    0.25554337   -0.68504132    0.68221402
   -0.74804000    0.64737109    0.14610555   -0.30863417   -0.53424116    0.78697607    0.58752115    0.54359641    0.59943460
