# Rotation matrices: 22 entries, row-major flattening of 3x3 -> 1x9
# https://github.com/Neurophysics-CFIN/GFO
# Col:  1    2    3    4    5    6    7    8    9
#       R11  R12  R13  R21  R22  R23  R31  R32  R33
# where Rij = R(i,j), i = row index, j = column index

    0.18052002   -0.60345213    0.77669689   -0.39120615    0.68046908    0.61961244   -0.90242466   -0.41570105   -0.11323589
   -0.41377767   -0.68632613    0.59811745   -0.68324103   -0.20007496   -0.70224761    0.60163921   -0.69923276   -0.38613962
   -0.97495580    0.14994052   -0.16425292   -0.02395905   -0.80506574   -0.59270155   -0.22110437   -0.57392247    0.78849595
   -0.46704331    0.57900617   -0.66829814   -0.56663165   -0.77619558   -0.27649412   -0.67882186    0.24954415    0.69060017
    0.11025432    0.98536563   -0.12999445   -0.98656655    0.12436297    0.10592587    0.12054221    0.11656940    0.98584033
    0.33070140    0.92320403    0.19578282   -0.03198914   -0.19637029    0.98000786    0.94319313   -0.33035289   -0.03540743
    0.76548702    0.61614403    0.18546202    0.56079868   -0.78016738    0.27720695    0.31549083   -0.10819146   -0.94274076
    0.88973222    0.45631764    0.01227981    0.08611296   -0.14136440   -0.98620518   -0.44828689    0.87851598   -0.16507133
    0.66446602    0.09020619    0.74185427   -0.18262214    0.98219178    0.04414132   -0.72466135   -0.16480942    0.66910671
    0.30323524    0.59680413    0.74288170   -0.72747280   -0.35855611    0.58499644    0.61549307   -0.71781777    0.32543192
    0.07411760    0.69481404    0.71536007   -0.01937079   -0.71619469    0.69763167    0.99706136   -0.06556388   -0.03962354
   -0.38102311    0.78426606    0.48964082    0.79030545    0.55111763   -0.26774364   -0.47983194    0.28494929   -0.82979829
   -0.26332589    0.94700604   -0.18395391    0.66140451    0.03841068   -0.74904519   -0.70228452   -0.31891094   -0.63646859
   -0.65011147    0.74534879   -0.14768298   -0.24323549   -0.38827494   -0.88886392   -0.71985525   -0.54193889    0.43371726
   -0.62128042    0.57822164    0.52883871   -0.77852197   -0.53210954   -0.33281074    0.08896175   -0.61848135    0.78074748
   -0.87413790   -0.05609677    0.48242729    0.44015923   -0.51135483    0.73808949    0.20528708    0.85753682    0.47168615
   -0.10024515    0.05529784    0.99342491    0.99039471   -0.09002085    0.10495028    0.09523248    0.99440354   -0.04574254
   -0.60207125    0.13838954    0.78635777    0.22429675    0.97452087    0.00022780   -0.76629053    0.17651464   -0.61777132
    0.68038358    0.03730708    0.73190598   -0.67027521    0.43549847    0.60089286   -0.29632637   -0.89941607    0.32131202
    0.94441665   -0.32842789   -0.01457106   -0.26530204   -0.78757001    0.55619089   -0.19414434   -0.52141020   -0.83092682
    0.62634162    0.56488204   -0.53721919   -0.73687545    0.20413785   -0.64447056   -0.25438308    0.79952237    0.54410774
    0.12392441    0.16328674   -0.97876462   -0.71993705    0.69360467    0.02456022    0.68288607    0.70160530    0.20351072
