# Rotation matrices: 33 entries, row-major flattening of 3x3 -> 1x9
# https://github.com/Neurophysics-CFIN/GFO
# Col:  1    2    3    4    5    6    7    8    9
#       R11  R12  R13  R21  R22  R23  R31  R32  R33
# where Rij = R(i,j), i = row index, j = column index

    0.69962726   -0.56291296   -0.44005761   -0.67360033   -0.72503646   -0.14347378   -0.23829456    0.39680112   -0.88643363
   -0.03299671   -0.97303979    0.22826472    0.42608686   -0.22028990   -0.87745219    0.90408031    0.06830756    0.42186831
    0.34071001   -0.72715157   -0.59595914    0.93828201    0.22285041    0.26450814   -0.05952777   -0.64929831    0.75820060
   -0.02353126   -0.87915789   -0.47594924    0.11719777   -0.47522427    0.87202441   -0.99282978   -0.03526036    0.11421796
   -0.48311936   -0.17970122   -0.85691490   -0.87555070    0.09627447    0.47343657   -0.00257810    0.97899882   -0.20384959
    0.19153718   -0.22901844   -0.95439199   -0.42830006    0.85542215   -0.29122502    0.88310394    0.46454656    0.06575653
   -0.32488247    0.41526440   -0.84970986    0.89389592    0.42824952   -0.13248561    0.30887129   -0.80259443   -0.51033392
    0.10793720    0.72287249   -0.68249903    0.71833005   -0.53130430   -0.44912991   -0.68727833   -0.44178174   -0.57660853
    0.43323062    0.87308664   -0.22367598   -0.67957099    0.15341945   -0.71738814   -0.59202575    0.46279822    0.65979036
    0.54218302    0.81157320    0.21768445   -0.57626480    0.17060053    0.79925862    0.61151979   -0.55878834    0.56017778
    0.85585149    0.27286931    0.43938659    0.21111006   -0.95982167    0.18486457    0.47217663   -0.06545769   -0.87907026
    0.91434743   -0.00334548    0.40491677    0.25791112   -0.76608656   -0.58872170    0.31217085    0.64272871   -0.69960644
    0.96639290   -0.23984759    0.09250887    0.25592052    0.93160706   -0.25809490   -0.02427848    0.27309600    0.96168037
    0.62486107   -0.65995032    0.41715011    0.13993106    0.62031926    0.77176636   -0.76809371   -0.42387449    0.47996091
    0.72968309   -0.43234088    0.52975839   -0.68109609   -0.52819189    0.50707144    0.06058637   -0.73081782   -0.67987837
    0.47510899   -0.15342237    0.86644851    0.10041586   -0.96879607   -0.22660720    0.87417853    0.19466828   -0.44487768
   -0.19687066   -0.38146538    0.90317557    0.95662835   -0.27648698    0.09174500    0.21471874    0.88206525    0.41935278
   -0.65176689   -0.12324231    0.74833900    0.28777441    0.87273218    0.39436587   -0.70170208    0.47238742   -0.53335196
   -0.63198198    0.23525274    0.73841379   -0.57255134    0.50039993   -0.64944967   -0.52228702   -0.83322029   -0.18154947
   -0.88570899    0.05383078    0.46110936   -0.46296760   -0.02890675   -0.88590372   -0.03435971   -0.99813158    0.05052487
   -0.89230763    0.44204184    0.09157568   -0.44617618   -0.89444294   -0.02997746    0.06865793   -0.06760800    0.99534680
   -0.88407649   -0.46619058    0.03278864    0.06125089   -0.04602884    0.99706052   -0.46331100    0.88348610    0.06924760
   -0.94743632   -0.24313907    0.20796107    0.06567715    0.48835054    0.87017255   -0.31313084    0.83809137   -0.44671236
   -0.69109249   -0.63424978    0.34658100   -0.53742429    0.77157645    0.34035998   -0.48328698    0.04895918   -0.87409192
   -0.62240627   -0.59290282   -0.51095663   -0.17077836    0.73996244   -0.65060767    0.76383584   -0.31768196   -0.56181224
   -0.36920579   -0.52299674   -0.76821969    0.29087740    0.72005868   -0.63000463    0.88265362   -0.45605911   -0.11372190
    0.08265486   -0.55948405   -0.82470951    0.87778730   -0.35095769    0.32606465   -0.47186612   -0.75087036    0.46209964
    0.04109870    0.00344318   -0.99914916    0.75812213   -0.65147015    0.02893933   -0.65081621   -0.75866645   -0.02938493
    0.48496297    0.52254038   -0.70125778   -0.56409182   -0.42585089   -0.70742592   -0.66828986    0.73864915    0.08823884
   -0.21266964    0.82430364   -0.52468574   -0.95761405   -0.06905837    0.27965383    0.19428573    0.56192032    0.80405137
    0.15814847    0.96373353    0.21495756   -0.22910471   -0.17594195    0.95736903    0.96046868   -0.20065424    0.19297094
   -0.39737280    0.91617641   -0.05211187    0.80107643    0.37403093    0.46730870    0.44762866    0.14395017   -0.88255704
   -0.52610143    0.83910606    0.13826896    0.56297588    0.46550426   -0.68290844   -0.63739740   -0.28143702   -0.71729893
