# Rotation matrices: 9 entries, row-major flattening of 3x3 -> 1x9
# https://github.com/Neurophysics-CFIN/GFO
# Col:  1    2    3    4    5    6    7    8    9
#       R11  R12  R13  R21  R22  R23  R31  R32  R33
# where Rij = R(i,j), i = row index, j = column index

   -0.65150808   -0.17551378    0.73805971    0.65934513    0.35019547    0.66530229   -0.37523489    0.92008589   -0.11243102
   -0.81726733   -0.57200345    0.06990111    0.51465055   -0.77907411   -0.35802004    0.25924684   -0.25662344    0.93109371
   -0.23278760   -0.92251260    0.30786432    0.95171350   -0.15094749    0.26731304   -0.20012830    0.35522579    0.91310640
    0.32175714   -0.73531176   -0.59648048   -0.35126388   -0.67772695    0.64598751   -0.87925311    0.00167096   -0.47635194
   -0.96434349    0.07570908   -0.25359370   -0.15532110    0.61393150    0.77392730    0.21428248    0.78572021   -0.58028163
    0.06887247   -0.08059631    0.99436453   -0.50963588   -0.85970291   -0.03438276    0.85762921   -0.50439581   -0.10028464
    0.42182057    0.59257887    0.68623442    0.45867524   -0.79234022    0.40226111    0.78210257    0.14507673   -0.60602666
    0.42786899   -0.59685544    0.67874274    0.88465000    0.12262056   -0.44984284    0.18526333    0.79292357    0.58047370
    0.66866565   -0.73039537   -0.13931567   -0.03965200    0.15206918   -0.98757414    0.74250520    0.66588105    0.07272180
