# Rotation matrices: 45 entries, row-major flattening of 3x3 -> 1x9
# https://github.com/Neurophysics-CFIN/GFO
# Col:  1    2    3    4    5    6    7    8    9
#       R11  R12  R13  R21  R22  R23  R31  R32  R33
# where Rij = R(i,j), i = row index, j = column index

   -0.97299557    0.01553943   -0.23030014   -0.04807689    0.96220614    0.26804471    0.22576147    0.27187842   -0.93547522
   -0.96280217   -0.13304379   -0.23518359    0.14289791    0.48800381   -0.86106473    0.22932980   -0.86264224   -0.45083945
   -0.62810745    0.16384779   -0.76068057    0.45731231   -0.71320257   -0.53123210   -0.62956055   -0.68153943    0.37303823
   -0.59589505    0.24963250   -0.76327760   -0.39933738   -0.91672621    0.01194652   -0.69673434    0.31192415    0.64596020
   -0.62768293    0.50985417   -0.58827108   -0.75488538   -0.58323934    0.29996657   -0.19016363    0.63236113    0.75097084
   -0.88748589    0.30943743   -0.34149271   -0.06266511    0.65311295    0.75466321    0.45655436    0.69115263   -0.56023760
   -0.19623650    0.83808347   -0.50902586    0.93154326    0.32141159    0.17006396    0.30613461   -0.44080685   -0.84378369
   -0.70332718    0.69106589   -0.16660973    0.56893708    0.40670614   -0.71477319   -0.42619418   -0.59750987   -0.67922050
   -0.60818059    0.78613430   -0.11004195   -0.56135846   -0.52395435   -0.64058452   -0.56124242   -0.32781809    0.75996200
   -0.78182690    0.50863857    0.36060158   -0.28274665   -0.80470118    0.52202523    0.55569868    0.30617448    0.77295289
   -0.59058829    0.69107933    0.41667113    0.27653849   -0.31175340    0.90903041    0.75811077    0.65208832   -0.00699212
   -0.92855306    0.23959645    0.28351852    0.36708403    0.70612534    0.60550501   -0.05512276    0.66631865   -0.74362688
   -0.34902770    0.66482229    0.66044757    0.50007755    0.72816819   -0.46871476   -0.79252893    0.16668056   -0.58661357
   -0.52977339    0.21602986    0.82016538   -0.83181442    0.05647495   -0.55217329   -0.16560472   -0.97475211    0.14977782
    0.08068581    0.70828787    0.70129744   -0.84824415   -0.32068684    0.42147575    0.52342302   -0.62887856    0.57492616
    0.17026059    0.12163888    0.97786263    0.19727875   -0.97646907    0.08711634    0.96544934    0.17807904   -0.19025096
    0.26531357    0.19188146    0.94487577    0.95103753    0.10906592   -0.28919240   -0.15854441    0.97533898   -0.15354980
   -0.35704604   -0.42938738    0.82954482    0.26166939    0.80654496    0.53010788   -0.89668682    0.40633940   -0.17561615
    0.10748192   -0.32593877    0.93926117   -0.80352339    0.52787620    0.27513067   -0.58548937   -0.78428989   -0.20516228
    0.06890411   -0.48002114    0.87454670   -0.78551229   -0.56651541   -0.24905971    0.61499811   -0.66980594   -0.41609774
    0.33599194   -0.75818679    0.55880427    0.58463262   -0.29727916   -0.75487072    0.73845387    0.58032568    0.34337733
   -0.39972227   -0.89885196    0.17968657    0.91582350   -0.38336603    0.11957343   -0.03859308    0.21235735    0.97642969
   -0.04912206   -0.82451060    0.56371030   -0.34434706    0.54376896    0.76533680   -0.93755646   -0.15651707   -0.31062885
   -0.13926306   -0.98133974   -0.13258245   -0.95221167    0.09595270    0.28997589   -0.27184322    0.16662949   -0.94780582
    0.22526108   -0.96888143   -0.10259739   -0.54497338   -0.03800941   -0.83759137    0.80762705    0.24458958   -0.53657663
    0.26504164   -0.96404002   -0.01948763    0.38356789    0.12395304   -0.91515644    0.88466299    0.23507973    0.40262751
    0.26261738   -0.80333612   -0.53449340    0.95629874    0.14289712    0.25509435   -0.12854894   -0.57812757    0.80575659
   -0.32476627   -0.77279838   -0.54526097    0.01309613   -0.58013029    0.81441840   -0.94570363    0.25735482    0.19852742
   -0.59587293   -0.57901730   -0.55648398   -0.77503680    0.23310711    0.58734916   -0.21036495    0.78128102   -0.58766194
   -0.03559295   -0.44447159   -0.89508555   -0.37417692    0.83643168   -0.40046681    0.92667404    0.32066656   -0.19608208
    0.33275110   -0.22680620   -0.91533363    0.69501285    0.71502383    0.07548554    0.63736476   -0.66128653    0.39555819
    0.26443144    0.17274739   -0.94880680    0.92462353   -0.32506291    0.19850802   -0.27413015   -0.92978086   -0.24568315
    0.68319727   -0.12080137   -0.72017256   -0.24878571   -0.96572584   -0.07402214   -0.68654727    0.22974036   -0.68983491
    0.82370105    0.12358234   -0.55339316   -0.55854590    0.34498170   -0.75433024    0.09768862    0.93043809    0.35318820
    0.87446500    0.42742198   -0.22939360   -0.33525490    0.87429165    0.35102458    0.35059253   -0.23005338    0.90783276
    0.53030427    0.52742114   -0.66378033    0.66674503    0.22415329    0.71077871    0.52366826   -0.81950122   -0.23278597
    0.55954375    0.64595519   -0.51928093    0.70641751   -0.69938297   -0.10880151   -0.43345714   -0.30594994   -0.84764942
    0.28081629    0.92212267   -0.26614280   -0.02962711   -0.26884018   -0.96272903   -0.95930415    0.27823504   -0.04817487
    0.83560576    0.54276150    0.08469339   -0.53068595    0.83742005   -0.13076726   -0.14189938    0.06432428    0.98778892
    0.72790796    0.68554863    0.01315549    0.00870627   -0.02842546    0.99955800    0.68561957   -0.72747169   -0.02665969
    0.38996238    0.86807254    0.30721230    0.70533634   -0.49606520    0.50637927    0.59197128    0.01921913   -0.80572988
    0.78277109    0.33731842    0.52295860    0.53998415    0.04954935   -0.84021544   -0.30933240    0.94008571   -0.14336080
    0.63162408    0.27261635    0.72576259    0.04630578    0.92119879   -0.38632702   -0.77389069    0.27762045    0.56922763
    0.92904558   -0.36817849   -0.03631681    0.15097359    0.28767177    0.94575469   -0.33775921   -0.88413209    0.32284541
    0.92338673    0.17912128   -0.33951807    0.36246126   -0.69808706    0.61749193   -0.12640723   -0.69324600   -0.70952885
