# Rotation matrices: 84 entries, row-major flattening of 3x3 -> 1x9
# https://github.com/Neurophysics-CFIN/GFO
# Col:  1    2    3    4    5    6    7    8    9
#       R11  R12  R13  R21  R22  R23  R31  R32  R33
# where Rij = R(i,j), i = row index, j = column index

   -0.99913353   -0.04155521   -0.00231178   -0.04158114    0.99428946    0.09828261   -0.00178557    0.09829357   -0.99515586
   -0.99403023   -0.02814268   -0.10541298    0.08114930    0.45510938   -0.88673008    0.07292939   -0.88999070   -0.45010872
   -0.95876809    0.06611840   -0.27639123    0.21910737   -0.44739222   -0.86708256   -0.18098540   -0.89189044    0.41445835
   -0.75954222    0.35833535   -0.54285485   -0.35461091   -0.92775914   -0.11625010   -0.54529507    0.10420539    0.83174186
   -0.75876359    0.44467001   -0.47596889   -0.61656291   -0.25465104    0.74498525    0.21006663    0.85873245    0.46738698
   -0.66535722    0.72004197   -0.19707700    0.16557460    0.39975426    0.90154400    0.72793188    0.56721786   -0.38520005
   -0.62349555    0.67434492   -0.39561627    0.76856188    0.62147280   -0.15193481    0.14340828   -0.39878626   -0.90576133
   -0.86070308    0.50312349    0.07782652    0.17353851    0.43365153   -0.88421193   -0.47861738   -0.74753803   -0.46055650
   -0.72830785    0.68242591   -0.06214937   -0.38554837   -0.48306407   -0.78613075   -0.56649812   -0.54858361    0.61492756
   -0.70665549    0.70110270    0.09535731   -0.63172973   -0.68586726    0.36125288    0.31867783    0.19504128    0.92757929
   -0.77090783    0.57978405    0.26372631    0.17236933   -0.20869930    0.96266994    0.61318018    0.78758812    0.06095094
   -0.80800307    0.48789642    0.33028490    0.58366152    0.58630496    0.56177018    0.08043798    0.64668662   -0.75850257
   -0.84674819    0.33153645    0.41605419    0.11446292    0.87728601   -0.46611962   -0.51953416   -0.34706317   -0.78078897
   -0.89714182    0.10968102    0.42790961   -0.40549622    0.17980575   -0.89623809   -0.17524092   -0.97756839   -0.11683601
   -0.69312562    0.21342430    0.68849614   -0.54370219   -0.78190554   -0.30497814    0.47324920   -0.58572502    0.65799802
   -0.81236390   -0.07394182    0.57844403    0.30519085   -0.89914895    0.31367135    0.49691391    0.43135111    0.75300252
   -0.79346994   -0.15009948    0.58980979    0.58157738    0.09861623    0.80749154   -0.17936888    0.98374030    0.00904545
   -0.54320031   -0.09031667    0.83473128    0.09354224    0.98149772    0.16706907   -0.83437598    0.16883460   -0.52470145
   -0.51938975   -0.50351505    0.69043963   -0.74884772    0.65740996   -0.08390020   -0.41165688   -0.56061105   -0.71850809
   -0.37747099   -0.58822868    0.71519415   -0.63719391   -0.39542541   -0.66153055    0.67193718   -0.70542595   -0.22555411
   -0.21646694   -0.67962583    0.70089285    0.50492629   -0.69237741   -0.51542503    0.83557854    0.24232675    0.49303777
   -0.38625918   -0.86020095    0.33295370    0.89979523   -0.27198614    0.34116285   -0.20290981    0.43136743    0.87906186
   -0.33803623   -0.93057720    0.14056167    0.06294554    0.12666403    0.98994650   -0.93902575    0.34348552    0.01575866
   -0.30342962   -0.94928805   -0.08235688   -0.92190125    0.27062353    0.27723814   -0.24089114    0.16004718   -0.95726504
   -0.44700297   -0.88637614   -0.12052255   -0.61043280    0.40074147   -0.68321158    0.65388083   -0.23182669   -0.72020570
   -0.35904543   -0.84722170   -0.39153769    0.54034631    0.15335953   -0.82734921    0.76099424   -0.50862190    0.40273008
   -0.58559125   -0.75571889   -0.29320956    0.80360196   -0.58867135   -0.08769228   -0.10633335   -0.28697561    0.95201797
   -0.34086210   -0.79429643   -0.50289780    0.05695272   -0.55139746    0.83229636   -0.93838660    0.25505689    0.23318784
   -0.32790240   -0.58616350   -0.74087270   -0.87502699   -0.10716353    0.47206329   -0.35610080    0.80307430   -0.47776971
   -0.40020816   -0.53568630   -0.74355471   -0.56053080    0.78498202   -0.26383413    0.72500941    0.31119675   -0.61442488
   -0.40175502   -0.34370755   -0.84879799    0.64605409    0.55052058   -0.52871656    0.64900464   -0.76078394    0.00087926
   -0.18709240   -0.07105068   -0.97976948    0.95003476   -0.26677279   -0.16206863   -0.24986076   -0.96113687    0.11741178
   -0.40789376   -0.09924608   -0.90761936   -0.12290485   -0.97905849    0.16229252   -0.90471934    0.17774893    0.38715402
   -0.30825665    0.21769956   -0.92605871   -0.92388443   -0.30054094    0.23688119   -0.22674962    0.92859143    0.29377298
   -0.44378774    0.64367553   -0.62348557   -0.38430763    0.49182212    0.78129293    0.80954314    0.58633849    0.02910479
   -0.18293290    0.46789880   -0.86464228    0.78179378    0.60249138    0.16063197    0.59609902   -0.64658708   -0.47601587
    0.24796546    0.85371962   -0.45790386    0.76597516   -0.46216187   -0.44686515   -0.59312325   -0.23993586   -0.76852820
   -0.25926789    0.89272963   -0.36852947   -0.19982853   -0.42290513   -0.88386640   -0.94490673   -0.15551547    0.28803857
    0.26032349    0.93555309   -0.23868829   -0.96468414    0.24173142   -0.10464426   -0.04020180    0.25750016    0.96544160
   -0.07074414    0.97634199    0.20433206   -0.27793817   -0.21602663    0.93599299    0.95799042    0.00942434    0.28664532
   -0.18698007    0.95811612    0.21691462    0.87619391    0.06280915    0.47784855    0.44421018    0.27940743   -0.85123957
    0.08399436    0.90700179    0.41266536    0.77122678    0.20306788   -0.60330150   -0.63099462    0.36893250   -0.68244751
    0.13380945    0.69961972    0.70187412   -0.37454686    0.69141404   -0.61778740   -0.91750187   -0.18021896    0.35455810
   -0.13988528    0.67210577    0.72712168   -0.98076442   -0.19501330   -0.00842354    0.13613689   -0.71431341    0.68645692
    0.02312651    0.45760782    0.88885333   -0.24495928   -0.85939503    0.44881526    0.96925751   -0.22811240    0.09222048
   -0.07695109    0.40753484    0.90994169    0.83265579   -0.47573362    0.28348167    0.54841851    0.77948245   -0.30272802
   -0.05263468    0.11883740    0.99151766    0.58371817    0.80926887   -0.06600749   -0.81024854    0.57529259   -0.11196316
   -0.05446957   -0.27100300    0.96103613   -0.40596920    0.88533621    0.22664684   -0.91226206   -0.37780572   -0.15824276
   -0.03586060   -0.05033528    0.99808836   -0.98906689   -0.14116372   -0.04265559    0.14304094   -0.98870580   -0.04472274
    0.23127278   -0.52681914    0.81790861   -0.03452327   -0.84461540   -0.53425928    0.97227622    0.09532275   -0.21352407
    0.14113057   -0.62917967    0.76433965    0.88625426   -0.26376505   -0.38076420    0.44117518    0.73113675    0.52038785
    0.04445894   -0.77329906    0.63248080    0.62464122    0.51560501    0.58649366   -0.77964527    0.36899870    0.50595772
    0.21136682   -0.91427222    0.34558701   -0.43260243    0.22954889    0.87187295   -0.87645833   -0.33378679   -0.34699736
    0.13648998   -0.95453689    0.26500908   -0.97143115   -0.18139188   -0.15303106    0.19414428   -0.23655087   -0.95202504
    0.37859581   -0.91579620    0.13409895   -0.09761781   -0.18358441   -0.97814494    0.92039990    0.35723114   -0.15890230
    0.25461995   -0.95830859   -0.12966624    0.88125671    0.28514897   -0.37693060    0.39819003   -0.01829519    0.91712049
    0.41044829   -0.85522176   -0.31642998    0.66644267    0.04448461    0.74422798   -0.62240370   -0.51634955    0.58821491
    0.31112778   -0.80852043   -0.49949397   -0.55677211   -0.58100877    0.59366120   -0.77019758    0.09339982   -0.63092960
    0.49430151   -0.62873868   -0.60029467   -0.82236698   -0.11440543   -0.55733648    0.28174204    0.76915477   -0.57360471
    0.38893148   -0.65391503   -0.64894332    0.12683873    0.73570331   -0.66532140    0.91249342    0.17645329    0.36907993
    0.40654775   -0.38253502   -0.82969023    0.88429156    0.39303908    0.25208871    0.22966793   -0.83617417    0.49806164
    0.56022209   -0.38363398   -0.73414997    0.36770330   -0.67900645    0.63540894   -0.74225703   -0.62591949   -0.23933093
    0.37275225   -0.09234710   -0.92332430   -0.68556334   -0.69797663   -0.20695779   -0.62534684    0.71014128   -0.32348215
    0.44552587    0.06708025   -0.89275245   -0.76569614    0.54527787   -0.34114727    0.46391391    0.83556704    0.29429849
    0.26846519    0.34383237   -0.89983651    0.26887266    0.87025678    0.41274765    0.92500483   -0.35274981    0.14118653
    0.54278002    0.47832304   -0.69035999    0.83500516   -0.21894254    0.50480743    0.09031185   -0.85045354   -0.51823985
    0.74437001    0.50415248   -0.43788533    0.18931957   -0.78816874   -0.58561774   -0.64036817    0.35301602   -0.68213510
    0.79350489    0.57493614   -0.19949543   -0.49775790    0.42456117   -0.75629682   -0.35012437    0.69942565    0.62307037
    0.80459116    0.52803731   -0.27167934   -0.41078979    0.82529617    0.38747642    0.42881792   -0.20015700    0.88093834
    0.68539877    0.70639214   -0.17674466    0.42219692   -0.18775365    0.88684741    0.59327759   -0.68246517   -0.42692270
    0.82313032    0.53076673    0.20184932    0.56778249   -0.77485966   -0.27787685    0.00891711    0.34333537   -0.93917054
    0.86095230    0.50170765    0.08396773    0.07933032    0.03062335   -0.99637790   -0.50246179    0.86449502   -0.01343539
    0.79783074    0.46839870    0.37956391   -0.52221909    0.85152237    0.04687082   -0.30125293   -0.23561050    0.92397747
    0.78362609    0.47220656    0.40367204   -0.44032930   -0.03617811    0.89710716    0.43822398   -0.88074520    0.17957627
    0.72336490    0.30914045    0.61739404    0.27913519   -0.94877447    0.14802210    0.63152733    0.06526241   -0.77260213
    0.76232104    0.20549259    0.61370956    0.64702476   -0.21997318   -0.73004847   -0.01501990    0.95361659   -0.30064897
    0.77851234    0.05720094    0.62501728    0.01086184    0.99446122   -0.10454142   -0.62753531    0.08817562    0.77357902
    0.58265236   -0.06653874    0.80999310   -0.76292209    0.29872997    0.57333262   -0.28011804   -0.95201523    0.12329185
    0.59099677   -0.16391316    0.78984510   -0.50764630   -0.83651559    0.20624476    0.62691151   -0.52285193   -0.57758792
    0.65462295   -0.45739749    0.60187733    0.38859283   -0.47933168   -0.78691598    0.64843227    0.74901848   -0.13604013
    0.95932586   -0.15001988    0.23913998    0.27384347    0.70032922   -0.65920310   -0.06858315    0.69787751    0.71292590
    0.96335346   -0.22135741    0.15149593    0.05800781    0.72334604    0.68804476   -0.26188779   -0.65404235    0.70967837
    0.94742784    0.23734571   -0.21458681    0.31657816   -0.79271447    0.52094341   -0.04646239   -0.56148979   -0.82617823
    0.95806329    0.02899473   -0.28508602   -0.14304769   -0.81365069   -0.56348018   -0.24829839    0.58063057   -0.77538123
