# Rotation matrices: 99 entries, row-major flattening of 3x3 -> 1x9
# https://github.com/Neurophysics-CFIN/GFO
# Col:  1    2    3    4    5    6    7    8    9
#       R11  R12  R13  R21  R22  R23  R31  R32  R33
# where Rij = R(i,j), i = row index, j = column index

   -0.91069559   -0.25036917   -0.32855566   -0.28479289    0.95668619    0.06037000    0.29920987    0.14854901   -0.94255326
   -0.84674924   -0.32015828   -0.42486987    0.18432288    0.57261208   -0.79883696    0.49903988   -0.75472782   -0.42584635
   -0.97587898    0.03961933   -0.21468706    0.17544374   -0.44291168   -0.87923190   -0.12992198   -0.89568943    0.42527723
   -0.89245229    0.08083318   -0.44384108   -0.11927306   -0.99108727    0.05932929   -0.43508947    0.10588684    0.89413933
   -0.86092610    0.13856050   -0.48949692   -0.50691607   -0.31483256    0.80244412   -0.04292251    0.93897894    0.34128611
   -0.95119720    0.28213542   -0.12499395    0.08925604    0.63929033    0.76376779    0.29539337    0.71533732   -0.63327346
   -0.92852151    0.26792651   -0.25702761    0.32089736    0.92732226   -0.19260922    0.18674231   -0.26132129   -0.94701557
   -0.93270380    0.35875899    0.03681862    0.11482743    0.39219600   -0.91268667   -0.34187466   -0.84703854   -0.40699807
   -0.85941338    0.51128129   -0.00029656   -0.36607401   -0.61573900   -0.69775017   -0.35692921   -0.59954727    0.71634113
   -0.86434395    0.48565545   -0.13056922   -0.48533083   -0.73751175    0.46960664    0.13177070    0.46927093    0.87316738
   -0.76433866    0.55416885    0.32967151    0.11740504   -0.38311558    0.91620877    0.63403665    0.73899888    0.22776783
   -0.67323207    0.56152713    0.48108821    0.73733058    0.55881039    0.37957155   -0.05569737    0.61026079   -0.79024020
   -0.49399225    0.62372095    0.60575889    0.27588255    0.77314197   -0.57108696   -0.82453652   -0.11499423   -0.55399987
   -0.57288582    0.21739502    0.79027922   -0.70985471    0.35043431   -0.61098453   -0.40976594   -0.91100779   -0.04643997
   -0.50990246    0.26723135    0.81767163   -0.60470065   -0.78739804   -0.11975578    0.61183054   -0.55551033    0.56309117
   -0.63822684   -0.00974881    0.76978663    0.33655502   -0.90283975    0.26760251    0.69238516    0.42986666    0.57949757
   -0.48070572   -0.04794318    0.87557036    0.87687273   -0.03086800    0.47973053    0.00402730    0.99837299    0.05687849
   -0.64808639   -0.00888958    0.76151494    0.22563932    0.95279375    0.20315256   -0.72737262    0.30348812   -0.61548683
   -0.65360701   -0.48730793    0.57907586   -0.60430152    0.79667040   -0.01165981   -0.45565068   -0.35755736   -0.81519028
   -0.62814139   -0.47522503    0.61611653   -0.56745809   -0.26198830   -0.78061095    0.53238118   -0.83995435   -0.10510459
   -0.69119865   -0.45325654    0.56285249    0.32097138   -0.89036707   -0.32283718    0.64747339   -0.04248508    0.76090290
   -0.63826627   -0.72525396    0.25811405    0.76287210   -0.55096358    0.33832720   -0.10316170    0.41285084    0.90493748
   -0.68194452   -0.70125269    0.20783728    0.02581434    0.26090857    0.96501831   -0.73094821    0.66345413   -0.15982279
   -0.78095125   -0.62457519   -0.00457966   -0.59289491    0.73899316    0.31994489   -0.19644531    0.25257662   -0.94742508
   -0.65183680   -0.74195516   -0.15688000   -0.48973358    0.56978623   -0.65992778    0.57902488   -0.35333581   -0.73476799
   -0.62430198   -0.77207678   -0.11893056    0.55658228   -0.33279388   -0.76122559    0.54814524   -0.54142929    0.63748813
   -0.50434336   -0.53872999   -0.67483908    0.83873822   -0.49145403   -0.23450187   -0.20531919   -0.68428279    0.69971501
   -0.52992904   -0.62176907   -0.57669614    0.01222294   -0.68556189    0.72791174   -0.84795390    0.37869265    0.37089900
   -0.28829950   -0.62516871   -0.72529131   -0.93978152    0.03953410    0.33948160   -0.18355953    0.77948774   -0.59891966
   -0.39557187   -0.17512060   -0.90158509   -0.53259608    0.84348294    0.06984231    0.74824081    0.50780834   -0.42692667
   -0.43810223   -0.20599100   -0.87500523    0.70809811    0.52056494   -0.47708407    0.55377207   -0.82860114   -0.08219883
   -0.20649285   -0.03465968   -0.97783404    0.86570728   -0.47219612   -0.16607747   -0.45597324   -0.88081186    0.12751026
   -0.44718608    0.32771152   -0.83224382   -0.02051517   -0.93397574   -0.35674703   -0.89420564   -0.14245869    0.42438401
   -0.29842843    0.35712761   -0.88509906   -0.94411723   -0.24642852    0.21889640   -0.13993970    0.90096218    0.41071161
   -0.19022485    0.62999967   -0.75293753   -0.37659112    0.66144573    0.64858977    0.90663865    0.40692748    0.11142886
   -0.41625657    0.69869858   -0.58185116    0.61032890    0.68904464    0.39078911    0.67396521   -0.19245204   -0.71325528
   -0.15358823    0.81032399   -0.56549597    0.89289851   -0.13131867   -0.43068277   -0.42325276   -0.57107832   -0.70336808
   -0.33425177    0.88474335   -0.32481526   -0.19624423   -0.40241785   -0.89417452   -0.92182643   -0.23513629    0.30813466
   -0.38179508    0.90659335   -0.17978044   -0.92358883   -0.38157540    0.03720066   -0.03487392    0.18024624    0.98300310
   -0.17125561    0.97531039    0.13943153   -0.21395152   -0.17496052    0.96104816    0.96171527    0.13475330    0.23863211
   -0.36931247    0.91537619    0.16029579    0.83106431    0.24813181    0.49775769    0.41586105    0.31704423   -0.85237465
    0.12770152    0.92103791    0.36794223    0.74296347    0.15692490   -0.65067646   -0.65703699    0.35646001   -0.66425798
   -0.31636316    0.79219625    0.52186153   -0.37657105    0.40004361   -0.83555930   -0.87069432   -0.46085813    0.17175911
   -0.07900249    0.84098387    0.53526136   -0.99685561   -0.06334824   -0.04760147   -0.00612420   -0.53733893    0.84334416
    0.11412820    0.41757230    0.90144779   -0.21445393   -0.87562861    0.43276327    0.97004343   -0.24270952   -0.01038389
   -0.14553435    0.40079742    0.90453368    0.85616061   -0.40714342    0.31815599    0.49579104    0.82072874   -0.28389361
    0.07106656    0.18430162    0.98029713    0.67886931    0.71111262   -0.18290792   -0.73081188    0.67849227   -0.07458039
    0.08156540   -0.10180838    0.99145456   -0.56708448    0.81330889    0.13016848   -0.81961105   -0.57285574    0.00860391
   -0.09052307   -0.26856865    0.95899763   -0.97943417   -0.15034406   -0.13455621    0.18031717   -0.95145549   -0.24943571
    0.02319711   -0.56028878    0.82797245   -0.07428633   -0.82687176   -0.55746268    0.99696712   -0.04857551   -0.06080284
    0.03835641   -0.54933976    0.83471828    0.93383448   -0.27759357   -0.22559913    0.35564300    0.78814189    0.50234492
   -0.12543905   -0.76422363    0.63263520    0.49189524    0.50586493    0.70861819   -0.86157073    0.40007864    0.31246275
    0.04029025   -0.92629115    0.37464837   -0.53328956    0.29714739    0.79202631   -0.84497274   -0.23170701   -0.48200926
   -0.04661521   -0.92777273    0.37022261   -0.88023761   -0.13706224   -0.45430792    0.47223804   -0.34706153   -0.81027127
   -0.02643803   -0.99783707    0.06018479    0.00609237   -0.06036555   -0.99815774    0.99963189   -0.02602265    0.00767514
    0.09726130   -0.98888142   -0.11248902    0.91630514    0.13309008   -0.37771937    0.38849084   -0.06633679    0.91906164
   -0.10594109   -0.96074355   -0.25641434    0.41186943   -0.27710232    0.86808864   -0.90506357   -0.01364297    0.42505742
   -0.08881381   -0.84067768   -0.53420328   -0.63268502   -0.36661550    0.68213103   -0.76929953    0.39856507   -0.49932366
    0.26760867   -0.71016922   -0.65118759   -0.82511744    0.18009112   -0.53548893    0.49756086    0.68060772   -0.53777906
    0.02004932   -0.64293585   -0.76565757    0.23435835    0.74749737   -0.62154956    0.97194351   -0.16697660    0.16566419
    0.14974894   -0.45253876   -0.87908130    0.95569852    0.29412692    0.01138803    0.25340795   -0.84184204    0.47653582
    0.26665568   -0.32408206   -0.90767041    0.32548454   -0.85615955    0.40131115   -0.90716843   -0.40244458   -0.12281610
    0.03325648    0.07412250   -0.99669447   -0.67460036   -0.73414506   -0.07710638   -0.73743363    0.67493473    0.02558798
    0.34532501    0.25366690   -0.90355063   -0.83725027    0.51823098   -0.17449538    0.42398423    0.81675563    0.39134080
    0.33774519    0.21116628   -0.91724424    0.15441639    0.94887394    0.27530680    0.92848466   -0.23462109    0.28787007
    0.23128523    0.56747715   -0.79023846    0.96818640   -0.05451370    0.24421987    0.09551037   -0.82158258   -0.56203187
    0.47975521    0.56120549   -0.67445039    0.34895285   -0.82732358   -0.44019041   -0.80502599   -0.02416774   -0.59274705
    0.49164409    0.70055202   -0.51721655   -0.70244553   -0.03197140   -0.71101906   -0.51464198    0.71288477    0.47638109
    0.26404627    0.88662527   -0.37970409   -0.77547367    0.42923917    0.46302734    0.57351561    0.17218988    0.80089356
    0.28589730    0.90571404   -0.31296137    0.50058599    0.13732779    0.85472495    0.81711468   -0.40102763   -0.41412611
    0.31802018    0.94766643   -0.02813361    0.94692775   -0.31895752   -0.03992408   -0.04680814   -0.01394383   -0.99880657
    0.44813495    0.89333319    0.03362843    0.12524789   -0.02549480   -0.99179785   -0.88514859    0.44867117   -0.12331321
    0.43657964    0.84781260    0.30101830   -0.80015978    0.51886566   -0.30086999   -0.41126942   -0.10950902    0.90491173
    0.64830084    0.63118435    0.42580787   -0.52420397   -0.03557822    0.85084922    0.55219220   -0.77481643    0.30780395
    0.35248286    0.67244861    0.65082156    0.50285846   -0.72262252    0.47428902    0.78923330    0.16009238   -0.59285852
    0.76475314    0.34367906    0.54501132    0.62674942   -0.20058125   -0.75296236   -0.14945835    0.91741586   -0.36879579
    0.62323485    0.25533053    0.73917835    0.00066902    0.94502446   -0.32699896   -0.78203444    0.20429167    0.58880136
    0.69663413    0.05307279    0.71546081   -0.68172222    0.35965720    0.63710401   -0.22350774   -0.93157393    0.28673038
    0.57296726   -0.11753758    0.81110630   -0.58304073   -0.75398689    0.30260085    0.57599655   -0.64628839   -0.50053900
    0.64799362   -0.22435384    0.72785275    0.45421690   -0.65326886   -0.60574483    0.61138472    0.72312180   -0.32140875
    0.61979542   -0.42708763    0.65836904    0.72582065    0.63096501   -0.27398457   -0.29839241    0.64767222    0.70105824
    0.65021200   -0.54345128    0.53092849    0.03154975    0.71752836    0.69581439   -0.75909747   -0.43567620    0.48369130
    0.60451161   -0.59557610    0.52901306   -0.78500036   -0.33248525    0.52271215   -0.13542582   -0.73126101   -0.66851865
    0.64395256   -0.70952532    0.28617989   -0.42123934   -0.64107153   -0.64154868    0.63865681    0.29257668   -0.71169963
    0.61050324   -0.77383135    0.16873300    0.54896966    0.25988069   -0.79441446    0.57089237    0.57762190    0.58346794
    0.54848811   -0.83502275    0.04356369    0.71578619    0.49582164    0.49174286   -0.43221629   -0.23853283    0.86965003
    0.57084930   -0.78320605   -0.24641298   -0.13417451   -0.38506940    0.91308201   -0.81001746   -0.48816988   -0.32490289
    0.61770181   -0.73065916   -0.29082926   -0.78422244   -0.59989121   -0.15851091   -0.05864847    0.32598731   -0.94355320
    0.62816724   -0.47772266   -0.61415550   -0.41967364    0.45663845   -0.78444590    0.65519460    0.75050808    0.08635771
    0.89451768   -0.26296380   -0.36150816    0.36982078    0.88962064    0.26796961    0.25113882   -0.37339678    0.89303087
    0.87729358   -0.18116939   -0.44444755    0.42881757   -0.12005291    0.89537857   -0.21557241   -0.97609679   -0.02763303
    0.95827689   -0.13027409   -0.25442889   -0.13784713   -0.99037978   -0.01208547   -0.25040681    0.04665351   -0.96701597
    0.88248839    0.02293222   -0.46977480   -0.46748200   -0.06706415   -0.88145504   -0.05171877    0.99748509   -0.04846293
    0.90456502    0.10263162   -0.41379810   -0.17841777    0.97264087   -0.14878453    0.38720695    0.20841421    0.89812822
    0.95471910    0.25662882   -0.15050941    0.11896444    0.13438781    0.98376185    0.27268827   -0.95712150    0.09777290
    0.91989248    0.26315749   -0.29076787    0.37763371   -0.79438930    0.47575037   -0.10578561   -0.54744294   -0.83012989
    0.91641445    0.36883335    0.15539149    0.25373478   -0.23514444   -0.93825676   -0.30952094    0.89926028   -0.30907561
    0.96593275    0.24486973    0.08374210   -0.13524074    0.75350801   -0.64337829   -0.22064421    0.61013482    0.76095443
    0.91400006    0.38082504   -0.13991491   -0.18015221    0.68995104    0.70107970    0.36352315   -0.61558090    0.69922176
