# Rotation matrices: 18 entries, row-major flattening of 3x3 -> 1x9
# https://github.com/Neurophysics-CFIN/GFO
# Col:  1    2    3    4    5    6    7    8    9
#       R11  R12  R13  R21  R22  R23  R31  R32  R33
# where Rij = R(i,j), i = row index, j = column index

   -0.40219238   -0.16410429    0.90072808   -0.25588428    0.96474848    0.06151097   -0.87907026   -0.20574291   -0.43000620
   -0.77072362   -0.00067636    0.63716925   -0.62832791    0.16682012   -0.75985201   -0.10577872   -0.98598711   -0.12899718
   -0.43121869    0.40276247   -0.80736165    0.59775425   -0.54274097   -0.59001873   -0.67582564   -0.73703096   -0.00671293
   -0.07156749    0.80691979   -0.58630925   -0.67803260   -0.47047390   -0.56473543   -0.73153940    0.35712009    0.58078856
    0.27958533    0.69922485   -0.65796402   -0.82448131    0.52601524    0.20865890    0.49199859    0.48414107    0.72356397
    0.66375265    0.20389365    0.71962477   -0.57458557   -0.47694890    0.66510989    0.47883593   -0.85495446   -0.19942174
    0.92218344    0.36496706    0.12797166    0.24838447   -0.81252196    0.52736440    0.29645042   -0.45454054   -0.83994645
    0.35360733    0.93422609    0.04672759    0.53495891   -0.16099925   -0.82939629   -0.76732054    0.31827795   -0.55670309
    0.52638349    0.73541549    0.42671358   -0.68396381    0.66438509   -0.30130710   -0.50508804   -0.13325356    0.85271892
   -0.45058778    0.89233109    0.02675587   -0.85487245   -0.43992056    0.27506906    0.25722313    0.10106990    0.96105210
   -0.30058943    0.94034139    0.15938655    0.11990586   -0.12853042    0.98443005    0.94618633    0.31502064   -0.07411756
   -0.85212772    0.44122550    0.28142213    0.50370287    0.83738702    0.21228847   -0.14199216    0.32265003   -0.93580724
   -0.98669831    0.14861094   -0.06588805    0.13721099    0.54400002   -0.82779051   -0.08717562   -0.82582006   -0.55715495
   -0.36457788    0.47716408    0.79962329   -0.90731240    0.01111525   -0.42031020   -0.20944494   -0.87874393    0.42888452
    0.05282833    0.65198028    0.75639334   -0.98549907   -0.08826928    0.14491415    0.16124746   -0.75308051    0.63786284
    0.75358312   -0.42991467    0.49727846   -0.03660819   -0.78275960   -0.62124653    0.65633248    0.44995643   -0.60561282
    0.74706504    0.58250532   -0.32028329   -0.07698076   -0.40275857   -0.91206332   -0.66027857    0.70602627   -0.25604514
   -0.16450203   -0.09497527   -0.98179366    0.27908154    0.95020070   -0.13867990    0.94607218   -0.29681361   -0.12980410
