# Rotation matrices: 57 entries, row-major flattening of 3x3 -> 1x9
# https://github.com/Neurophysics-CFIN/GFO
# Col:  1    2    3    4    5    6    7    8    9
#       R11  R12  R13  R21  R22  R23  R31  R32  R33
# where Rij = R(i,j), i = row index, j = column index

   -0.95092865   -0.29515089   -0.09284749   -0.30642536    0.93993487    0.15041919    0.04287423    0.17148874   -0.98425272
   -0.91238018   -0.39887265    0.09199462   -0.26937410    0.41582670   -0.86863442    0.30822069   -0.81730580   -0.48683800
   -0.87900816   -0.06359869   -0.47254614    0.43944723   -0.49262290   -0.75113835   -0.18501563   -0.86791583    0.46096782
   -0.92643313   -0.14794655   -0.34616972    0.00359713   -0.92297762    0.38483682   -0.37644219    0.35528036    0.85560923
   -0.83743759    0.41141470   -0.35977247   -0.52801862   -0.43915597    0.72686888    0.14104831    0.79867389    0.58500034
   -0.87357981    0.30843705   -0.37646368   -0.04225564    0.72254271    0.69003369    0.48484305    0.61870721   -0.61816552
   -0.25600579    0.80653885   -0.53287533    0.96194215    0.15806798   -0.22289416   -0.09554227   -0.56965744   -0.81631004
   -0.44478928    0.80441780   -0.39379500    0.63660958   -0.02532072   -0.77077046   -0.62999265   -0.59352411   -0.50083770
   -0.48537142    0.87246233   -0.05678081   -0.74583620   -0.44706487   -0.49382321   -0.45622685   -0.19733849    0.86770651
   -0.56477249    0.77583294    0.28127439   -0.56442612   -0.61179681    0.55419114    0.60204251    0.15423330    0.78342639
   -0.54529311    0.65960377    0.51727970    0.36578717   -0.36800377    0.85485260    0.75422488    0.65535951   -0.04060467
   -0.46316184    0.79535066    0.39102229    0.88555990    0.43301522    0.16817100   -0.03556369    0.42416405   -0.90488678
   -0.61922497    0.30121512    0.72514129    0.34479222    0.93400631   -0.09354435   -0.70546351    0.19209808   -0.68221665
   -0.78306143    0.24504009    0.57163812   -0.52690315    0.22694788   -0.81906515   -0.33043586   -0.94257626   -0.04860174
   -0.44788745    0.40053393    0.79935562   -0.66592221   -0.74602087    0.00068613    0.59661079   -0.53200135    0.60085782
   -0.45893186   -0.01354379    0.88836823    0.33192965   -0.93009727    0.15729519    0.82413849    0.36706353    0.43134685
   -0.56347284   -0.08535654    0.82171322    0.80380618    0.17304070    0.56916829   -0.19077207    0.98120904   -0.02889362
   -0.86367631   -0.22457369    0.45125368    0.07983048    0.82301692    0.56237910   -0.49768496    0.52173730   -0.69289239
   -0.70424609   -0.53452036    0.46725306   -0.68101220    0.69461050   -0.23181597   -0.20064853   -0.48146052   -0.85319162
   -0.56010471   -0.39852224    0.72626630   -0.64634804   -0.33815089   -0.68402353    0.51818618   -0.85254560   -0.06818416
   -0.23905524   -0.84067144    0.48592604    0.32092826   -0.54071739   -0.77757942    0.91643747   -0.02993704    0.39905655
   -0.14077769   -0.94726597    0.28786945    0.98953453   -0.14392788    0.01030468    0.03167117    0.28630742    0.95761422
    0.21494894   -0.96455605    0.15306398    0.30664073    0.21545727    0.92711899   -0.92723698   -0.15234759    0.34208448
    0.09192870   -0.97639110   -0.19547257   -0.81531190   -0.18650454    0.54816289   -0.57167789    0.10897922   -0.81320841
   -0.04338558   -0.98175550   -0.18513190   -0.74429231    0.15537479   -0.64952878    0.66644329    0.10961207   -0.73745409
   -0.16081959   -0.94987920   -0.26807941    0.37010838    0.19375634   -0.90855835    0.91496276   -0.24533242    0.32039844
   -0.05597271   -0.80491936   -0.59073842    0.96375415   -0.19813795    0.17865968   -0.26085434   -0.55932654    0.78683470
   -0.09726313   -0.63290328   -0.76809720   -0.07343099   -0.76508945    0.63972340   -0.99254611    0.11862364    0.02794028
    0.14514109   -0.66122298   -0.73601511   -0.96424724   -0.26123443    0.04454027   -0.22172354    0.70323591   -0.67549828
    0.11358360   -0.42950856   -0.89589127   -0.42747807    0.79286511   -0.43431258    0.89686190    0.43230465   -0.09354902
   -0.08259963   -0.13763693   -0.98703261    0.82907328    0.54009356   -0.14469427    0.55300524   -0.83027406    0.06949957
   -0.06054984   -0.10273431   -0.99286423    0.84191454   -0.53959222    0.00448888   -0.53620297   -0.83563503    0.11916573
    0.11596503    0.13314621   -0.98428868    0.07022614   -0.98959357   -0.12559004   -0.99076758   -0.05455874   -0.12410859
    0.31070200    0.46431745   -0.82938144   -0.93971743    0.01895112   -0.34142643   -0.14281255    0.88546607    0.44221535
    0.06671275    0.54496638   -0.83579965   -0.52201052    0.73294258    0.43623410    0.85032607    0.40719384    0.33337480
   -0.06907734    0.50303878   -0.86149887    0.59396035    0.71456025    0.36961432    0.80152319   -0.48616420   -0.34814501
    0.15009302    0.85130682   -0.50274126    0.84914555   -0.37144741   -0.37547125   -0.50638318   -0.37054489   -0.77863506
    0.65309942    0.61474222   -0.44221391   -0.16057099   -0.45826005   -0.87419373   -0.74005277    0.64194215   -0.20057961
    0.63024787    0.76538155    0.13030234   -0.68527593    0.62727996   -0.37002264   -0.36494455    0.14391293    0.91983941
    0.54727612    0.83692344    0.00692808   -0.15986186    0.09640342    0.98242077    0.82154308   -0.53876297    0.18655142
    0.53730897    0.83425537   -0.12376208    0.73766482   -0.39373252    0.54847544    0.40883943   -0.38599571   -0.82695685
    0.84040627    0.48556535    0.24071477    0.42620815   -0.31779580   -0.84696661   -0.33475950    0.81439064   -0.47402949
    0.57170123    0.59497024    0.56494966   -0.22222756    0.77512713   -0.59143287   -0.78979277    0.21257552    0.57535992
    0.52080382    0.48825677    0.70026331   -0.85363885    0.29016610    0.43255559    0.00800552   -0.82304857    0.56791457
    0.48110376    0.71118212    0.51260039   -0.06351410   -0.55490430    0.82948609    0.87435984   -0.43162623   -0.22179645
    0.45897933    0.22044462    0.86066378    0.73808278   -0.63383906   -0.23126143    0.49454199    0.74138533   -0.45362541
    0.65900363    0.13334766    0.74022471    0.34428997    0.82151678   -0.45450479   -0.66871417    0.55437225    0.49547228
    0.38131761   -0.13051008    0.91518523   -0.44286239    0.84320246    0.30476634   -0.81146151   -0.52151389    0.26372994
    0.65102310   -0.19164377    0.73446687   -0.66090584   -0.61900817    0.42430220    0.37332612   -0.76164398   -0.52964711
    0.37394901   -0.48438031    0.79090951   -0.16910103   -0.87409402   -0.45537291    0.91190294    0.03654264   -0.40877580
    0.52917291   -0.49362836    0.69015003    0.79522101    0.00480324   -0.60630064    0.29597224    0.86965969    0.39508539
    0.65480593   -0.70358465    0.27603954    0.39048730    0.62764539    0.67348417   -0.64710807   -0.33321149    0.68572680
    0.83308653   -0.55134852   -0.04451568   -0.17179563   -0.33439950    0.92664083   -0.52578807   -0.76432440   -0.37330299
    0.86844075   -0.45893826   -0.18758019   -0.48932252   -0.85431925   -0.17522011   -0.07983816    0.24395549   -0.96649448
    0.98541976   -0.16736843    0.03058916    0.02877831   -0.01323486   -0.99949820    0.16768929    0.98580558   -0.00822531
    0.94689174   -0.15768488   -0.28023473    0.15021011    0.98748346   -0.04809716    0.28431136    0.00344871    0.95872580
    0.93409513    0.06958189   -0.35017803    0.33494732    0.16875992    0.92700075    0.12359848   -0.98319807    0.13433155
