# Rotation matrices: 51 entries, row-major flattening of 3x3 -> 1x9
# https://github.com/Neurophysics-CFIN/GFO
# Col:  1    2    3    4    5    6    7    8    9
#       R11  R12  R13  R21  R22  R23  R31  R32  R33
# where Rij = R(i,j), i = row index, j = column index

   -0.86622638    0.42261818    0.26654407    0.48381524    0.84269690    0.23618793   -0.12479854    0.33355030   -0.93443540
   -0.98660380   -0.07389217    0.14544034   -0.16285213    0.49856499   -0.85141772   -0.00959836   -0.86369723   -0.50391960
   -0.91683824    0.04238294   -0.39700293    0.29615562   -0.59467927   -0.74742787   -0.26776760   -0.80284510    0.53267275
   -0.85505752    0.22887437   -0.46528826   -0.33202280   -0.93090376    0.15224666   -0.39829324    0.28466596    0.87196777
   -0.54405579    0.48548814   -0.68432782   -0.82666016   -0.44979036    0.33811479   -0.14365333    0.74965985    0.64604475
   -0.51594291    0.70672292   -0.48409258   -0.10273988    0.50998649    0.85402477    0.85043955    0.49036364   -0.19051528
   -0.34609149    0.82916821   -0.43897695    0.93304451    0.35317680   -0.06851337    0.09822737   -0.43329693   -0.89588233
   -0.33758917    0.94126619    0.00717777    0.36977217    0.13962509   -0.91857138   -0.86562238   -0.30744561   -0.39518996
   -0.82150789    0.54291498   -0.17426449   -0.23568473   -0.60160625   -0.76323170   -0.51920853   -0.58592938    0.62218106
   -0.26967469    0.70771971    0.65299952   -0.62007875   -0.64644422    0.44453596    0.73673462   -0.28503103    0.61317160
   -0.73271306    0.63289133    0.25016021    0.23206359   -0.11319737    0.96609153    0.63974843    0.76592096   -0.06392984
   -0.53679000    0.84038845   -0.07485821    0.78107322    0.52852467    0.33254518    0.31903154    0.12003719   -0.94011167
   -0.83897319    0.03486035    0.54305501   -0.20084741    0.90764877   -0.36855668   -0.50575123   -0.41828036   -0.75449138
   -0.56323933    0.35660922    0.74537998   -0.57082951    0.48428770   -0.66303778   -0.59742375   -0.79893384   -0.06920682
   -0.82258528    0.34012606    0.45570574   -0.55311142   -0.66459579   -0.50237455    0.13198943   -0.66530196    0.73481432
   -0.62459483   -0.15156648    0.76609980    0.61234090   -0.70388490    0.35997870    0.48468538    0.69395508    0.53245322
   -0.47774976    0.19794697    0.85590430    0.87761802    0.15108811    0.45492746   -0.03926545    0.96849852   -0.24590414
   -0.07370880   -0.37689683    0.92331782    0.24333337    0.89105689    0.38315336   -0.96713799    0.25291581    0.02603284
    0.05393963   -0.69396847    0.71798209   -0.70957925    0.47925723    0.51653635   -0.70255805   -0.53732697   -0.46657467
    0.22366368   -0.45415549    0.86239049   -0.84228204   -0.53528993   -0.06344801    0.49044421   -0.71218501   -0.50225193
   -0.33390529   -0.57366446    0.74794140    0.19620541   -0.81840109   -0.54011396    0.92196024   -0.03359676    0.38582453
   -0.14750640   -0.90195928    0.40584641    0.98307987   -0.17876158   -0.03997840    0.10860863    0.39308237    0.91306649
   -0.00268816   -0.94239398    0.33449419    0.41779985    0.30284350    0.85657989   -0.90853512    0.14205424    0.39291797
   -0.23751908   -0.97110343    0.02329835   -0.85880215    0.22113872    0.46212177   -0.45392021    0.08975406   -0.88651038
    0.02663557   -0.99170708   -0.12572837   -0.72325776    0.06770407   -0.68725131    0.69006431    0.10923935   -0.71545650
   -0.18756144   -0.88913660   -0.41744079    0.77035852    0.13050871   -0.62411155    0.60940008   -0.43863833    0.66047556
    0.37420773   -0.86521520   -0.33372328    0.84686378    0.17219610    0.50316025   -0.37787605   -0.47090462    0.79715653
    0.39383869   -0.73113998   -0.55706859    0.08416227   -0.57482026    0.81394004   -0.91531841   -0.36744524   -0.16485206
   -0.09702590   -0.66996855   -0.73602182   -0.96162097   -0.12759434    0.24290902   -0.25665363    0.73134248   -0.63187585
   -0.12257906   -0.33049328   -0.93581439   -0.32345568    0.90474471   -0.27715235    0.93827011    0.26872141   -0.21780268
    0.13880147   -0.40851937   -0.90213418    0.21142827    0.90217340   -0.37600698    0.96748759   -0.13854635    0.21159554
    0.06057310    0.09881069   -0.99326097    0.95155727   -0.30623341    0.02756540   -0.30144594   -0.94681442   -0.11257354
   -0.35081552   -0.03853223   -0.93565150    0.06589641   -0.99769202    0.01637983   -0.93412319   -0.05590977    0.35254498
    0.26141732    0.04151171   -0.96433281   -0.94811348    0.19833605   -0.24848269    0.18094702    0.97925461    0.09120629
    0.67552172    0.35882543   -0.64413875   -0.31255785    0.93057910    0.19060463    0.66781584    0.07257306    0.74078010
    0.41564623    0.67864407   -0.60554145    0.40820158    0.45576661    0.79097931    0.81277899   -0.57595054   -0.08758591
    0.59659699    0.74203062   -0.30571652    0.72289986   -0.66231829   -0.19685090   -0.34855104   -0.10356177   -0.93155093
    0.65846463    0.75143642   -0.04204330    0.25106502   -0.27197856   -0.92897471   -0.70950031    0.60114139   -0.36774766
    0.67240466    0.74011634    0.00998839   -0.73119647    0.66627637   -0.14638144   -0.11499432    0.09112409    0.98917779
    0.94747615    0.31288352   -0.06627858    0.05859453    0.03390912    0.99770579    0.31441315   -0.94918601    0.01379482
    0.31082129    0.88325770    0.35106404    0.69129579   -0.46357104    0.55426710    0.65230381    0.07041108   -0.75468008
    0.53696580    0.63760625    0.55238211    0.69493530    0.03689274   -0.71812524   -0.47826003    0.76947852   -0.42328495
    0.76513899    0.44377609    0.46650306   -0.02329306    0.74313944   -0.66873105   -0.64344367    0.50080591    0.57894186
    0.83704031    0.46185897    0.29334247   -0.27089706   -0.11597737    0.95559617    0.47537175   -0.87933813    0.02803850
    0.39167435    0.50815552    0.76705226   -0.44374180   -0.62597930    0.64128241    0.80603003   -0.59154702   -0.01969019
    0.78482170    0.13299635    0.60528247    0.60157607   -0.39811399   -0.69253988    0.14886615    0.90764377   -0.39245592
    0.54289824   -0.25284591    0.80083110    0.52135407    0.84906019   -0.08536234   -0.65837028    0.46385962    0.59277553
    0.50578138    0.10516326    0.85622771   -0.58152878    0.77468611    0.24836607   -0.63718873   -0.62353999    0.45297727
    0.87488658   -0.44938167    0.18063660   -0.41563266   -0.50515267    0.75635327   -0.24864224   -0.73680180   -0.62872900
    0.99950122    0.02982101   -0.01039313    0.02382101   -0.92799263   -0.37183632   -0.02073328    0.37140328   -0.92824013
    0.82354811    0.38039222   -0.42079719   -0.49123450    0.10731517   -0.86439119   -0.28364976    0.91857782    0.27524099
