# Rotation matrices: 80 entries, row-major flattening of 3x3 -> 1x9
# https://github.com/Neurophysics-CFIN/GFO
# Col:  1    2    3    4    5    6    7    8    9
#       R11  R12  R13  R21  R22  R23  R31  R32  R33
# where Rij = R(i,j), i = row index, j = column index

   -0.99794141   -0.04708771    0.04353947   -0.04410411    0.99676977    0.06711816   -0.04655927    0.06505972   -0.99679460
   -0.99305399   -0.03276262   -0.11300612    0.07447969    0.56848708   -0.81931387    0.09108538   -0.82203957   -0.56209822
   -0.90055650    0.19942231   -0.38630134    0.21963470   -0.55814014   -0.80015010   -0.37517807   -0.80542555    0.45883667
   -0.69405821    0.37425736   -0.61499157   -0.30011416   -0.92689762   -0.22537147   -0.65438115    0.02814676    0.75564084
   -0.74928185    0.39485942   -0.53166037   -0.65189235   -0.29832416    0.69716501    0.11667503    0.86895842    0.48093471
   -0.75523809    0.61468072   -0.22755888    0.04988823    0.40008003    0.91512138    0.65354923    0.67978201   -0.33282101
   -0.60373915    0.54013104   -0.58630836    0.67164634    0.74081547   -0.00914494    0.42940684   -0.39931302   -0.81003634
   -0.88272885    0.46980073    0.00877778    0.18145822    0.35806229   -0.91589536   -0.43343130   -0.80689446   -0.40132112
   -0.76379179    0.64544149   -0.00523200   -0.44545390   -0.53296522   -0.71938787   -0.46711125   -0.54713194    0.69458889
   -0.79444759    0.60516905   -0.05121956   -0.58534485   -0.74047043    0.33026497    0.16193957    0.29235932    0.94249754
   -0.70222725    0.57234862    0.42343116    0.26775286   -0.33877377    0.90196493    0.65968575    0.74675926    0.08464819
   -0.85859996    0.45801713    0.23027468    0.48898663    0.59681532    0.63616314    0.15394216    0.65881089   -0.73638986
   -0.89028877    0.08092357    0.44814872   -0.11572213    0.91158025   -0.39449948   -0.44044782   -0.40307919   -0.80220501
   -0.83631376    0.21960063    0.50234935   -0.48907682    0.11524007   -0.86459447   -0.24775627   -0.96875966    0.01102472
   -0.75143668    0.23466277    0.61666547   -0.42809289   -0.88458954   -0.18503463    0.50207509   -0.40303191    0.76517049
   -0.82507559   -0.01274710    0.56487855    0.20234172   -0.94010662    0.27433078    0.52754914    0.34064213    0.77823830
   -0.56917290   -0.17565407    0.80323587    0.80084078    0.10288130    0.58997414   -0.18626931    0.97906133    0.08211370
   -0.31605434   -0.20981444    0.92524999    0.00022028    0.97522347    0.22122193   -0.94874106    0.07012197   -0.30817739
   -0.25427400   -0.48676525    0.83570588   -0.73526590    0.65864251    0.15991904   -0.62827446   -0.57380278   -0.52537755
   -0.34066933   -0.64396003    0.68502546   -0.75211564   -0.25053688   -0.60955175    0.56415110   -0.72287395   -0.39898218
   -0.36946146   -0.67245077    0.64133313    0.40138572   -0.73794511   -0.54251868    0.83808576    0.05698222    0.54255441
   -0.43348392   -0.80899375    0.39701486    0.89356748   -0.32879642    0.30566332   -0.11674265    0.48725970    0.86541847
   -0.40329473   -0.88996940    0.21285635    0.19517536    0.14360018    0.97019873   -0.89401339    0.43282035    0.11578690
   -0.43372974   -0.89200779   -0.12728164   -0.86405983    0.37170118    0.33946848   -0.25549779    0.25721653   -0.93196595
   -0.60386015   -0.79607004    0.04031645   -0.62536669    0.44179741   -0.64321967    0.49423621   -0.41362730   -0.76461953
   -0.34081152   -0.88440445   -0.31886718    0.36231068    0.18941662   -0.91260743    0.86751281   -0.42655611    0.25587381
   -0.31964477   -0.91489955   -0.24654822    0.93310014   -0.34918062    0.08600596   -0.16477668   -0.20256282    0.96530666
   -0.51205146   -0.71658239   -0.47361692   -0.09443695   -0.50107913    0.86023332   -0.85374760    0.48521067    0.18890645
   -0.33306828   -0.54683935   -0.76813556   -0.86518520   -0.14662924    0.47953565   -0.37486010    0.82429763   -0.42427976
   -0.31919530   -0.58748388   -0.74362427   -0.44752071    0.78511147   -0.42816492    0.83536793    0.19611903   -0.51351509
   -0.46981279   -0.34108265   -0.81421039    0.56922973    0.58791969   -0.57474164    0.67472473   -0.73349374   -0.08205780
   -0.45594108    0.05517829   -0.88829786    0.85143471   -0.26361322   -0.45339498   -0.25918462   -0.96304903    0.07321138
   -0.42786548    0.01518761   -0.90371481   -0.19064411   -0.97888044    0.07380998   -0.88350776    0.20386865    0.42172458
    0.02066857    0.30774625   -0.95124395   -0.99466238   -0.08987471   -0.05068821   -0.10109188    0.94721422    0.30424604
   -0.08295990    0.82309772   -0.56180762   -0.50118399    0.45280923    0.73741332    0.86135490    0.34274472    0.37495839
   -0.05497458    0.49416726   -0.86762695    0.73895265    0.60452273    0.29749160    0.67151082   -0.62478075   -0.39839959
    0.24408637    0.86214937   -0.44398233    0.80814294   -0.43390317   -0.39828761   -0.53602875   -0.26158461   -0.80264978
    0.03594591    0.95621222   -0.29045840   -0.26108197   -0.27156687   -0.92633020   -0.96464714    0.10913123    0.23988805
    0.06298457    0.98017913   -0.18783453   -0.99071516    0.03868534   -0.13033389   -0.12048412    0.19429953    0.97351490
   -0.01068742    0.99067907    0.13579679   -0.28734827   -0.13311922    0.94853057    0.95776654   -0.02888363    0.28609262
   -0.12278069    0.96156722    0.24558782    0.83121638   -0.03556417    0.55481035    0.54222157    0.27225662   -0.79490383
   -0.00816741    0.87303548    0.48758829    0.67033748    0.36660034   -0.64517583   -0.74201143    0.32157929   -0.58822258
   -0.03512905    0.77167017    0.63505204   -0.31684243    0.59406387   -0.73939096   -0.94782742   -0.22718554    0.22362896
    0.02550178    0.72779269    0.68532289   -0.99438877   -0.05193839    0.09215957    0.10266762   -0.68382762    0.72238435
    0.04544622    0.46325053    0.88506134   -0.19840964   -0.86414022    0.46248815    0.97906499   -0.19662304    0.05264147
   -0.01667876    0.23270210    0.97240503    0.87067293   -0.47476728    0.12854837    0.49157957    0.84879076   -0.19468889
   -0.03246356    0.30654687    0.95130181    0.71561638    0.67158941   -0.19199183   -0.69773872    0.67453442   -0.24117215
    0.19426456    0.00527719    0.98093498   -0.45192541    0.88802342    0.08472205   -0.87064614   -0.45976793    0.17489638
    0.21971695   -0.18110988    0.95860507   -0.93684475   -0.31325268    0.15554635    0.27211463   -0.93224030   -0.23849876
    0.18192951   -0.50031768    0.84651277   -0.04551558   -0.86424151   -0.50101392    0.98225760    0.05261969   -0.18000328
    0.28195220   -0.64781160    0.70770268    0.88656993   -0.10603740   -0.45027750    0.36673794    0.75438465    0.54443281
    0.30986285   -0.80798250    0.50114798    0.60933584    0.57337589    0.54767684   -0.72985947    0.13566272    0.67000058
    0.43409741   -0.72819776    0.53036540   -0.45983474    0.32714749    0.82554620   -0.77466861   -0.60224790   -0.19283675
    0.35736150   -0.91734928    0.17539402   -0.92095226   -0.37735307   -0.09721929    0.15536952   -0.12678708   -0.97968635
    0.43091750   -0.89214907    0.13557338   -0.06516374   -0.18061002   -0.98139376    0.90003544    0.41406527   -0.13596379
    0.32884935   -0.94170571   -0.07105248    0.86975300    0.33131765   -0.36572988    0.36795085    0.05847193    0.92800496
    0.46152928   -0.86502891   -0.19676307    0.52199619    0.08546833    0.84865490   -0.71729402   -0.49438866    0.49098793
    0.50737906   -0.72190563   -0.47055153   -0.55533248   -0.69146903    0.46203509   -0.65891754    0.02688562   -0.75173455
    0.43082835   -0.71541064   -0.55006777   -0.77182408    0.02374212   -0.63539271    0.46762648    0.69830075   -0.54194238
    0.44712609   -0.59925689   -0.66405530    0.11234652    0.77414534   -0.62295846    0.88738747    0.20393668    0.41346501
    0.44539816   -0.46104057   -0.76750379    0.88240109    0.37120740    0.28909063    0.15162058   -0.80600662    0.57215779
    0.39999158   -0.26095735   -0.87858295    0.41741724   -0.80154934    0.42811389   -0.81594705   -0.53797762   -0.21168489
    0.37958752   -0.12466665   -0.91671781   -0.69186771   -0.69607712   -0.19182211   -0.61419247    0.70706073   -0.35047502
    0.39692419    0.01889716   -0.91765684   -0.81518178    0.46673093   -0.34298821    0.42181733    0.88419745    0.20066141
    0.64859159    0.38522400   -0.65645367    0.21986284    0.73087647    0.64612685    0.72869011   -0.56340221    0.38934389
    0.71395020    0.37173158   -0.59337235    0.65830777   -0.64507107    0.38796158   -0.23854977   -0.66760687   -0.70526241
    0.79960893    0.43678956   -0.41211703    0.16932841   -0.82241165   -0.54310862   -0.57615402    0.36449138   -0.73156857
    0.84118219    0.49128085   -0.22595498   -0.48158601    0.49056323   -0.72623869   -0.24594196    0.71971581    0.64924703
    0.84728221    0.49122143   -0.20202564   -0.34678908    0.79971848    0.49008946    0.40230609   -0.34518380    0.84793747
    0.75680258    0.65194720   -0.04706061    0.29974815   -0.28217354    0.91133372    0.58086221   -0.70380604   -0.40896963
    0.75586126    0.57105890    0.32025847    0.65163410   -0.70367063   -0.28323247    0.06361405    0.42277579   -0.90399883
    0.92108023    0.37520694    0.10407188    0.12166659   -0.02343976   -0.99229422   -0.36987626    0.92664466   -0.06724005
    0.76270994    0.52460894    0.37823142   -0.58282392    0.81103631    0.05036253   -0.28033879   -0.25885432    0.92434009
    0.72362576    0.40611187    0.55806712   -0.59245002   -0.04931556    0.80409635    0.35407447   -0.91249171    0.20491498
    0.71922671    0.27685473    0.63723182    0.35902286   -0.93332873    0.00027878    0.59482395    0.22858028   -0.77067213
    0.75891481    0.06578009    0.64785901    0.64878906   -0.16173185   -0.74358292    0.05586648    0.98463993   -0.16541810
    0.69300522   -0.15575858    0.70390556    0.29759532    0.95111858   -0.08252560   -0.65664359    0.26666967    0.70548316
    0.93893716    0.09965048    0.32934296   -0.34104286    0.39658631    0.85229635   -0.04568117   -0.91257278    0.40635471
    0.98386888   -0.10051933    0.14797938   -0.16791907   -0.80417252    0.57018396    0.06168644   -0.58583481   -0.80807942
    0.97582610   -0.02622463   -0.21696931   -0.17173613   -0.70602019   -0.68705326   -0.13516700    0.70770598   -0.69345665
