# Rotation matrices: 69 entries, row-major flattening of 3x3 -> 1x9
# https://github.com/Neurophysics-CFIN/GFO
# Col:  1    2    3    4    5    6    7    8    9
#       R11  R12  R13  R21  R22  R23  R31  R32  R33
# where Rij = R(i,j), i = row index, j = column index

   -0.89584887   -0.25970520   -0.36056625   -0.30042905    0.95186203    0.06083628    0.32740982    0.16282469   -0.93074751
   -0.85796943   -0.10162646   -0.50354794    0.42164848    0.42059969   -0.80331094    0.29342976   -0.90153645   -0.31801103
   -0.86000798    0.24636270   -0.44686876    0.31733165   -0.42758873   -0.84644462   -0.39960843   -0.86975473    0.28955104
   -0.83302291   -0.03450405   -0.55216148   -0.07114803   -0.98308424    0.16877006   -0.54864450    0.17987453    0.81647680
   -0.74897902    0.39815951   -0.52962197   -0.64864861   -0.27747091    0.70870648    0.13522354    0.87434484    0.46608550
   -0.81069663    0.56029770   -0.16981597    0.26028864    0.60473877    0.75268908    0.52442426    0.56600133   -0.63609880
   -0.94714528    0.28378856   -0.14959902    0.29900519    0.94988976   -0.09113368    0.11623988   -0.13104771   -0.98453785
   -0.95858437    0.26830967    0.09552975    0.00473875    0.35039609   -0.93658962   -0.28476931   -0.89734748   -0.33715567
   -0.98986882    0.10861382    0.09144815   -0.14140435   -0.69593415   -0.70404578   -0.01282721   -0.70984413    0.70424198
   -0.71596348    0.65974797    0.22831755   -0.59762425   -0.74823832    0.28807060    0.36088994    0.06979992    0.92999270
   -0.79157982    0.60949383    0.04380253   -0.07354259   -0.16618377    0.98334859    0.60662417    0.77517754    0.17637148
   -0.36808130    0.75725962    0.53951277    0.92306998    0.36726671    0.11426710   -0.11161522    0.54006762   -0.83418763
   -0.28876403    0.55460426    0.78040339    0.22196363    0.83169975   -0.50892797   -0.93131492    0.02626108   -0.36326694
   -0.23848076    0.52737651    0.81547590   -0.84103919    0.30769489   -0.44494598   -0.48557183   -0.79195825    0.37016500
   -0.40654780    0.20096857    0.89125222   -0.58807450   -0.80412153   -0.08693077    0.69920474   -0.55946421    0.44509833
   -0.48993467    0.06377820    0.86942301    0.34539633   -0.90149956    0.26076795    0.80041576    0.42805478    0.41964713
   -0.45861812   -0.12366509    0.87998657    0.86978751    0.14039296    0.47303224   -0.18204150    0.98234249    0.04317560
   -0.31787933   -0.33693695    0.88624276    0.47238509    0.75416853    0.45616023   -0.82207364    0.56365177   -0.08057059
   -0.40924264   -0.50179975    0.76204820   -0.80127626    0.59714332   -0.03709745   -0.43643650   -0.62579299   -0.64645674
   -0.61465367   -0.41271263    0.67221214   -0.57240841   -0.35297260   -0.74010740    0.54272413   -0.83968961   -0.01928428
   -0.59636723   -0.69730765    0.39762818    0.32912141   -0.66421457   -0.67119156    0.73213743   -0.26940871    0.62561468
   -0.45425044   -0.78768901    0.41617613    0.85425178   -0.25256105    0.45438619   -0.25280512    0.56192432    0.78761071
   -0.38017160   -0.88124492    0.28085042    0.09748993    0.26377856    0.95964399   -0.91976370    0.39220948   -0.01436861
   -0.57413123   -0.81623207   -0.06433148   -0.77309165    0.51455445    0.37089489   -0.26963425    0.26267646   -0.92644398
   -0.43906892   -0.89844344   -0.00422731   -0.48064791    0.23886242   -0.84375490    0.75907580   -0.36843471   -0.53671202
   -0.62757525   -0.74416457   -0.22884142    0.44285580   -0.09945927   -0.89105925    0.64033433   -0.66055049    0.39197577
   -0.53644921   -0.61014907   -0.58304404    0.71762810   -0.69335716    0.06531273   -0.44410826   -0.38337182    0.80981102
   -0.03510200   -0.86358043   -0.50298776   -0.23032306   -0.48275896    0.84492312   -0.97248092    0.14550818   -0.18195668
   -0.08668989   -0.41426714   -0.90601744   -0.93300644   -0.28507286    0.21961889   -0.34926187    0.86435884   -0.36180098
   -0.02261227   -0.51176195   -0.85882966   -0.50115563    0.74912310   -0.43319467    0.86506168    0.42061181   -0.27341176
   -0.05010956    0.04160541   -0.99787676    0.74382750    0.66830429   -0.00948795    0.66649057   -0.74272361   -0.06443568
    0.03218313   -0.04780997   -0.99833785    0.94908260   -0.31172077    0.04552347   -0.31337912   -0.94897016    0.03534346
   -0.09029604    0.12719521   -0.98775908   -0.14216663   -0.98329958   -0.11362478   -0.98571562    0.13016651    0.10687097
    0.06946053    0.52591924   -0.84769345   -0.99127359   -0.05904456   -0.11785754   -0.11203524    0.84848258    0.51722859
   -0.01836003    0.60331993   -0.79728789   -0.28442728    0.76132386    0.58265522    0.95852180    0.23746799    0.15762272
   -0.00828757    0.75008953   -0.66128437    0.81783675    0.38560732    0.42714171    0.57539061   -0.53728269   -0.61664653
    0.05728938    0.86128948   -0.50487460    0.75160149   -0.37006632   -0.54602758   -0.65712489   -0.34818292   -0.66854733
   -0.14466819    0.97413011   -0.17361350   -0.14269075   -0.19416393   -0.97053579   -0.97913761   -0.11563262    0.16708870
    0.09687522    0.96043758   -0.26110315   -0.99490834    0.08611963   -0.05235262   -0.02779532    0.26484537    0.96389022
   -0.08041822    0.99674661    0.00539472   -0.43149368   -0.03969103    0.90124238    0.89852441    0.07014852    0.43328174
   -0.04468320    0.91903191    0.39164239    0.77422365   -0.21589404    0.59495168    0.63133284    0.32980314   -0.70188940
    0.08076587    0.93229975    0.35255361    0.72275349    0.18879197   -0.66481951   -0.68637036    0.30850407   -0.65857495
    0.30587206    0.89293695    0.33031181   -0.40619578    0.43617194   -0.80296888   -0.86107332    0.11143448    0.49612003
    0.28162011    0.53270248    0.79807153   -0.95951301    0.15202046    0.23711720    0.00498972   -0.83253699    0.55394698
    0.49548424    0.59668417    0.63123955   -0.15804805   -0.65265613    0.74098636    0.85411719   -0.46691324   -0.22907606
    0.58047518    0.44916628    0.67918938    0.74310410   -0.63324846   -0.21631615    0.33293371    0.63027458   -0.70136232
    0.58779989    0.09620160    0.80326617    0.57811399    0.64462394   -0.50024413   -0.56592889    0.75842285    0.32329439
    0.46992824    0.04795170    0.88140120   -0.34833018    0.92756281    0.13525280   -0.81106938   -0.37057775    0.45259099
    0.43744036   -0.08898872    0.89483347   -0.89855987   -0.08216084    0.43109135    0.03515800   -0.99263820   -0.11590216
    0.44000989   -0.38943508    0.80915488   -0.18306216   -0.92104862   -0.34374072    0.87913568    0.00312368   -0.47656133
    0.37796048   -0.52674707    0.76136943    0.79582648   -0.23537302   -0.55790657    0.47308148    0.81678459    0.33023757
    0.62723143   -0.53369114    0.56723408    0.42666846    0.84476022    0.32300805   -0.65156332    0.03942010    0.75756933
    0.36936662   -0.75098968    0.54734158   -0.54768378    0.29990565    0.78108840   -0.75074015   -0.58827808   -0.30052973
    0.47729887   -0.84223622    0.25064703   -0.82844384   -0.52640207   -0.19126332    0.29303001   -0.11635722   -0.94899653
    0.53029223   -0.80397146    0.26910972    0.10146264   -0.25495333   -0.96161538    0.84172174    0.53724175   -0.05362670
    0.33203720   -0.94284664   -0.02813362    0.87737281    0.31965670   -0.35782194    0.34636432    0.09412652    0.93336593
    0.55526913   -0.79206534   -0.25359159    0.24737896   -0.13381858    0.95963339   -0.79402761   -0.59558802    0.12163497
    0.50837978   -0.72649603   -0.46233485   -0.62309119   -0.68092540    0.38483500   -0.59439664    0.09243444   -0.79884198
    0.72830837   -0.40782165   -0.55067997   -0.60353996   -0.00119790   -0.79733185    0.32450953    0.91306082   -0.24700910
    0.76522240   -0.32402301   -0.55627670    0.06068947    0.89655887   -0.43874706    0.64089895    0.30197894    0.70573172
    0.84294093    0.02311994   -0.53750911    0.51819027    0.23376215    0.82269928    0.14467004   -0.97201889    0.18506715
    0.96813239   -0.01151241   -0.25017423    0.12022989   -0.85493389    0.50461155   -0.21969172   -0.51860921   -0.82630505
    0.72939098   -0.16494765   -0.66391345   -0.64933823   -0.47235092   -0.59602389   -0.21528739    0.86583883   -0.45163532
    0.74694941    0.43234594   -0.50511738   -0.63004438    0.70294869   -0.33001095    0.21239270    0.56474785    0.79746424
    0.86967625    0.31459943   -0.38038194    0.03447240    0.73000365    0.68257331    0.49241738   -0.60673047    0.62402184
    0.87796103    0.42872808   -0.21301797    0.45915382   -0.62815367    0.62817254    0.13550719   -0.64931903   -0.74834658
    0.86358033    0.49772405    0.08062123    0.47512788   -0.74977848   -0.46052766   -0.16876763    0.43600803   -0.88397652
    0.84104346    0.51566973    0.16349507   -0.21788854    0.59953849   -0.77011569   -0.49514694    0.61207706    0.61659645
    0.97576269    0.19382695    0.10157900   -0.21329398    0.94616189    0.24348173   -0.04891685   -0.25924657    0.96457159
