# Rotation matrices: 95 entries, row-major flattening of 3x3 -> 1x9
# https://github.com/Neurophysics-CFIN/GFO
# Col:  1    2    3    4    5    6    7    8    9
#       R11  R12  R13  R21  R22  R23  R31  R32  R33
# where Rij = R(i,j), i = row index, j = column index

   -0.90463405   -0.36953464   -0.21232379   -0.38434037    0.92264591    0.03173342    0.18417307    0.11031174   -0.97668398
   -0.88129020   -0.35161756   -0.31574147    0.04751324    0.59881695   -0.79947530    0.47018090   -0.71957165   -0.51102502
   -0.98645699   -0.04051469   -0.15893763    0.15971533   -0.45781890   -0.87458154   -0.03733125   -0.88812185    0.45808947
   -0.92757237    0.10264903   -0.35926686   -0.09867971   -0.99468417   -0.02942322   -0.36037733    0.00816018    0.93277092
   -0.90445957    0.06645398   -0.42135110   -0.39928382   -0.47944907    0.78147362   -0.15008436    0.87504997    0.46017630
   -0.91744585    0.32834171   -0.22468830    0.05004962    0.65550055    0.75353438    0.39470007    0.68008143   -0.61781964
   -0.90370580    0.36541180   -0.22313683    0.41599386    0.87269501   -0.25564139    0.10131601   -0.32384816   -0.94066861
   -0.92036666    0.38927729   -0.03726125    0.20428795    0.39736371   -0.89463317   -0.33345411   -0.83100257   -0.44524497
   -0.66317944    0.74271109    0.09259197   -0.56134420   -0.41173626   -0.71788993   -0.49506134   -0.52806580    0.68997158
   -0.64141663    0.75964353    0.10736113   -0.66351005   -0.61952660    0.41945346    0.38514818    0.19780923    0.90140578
   -0.55582657    0.55190659    0.62165580    0.34391969   -0.52814624    0.77638959    0.75681970    0.64533764    0.10374617
   -0.59813867    0.62382008    0.50306922    0.79890807    0.51355219    0.31306555   -0.06305573    0.58916267   -0.80555032
   -0.60749883    0.55476245    0.56849256    0.19791655    0.79884095   -0.56805121   -0.76926862   -0.23257636   -0.59509161
   -0.68683805    0.26459863    0.67693505   -0.55046465    0.41879850   -0.72221637   -0.47459685   -0.86867450   -0.14199455
   -0.60674600    0.31660773    0.72912197   -0.65103584   -0.72421878   -0.22728726    0.45608292   -0.61259017    0.64553982
   -0.72493203    0.00869723    0.68876550    0.24212012   -0.93289605    0.26661359    0.64486541    0.36004072    0.67418045
   -0.55623103   -0.14792400    0.81775640    0.83078438   -0.07516996    0.55149506   -0.02010864    0.98613790    0.16470481
   -0.69219741   -0.10333242    0.71427247    0.22668518    0.90848080    0.35110749   -0.68518360    0.40495068   -0.60542413
   -0.77828414   -0.40126775    0.48296790   -0.57296682    0.76849711   -0.28481786   -0.25687121   -0.49839381   -0.82802222
   -0.71092371   -0.44365054    0.54567543   -0.50120072   -0.22468118   -0.83565316    0.49334098   -0.86757857   -0.06262679
   -0.82355062   -0.42947709    0.37055876    0.32193262   -0.89174278   -0.31804748    0.46703721   -0.14263325    0.87265801
   -0.76036700   -0.60332760    0.24049496    0.62564816   -0.58097627    0.52060633   -0.17437430    0.54631710    0.81922599
   -0.62975747   -0.72008616    0.29134420    0.00021313    0.37490066    0.92706497   -0.77679179    0.58388819   -0.23594302
   -0.82606211   -0.56349446   -0.00976612   -0.48680639    0.70469441    0.51616405   -0.28397345    0.43113777   -0.85643406
   -0.48909708   -0.84859469   -0.20167078   -0.60754341    0.49734415   -0.61930590    0.62583948   -0.18037695   -0.75880768
   -0.41812046   -0.89703286   -0.14320383    0.66724850   -0.19631213   -0.71849912    0.61640467   -0.39597172    0.68062595
   -0.42141745   -0.63807687   -0.64441077    0.89392617   -0.41189553   -0.17674297   -0.15265431   -0.65053823    0.74397357
   -0.30591968   -0.67529499   -0.67111090    0.07281852   -0.71943759    0.69072933   -0.94926846    0.16243839    0.26926409
   -0.30463020   -0.63878923   -0.70650461   -0.92276629    0.01413133    0.38510086   -0.23601443    0.76925199   -0.59375800
   -0.41799885   -0.15686740   -0.89480142   -0.55470039    0.82411360    0.11464842    0.71943342    0.54426960   -0.43149295
   -0.36190085   -0.30836079   -0.87973939    0.56757847    0.67574478   -0.47034421    0.73951501   -0.66953910   -0.06953366
   -0.20717273   -0.13648941   -0.96873634    0.93072313   -0.33255562   -0.15218809   -0.30138666   -0.93315454    0.19593031
   -0.36619258    0.25199251   -0.89576937    0.02837175   -0.95916380   -0.28142469   -0.93010647   -0.12847018    0.34408920
   -0.34500211    0.26987494   -0.89896666   -0.89367148   -0.38723262    0.22672050   -0.28692304    0.88159992    0.37477561
   -0.25652025    0.41718091   -0.87187009   -0.48180589    0.72679611    0.48952067    0.83789047    0.54564411    0.01456230
   -0.40807902    0.57107386   -0.71228236    0.64250979    0.73392171    0.22031816    0.64857743   -0.36774118   -0.66641860
   -0.20614186    0.83794498   -0.50532538    0.86173918   -0.08919878   -0.49944886   -0.46358508   -0.53841600   -0.70370241
   -0.41469582    0.78644503   -0.45774620   -0.19817711   -0.56902120   -0.79808565   -0.88811779   -0.24024797    0.39182612
   -0.20964285    0.89275638   -0.39879309   -0.97083940   -0.23855810   -0.02368327   -0.11627871    0.38219902    0.91673506
   -0.12003544    0.97981527    0.15985472   -0.36797733   -0.19346098    0.90948641    0.92205432    0.05034769    0.38377198
   -0.17935150    0.97839270   -0.10286279    0.75493879    0.20391841    0.62328541    0.63079352    0.03413206   -0.77519968
    0.28236880    0.87565998    0.39177476    0.72931247    0.06935230   -0.68065673   -0.62319434    0.47792244   -0.61904682
   -0.22241512    0.78950399    0.57202707   -0.39472687    0.46356483   -0.79328327   -0.89147194   -0.40223264    0.20853461
    0.03327095    0.73671371    0.67538578   -0.99376653   -0.04755586    0.10082920    0.10640081   -0.67453046    0.73053920
    0.15043471    0.32161735    0.93484313   -0.18208516   -0.92041335    0.34595412    0.97170695   -0.22226457   -0.07990037
   -0.13975090    0.34596049    0.92778285    0.88024214   -0.38570504    0.27641526    0.45347928    0.85530285   -0.25062637
   -0.01374941    0.06086097    0.99805155    0.63602636    0.77071944   -0.03823625   -0.77154483    0.63426137   -0.04930612
    0.01796475   -0.16541295    0.98606076   -0.57627558    0.80421589    0.14540724   -0.81705797   -0.57085494   -0.08087591
   -0.09648997   -0.30388088    0.94781121   -0.93716041   -0.29304198   -0.18935885    0.33529100   -0.90652237   -0.25650952
    0.04144791   -0.58212389    0.81204301   -0.07336868   -0.81232049   -0.57857796    0.99644323   -0.03559768   -0.07637865
    0.02764006   -0.59344160    0.80440232    0.92121938   -0.29727326   -0.25096506    0.38806041    0.74796770    0.53847325
   -0.11781633   -0.72450746    0.67912315    0.52431234    0.53540624    0.66214555   -0.84333616    0.43408420    0.31678861
    0.05357743   -0.90958601    0.41204703   -0.44073048    0.34873306    0.82712870   -0.89603912   -0.22591712   -0.38219806
   -0.13167737   -0.95341909    0.27139105   -0.91180714    0.00907611   -0.41051842    0.38893292   -0.30151229   -0.87052945
   -0.09418380   -0.99477357    0.03943282    0.08682288   -0.04766534   -0.99508281    0.99176167   -0.09029701    0.09085841
    0.22701389   -0.97165267   -0.06599834    0.94212692    0.23627128   -0.23785027    0.24670136   -0.00818350    0.96905700
   -0.04278617   -0.97294505   -0.22704023    0.38460100   -0.22577542    0.89504610   -0.92209078   -0.04902431    0.38385571
    0.14165295   -0.90094890   -0.41015304   -0.65297834   -0.39644815    0.64532795   -0.74401192    0.17640844   -0.64445817
    0.11155612   -0.78850242   -0.60482986   -0.87295860    0.21307792   -0.43879503    0.47486683    0.57694170   -0.66455983
    0.20632408   -0.67990601   -0.70367478    0.08080285    0.72853099   -0.68023047    0.97514167    0.08348900    0.20525183
    0.15165638   -0.38531115   -0.91023934    0.97124908    0.22906030    0.06485836    0.18350905   -0.89390531    0.40897155
    0.30937433   -0.30845820   -0.89952269    0.45770667   -0.78084827    0.42518299   -0.83354192   -0.54325824   -0.10039103
    0.34224550   -0.14611400   -0.92818033   -0.64323815   -0.75650464   -0.11809068   -0.68491802    0.63745700   -0.35289641
    0.34077651    0.15821836   -0.92673530   -0.84518166    0.48327669   -0.22827965    0.41175154    0.86105203    0.29841260
    0.38908556    0.31310867   -0.86635754    0.13691809    0.91036295    0.39050319    0.91096974   -0.27055917    0.31133883
    0.38897689    0.44463336   -0.80684457    0.92105242   -0.16967347    0.35053297    0.01895854   -0.87949536   -0.47552969
    0.39145805    0.59237451   -0.70416833    0.25051421   -0.80493847   -0.53788166   -0.88543956    0.03415394   -0.46349788
    0.43121627    0.75811211   -0.48920196   -0.70196263   -0.05874018   -0.70978733   -0.56683419    0.64947334    0.50683665
    0.29153855    0.82306324   -0.48741376   -0.73278446    0.51968892    0.43926115    0.61484324    0.22910768    0.75463731
    0.40907128    0.83492509   -0.36818580    0.46649629    0.15542864    0.87076010    0.78424607   -0.52796025   -0.32590806
    0.45127341    0.89230509    0.01199786    0.89134314   -0.45005572   -0.05438059   -0.04312437    0.03523473   -0.99844820
    0.56616959    0.82298326    0.04637394    0.08801930   -0.00442337   -0.99610895   -0.81957586    0.56804840   -0.07494279
    0.63721509    0.68314917    0.35674099   -0.72388960    0.68938229   -0.02712770   -0.26446318   -0.24095491    0.93380938
    0.76784754    0.50436122    0.39500622   -0.45733596   -0.00022278    0.88929397    0.44861339   -0.86349274    0.23049147
    0.58614088    0.49831694    0.63884200    0.42926013   -0.85972975    0.27676795    0.68714963    0.11200439   -0.71783034
    0.71884827    0.30594832    0.62422175    0.67530633   -0.09422742   -0.73149337   -0.16498036    0.94737364   -0.27434406
    0.68417839    0.17604289    0.70774913    0.05805029    0.95420636   -0.29346274   -0.72700075    0.24186591    0.64262803
    0.73883228   -0.01746471    0.67366301   -0.60519417    0.42252603    0.67469384   -0.29642349   -0.90618251    0.30160633
    0.59981315   -0.10962406    0.79259495   -0.50255594   -0.82242184    0.26657051    0.62262486   -0.55821580   -0.54839166
    0.73392108   -0.16757315    0.65823939    0.48360979   -0.55156594   -0.67962974    0.47695012    0.81712560   -0.32376586
    0.66379873   -0.48280227    0.57120330    0.72726891    0.59487185   -0.34235569   -0.17450266    0.64267367    0.74600226
    0.68437587   -0.57855626    0.44373678   -0.01510980    0.59720015    0.80194992   -0.72897282   -0.55553995    0.39996750
    0.59898408   -0.59204931    0.53916201   -0.79051106   -0.32980987    0.51605979   -0.12771189   -0.73532514   -0.66557240
    0.60144685   -0.75125269    0.27181075   -0.44187230   -0.59625945   -0.67024140    0.66559038    0.28300894   -0.69057612
    0.66202412   -0.74363211    0.09346309    0.50870624    0.35425766   -0.78467794    0.55040170    0.56702098    0.61281741
    0.45317765   -0.88405530   -0.11435140    0.84717299    0.38721168    0.36382006   -0.27735886   -0.26175054    0.92442345
    0.65249746   -0.70220232   -0.28488412   -0.07575082   -0.43449798    0.89748165   -0.75399528   -0.56402429   -0.33670123
    0.87861668   -0.41982859   -0.22754491   -0.47726869   -0.75634206   -0.44739389    0.01572696    0.50168780   -0.86490578
    0.94684322   -0.23506701   -0.21961652   -0.17498298    0.19652106   -0.96475926    0.26994234    0.95190492    0.14494191
    0.95358562   -0.19641638   -0.22824345    0.21670879    0.97391473    0.06728599    0.20907359   -0.11362531    0.97127623
    0.89791454   -0.13627214   -0.41854437    0.41498365   -0.05495364    0.90816775   -0.14675850   -0.98914610    0.00720704
    0.89468293    0.04422276   -0.44450737    0.04341186   -0.99898508   -0.01200887   -0.44458730   -0.00855276   -0.89569469
    0.94795176    0.25071886   -0.19628428   -0.19038364   -0.04782600   -0.98054410   -0.25522840    0.96687782    0.00239603
    0.98931468    0.10949012   -0.09627240   -0.14202100    0.87300878   -0.46656801    0.03296206    0.47525529    0.87923030
    0.92435709    0.37212282    0.08419364   -0.16295213    0.18552881    0.96903337    0.34497909   -0.90945240    0.23213308
