# Rotation matrices: 71 entries, row-major flattening of 3x3 -> 1x9
# https://github.com/Neurophysics-CFIN/GFO
# Col:  1    2    3    4    5    6    7    8    9
#       R11  R12  R13  R21  R22  R23  R31  R32  R33
# where Rij = R(i,j), i = row index, j = column index

   -0.87125163   -0.17410638   -0.45892001   -0.18560888    0.98241326   -0.02033552    0.45438964    0.06746227   -0.88824484
   -0.86743699    0.03014653   -0.49663292    0.39244400    0.65503077   -0.64569529    0.30584438   -0.75500058   -0.58002874
   -0.98693785   -0.02311534   -0.15943450    0.15309499   -0.44268021   -0.88351353   -0.05015578   -0.89638157    0.44043670
   -0.82603442    0.12349175   -0.54992448   -0.22633030   -0.96625539    0.12298424   -0.51617995    0.22605379    0.82611013
   -0.78799879    0.29419269   -0.54084061   -0.61223358   -0.28165412    0.73881053    0.06502267    0.91330259    0.40205775
   -0.76652377    0.57996228   -0.27583521    0.28810949    0.69440148    0.65939329    0.57396361    0.42596989   -0.69936788
   -0.84246974    0.47133541   -0.26093614    0.53223113    0.80323087   -0.26748869    0.08351507   -0.36422946   -0.92755708
   -0.86179066    0.46144244    0.21068398    0.00673065    0.42569913   -0.90483974   -0.50721944   -0.77836439   -0.36996934
   -0.83853652    0.54053967    0.06836210   -0.45489491   -0.62550883   -0.63388431   -0.29987852   -0.56263271    0.77040074
   -0.98271275    0.18500536    0.00697698   -0.18280838   -0.97562188    0.12142093    0.02927041    0.11804645    0.99257659
   -0.92615858    0.31118756    0.21305539    0.16826952   -0.16460889    0.97189983    0.33751395    0.93598409    0.10009056
   -0.47602236    0.75026812    0.45880330    0.87380517    0.46243617    0.15039057   -0.09933399    0.47249397   -0.87571811
   -0.24638643    0.64863959    0.72011139    0.09902722    0.75597755   -0.64706379   -0.96409924   -0.08811711   -0.25049559
   -0.32601579    0.40468148    0.85436913   -0.78741210    0.38388810   -0.48229877   -0.52315953   -0.82997761    0.19349751
   -0.31504609    0.31112263    0.89663185   -0.69974684   -0.71438805    0.00201842    0.64117106   -0.62677940    0.44277224
   -0.29208086    0.02415832    0.95608846    0.50742992   -0.84345871    0.17633004    0.81068097    0.53665053    0.23409949
   -0.45727239   -0.16946153    0.87303193    0.87509153    0.08920144    0.47566577   -0.15848276    0.98149167    0.10750499
   -0.50050225   -0.34427260    0.79433864    0.13521397    0.87518508    0.46450861   -0.85511092    0.33989328   -0.39148164
   -0.23837033   -0.59276837    0.76928879   -0.89792779    0.43630936    0.05796399   -0.37000712   -0.67694889   -0.63626640
   -0.68810217   -0.37634133    0.62038907   -0.50566210   -0.36448430   -0.78195718    0.52040488   -0.85177368    0.06050090
   -0.37273131   -0.74787632    0.54931992    0.20761515   -0.64418306   -0.73615497    0.90441546   -0.16034087    0.39537765
   -0.53065754   -0.70065517    0.47695379    0.83852790   -0.35192867    0.41595332   -0.12358613    0.62066782    0.77427251
   -0.34666424   -0.87986014    0.32506928    0.18029716    0.27759208    0.94362894   -0.92049815    0.38573148    0.06240504
   -0.39037664   -0.90844416    0.14944993   -0.77912754    0.41246488    0.47205190   -0.49047564    0.06783748   -0.86881052
   -0.43552506   -0.89137597   -0.12556591   -0.39240366    0.31353666   -0.86470465    0.81014646   -0.32732802   -0.48633227
   -0.60559160   -0.79011523   -0.09474570    0.45105815   -0.24272963   -0.85885323    0.65559543   -0.56285012    0.50338293
   -0.58575968   -0.49288293   -0.64339103    0.66534144   -0.74574383   -0.03445150   -0.46282433   -0.44825502    0.76476210
   -0.43531335   -0.80053019   -0.41189040   -0.26646603   -0.32244558    0.90830871   -0.85994078    0.50515371   -0.07294924
   -0.20054722   -0.48301934   -0.85233393   -0.94148498   -0.14555135    0.30400797   -0.27090008    0.86342754   -0.42556553
   -0.12569975   -0.46365691   -0.87705293   -0.54683739    0.77001684   -0.32869887    0.82774902    0.43828796   -0.35033586
   -0.02453392    0.04268486   -0.99878731    0.65285692    0.75730524    0.01632813    0.75708383   -0.65166462   -0.04644677
    0.00492217   -0.17322391   -0.98487017    0.91806259   -0.38963405    0.07311907   -0.39640492   -0.90453236    0.15711254
   -0.05889630    0.25101922   -0.96618869   -0.16948387   -0.95633190   -0.23812711   -0.98377154    0.14972859    0.09886812
    0.15383694    0.36669140   -0.91753562   -0.98790850    0.07518061   -0.13559010    0.01926116    0.92730000    0.37382310
   -0.03026212    0.58421823   -0.81103222   -0.34232538    0.75627588    0.55754831    0.93909400    0.29450951    0.17710621
   -0.08011991    0.75989538   -0.64508899    0.83374470    0.40578164    0.37444764    0.54630630   -0.50783882   -0.66606994
   -0.02695894    0.86796860   -0.49588680    0.79515766   -0.28200846   -0.53683845   -0.60580319   -0.40878079   -0.68256924
   -0.05137163    0.99068850   -0.12608433   -0.17211859   -0.13314473   -0.97603672   -0.98373581   -0.02843914    0.17735577
   -0.01781906    0.98354214   -0.17979805   -0.99968109   -0.01430742    0.02080910    0.01789418    0.18011151    0.98348342
   -0.08686328    0.98718879    0.13383966   -0.40359887   -0.15770028    0.90124280    0.91080334    0.02426738    0.41212664
    0.09570837    0.94747812    0.30516408    0.71821690   -0.27799633    0.63787345    0.68920563    0.15812417   -0.70710137
    0.15560850    0.88668804    0.43539673    0.78852922    0.15398504   -0.59540766   -0.59498544    0.43597353   -0.67521804
    0.12441445    0.77179783    0.62357770   -0.28706643    0.62958229   -0.72195499   -0.94979677   -0.08918659    0.29988638
   -0.10836737    0.78919012    0.60451259   -0.99325209   -0.11122609   -0.03284892    0.04131353   -0.60399314    0.79591801
    0.66299595    0.49706343    0.55978953   -0.12302303   -0.66525246    0.73641327    0.73844546   -0.55710602   -0.37990944
    0.41723450    0.41409900    0.80897304    0.84064782   -0.51406728   -0.17042908    0.34529206    0.75117032   -0.56259803
    0.53708865    0.07033102    0.84058868    0.64634683    0.60599880   -0.46368226   -0.54200697    0.79235030    0.28001685
    0.45978546    0.00232704    0.88802698   -0.38052669    0.90405186    0.19465273   -0.80236947   -0.42741646    0.41655540
    0.44395307   -0.09216121    0.89129792   -0.88269092   -0.21610214    0.41732075    0.15415060   -0.97201141   -0.17728907
    0.41662625   -0.43754893    0.79685225   -0.28186058   -0.89552709   -0.34436296    0.86427841   -0.08113059   -0.49642789
    0.42159566   -0.48128175    0.76852130    0.77458203   -0.24951291   -0.58117639    0.47146557    0.84030422    0.26759863
    0.52597783   -0.61127246    0.59134872    0.55040695    0.77471014    0.31124972   -0.64838223    0.16177199    0.74392897
    0.31110481   -0.83008553    0.46278700   -0.54444733    0.24345969    0.80268579   -0.77896784   -0.50168256   -0.37619637
    0.47813336   -0.86712063    0.13960769   -0.83067397   -0.49808929   -0.24877260    0.28525295    0.00297800   -0.95844764
    0.58817873   -0.74118296    0.32356392    0.20882286   -0.24733201   -0.94616061    0.78130583    0.62407908    0.00930052
    0.38237702   -0.91631223   -0.11899460    0.85008707    0.39932934   -0.34334829    0.36213227    0.03013272    0.93163954
    0.52976933   -0.83968201   -0.11949304    0.22807610    0.00534235    0.97362865   -0.81690009   -0.54305210    0.19434161
    0.54946809   -0.71819477   -0.42694391   -0.55028082   -0.69558651    0.46189872   -0.62870967   -0.01885956   -0.77741139
    0.60251659   -0.57357466   -0.55496474   -0.69633940   -0.03802511   -0.71670464    0.38998102    0.81827025   -0.42231339
    0.68643224   -0.26009583   -0.67908832    0.02162626    0.94073627   -0.33844878    0.72687212    0.21763601    0.65137660
    0.67663800   -0.16105754   -0.71848555    0.73536621    0.09827099    0.67050679   -0.03738389   -0.98204037    0.18493015
    0.90343715   -0.09478195   -0.41811206    0.10329820   -0.89839850    0.42686019   -0.41608989   -0.42883158   -0.80185577
    0.80341677   -0.04754657   -0.59351564   -0.55516276   -0.42011047   -0.71784504   -0.21521106    0.90622653   -0.36391988
    0.75199247    0.34062458   -0.56434228   -0.59482478    0.71959763   -0.35827745    0.28406127    0.60510672    0.74374394
    0.95339789    0.22444455   -0.20163609    0.01081233    0.64245270    0.76624906    0.30152208   -0.73272039    0.61008628
    0.94240146    0.28792835   -0.17022557    0.32990342   -0.71618844    0.61501045    0.05516536   -0.63574475   -0.76992558
    0.78210423    0.55995682   -0.27342520    0.37278478   -0.77203787   -0.51477086   -0.49934406    0.30067571   -0.81255746
    0.75307542    0.64963539   -0.10416945   -0.44691652    0.38889620   -0.80562111   -0.48284888    0.65324850    0.58320095
    0.78922155    0.58021174    0.20120556   -0.60666108    0.68574506    0.40213933    0.09535025   -0.43944061    0.89319666
    0.77366223    0.49161791    0.39969811   -0.35354084   -0.18854192    0.91622094    0.52579048   -0.85015514    0.02793924
    0.97097215    0.22150340    0.09027359    0.23486288   -0.95437307   -0.18442201    0.04530458    0.20027055   -0.97869260
