# Rotation matrices: 30 entries, row-major flattening of 3x3 -> 1x9
# https://github.com/Neurophysics-CFIN/GFO
# Col:  1    2    3    4    5    6    7    8    9
#       R11  R12  R13  R21  R22  R23  R31  R32  R33
# where Rij = R(i,j), i = row index, j = column index

    0.38868999   -0.92047839    0.04049224   -0.91742306   -0.39071438   -0.07534719    0.08517636   -0.00786182   -0.99633487
   -0.06674614   -0.98985745    0.12540810   -0.09874769   -0.11851795   -0.98802955    0.99287152   -0.07833092   -0.08983552
   -0.17680764   -0.88286322   -0.43507653    0.91444301    0.01615318   -0.40439221    0.36405088   -0.46935233    0.80447210
   -0.58711737   -0.41345535   -0.69595105    0.13141738   -0.89700496    0.42203266   -0.79876321    0.15632264    0.58098242
   -0.41515922   -0.42941082   -0.80202816   -0.90807877    0.14220715    0.39391632   -0.05509779    0.89184274   -0.44897746
   -0.72962532    0.40290363   -0.55255367    0.22771015    0.90503805    0.35924118    0.64482167    0.13628938   -0.75208392
   -0.21531729    0.23322913   -0.94828405    0.87202325    0.48301346   -0.07920504    0.43956104   -0.84397996   -0.30738237
    0.39085385    0.88610985    0.24908353    0.46925526    0.04097594   -0.88211137   -0.79185401    0.46166038   -0.39979611
    0.76295986    0.64336205   -0.06306763   -0.60148288    0.67075730   -0.43393891   -0.23687675    0.36901207    0.89873216
    0.80760597    0.51300803    0.29085282   -0.42992327    0.17458582    0.88582491    0.40365652   -0.84044188    0.36155064
    0.88283656    0.07580218    0.46352307   -0.17351954   -0.86443310    0.47185420    0.43645226   -0.49700045   -0.74999999
    0.24555724   -0.66551928    0.70483028    0.46236516   -0.55864638   -0.68857293    0.85200945    0.49497303    0.17053326
    0.77793947   -0.50652542    0.37180934    0.61160736    0.47477815   -0.63286819    0.14403688    0.71973447    0.67914334
    0.45046796   -0.10842001    0.88618492   -0.50016323    0.79156423    0.35108803   -0.73953726   -0.60139102    0.30234662
   -0.09339326    0.40116623    0.91123178   -0.57577118   -0.76843099    0.27928725    0.81225935   -0.49857745    0.30274623
   -0.13635943   -0.08007497    0.98741790    0.96094301   -0.25298724    0.11218724    0.24082074    0.96415012    0.11144468
   -0.46390515    0.24865858    0.85027109    0.87170629   -0.04290309    0.48814697    0.15786119    0.96764055   -0.19685429
   -0.85958327    0.36457667    0.35805092    0.42894022    0.89561494    0.11783107   -0.27771730    0.25486806   -0.92623721
   -0.71780552    0.51853786    0.46462213   -0.24794030    0.43320345   -0.86652200   -0.65060038   -0.73719282   -0.18238940
   -0.99402947    0.02631954   -0.10589005    0.04717773   -0.77139228   -0.63460870   -0.09838538   -0.63581540    0.76554496
   -0.79960476   -0.44816027    0.39973067    0.51981027   -0.84983968    0.08700456    0.30071500    0.27735337    0.91249416
   -0.97857233   -0.04498091    0.20093014    0.19882050   -0.46016965    0.86528279    0.05354074    0.88669082    0.45925241
   -0.44283761   -0.85051310    0.28376456    0.43609417    0.07221244    0.89699902   -0.78340074    0.52097297    0.33892542
    0.31617348   -0.86820534   -0.38243146   -0.36072739   -0.48285222    0.79795331   -0.87744520   -0.11433817   -0.46585052
    0.15152283   -0.68259779   -0.71491335   -0.78992045    0.35115874   -0.50270590    0.59419400    0.64089609   -0.48598939
    0.70755579    0.08397242   -0.70165051   -0.08811770    0.99564917    0.03029839    0.70114198    0.04039003    0.71187679
    0.47862797    0.40530221   -0.77887444    0.70807823    0.34635599    0.61535579    0.51917289   -0.84603052   -0.12121001
    0.25382366    0.65040830   -0.71592080    0.79095812   -0.56559940   -0.23341501   -0.55673944   -0.50701712   -0.65800824
   -0.14021085    0.85942280   -0.49166388   -0.10002042   -0.50632318   -0.85652364   -0.98505677   -0.07091748    0.15695183
   -0.68407639    0.72906648   -0.02239550   -0.60168892   -0.58138316   -0.54768975   -0.41232260   -0.36118651    0.83638172
