# Rotation matrices: 98 entries, row-major flattening of 3x3 -> 1x9
# https://github.com/Neurophysics-CFIN/GFO
# Col:  1    2    3    4    5    6    7    8    9
#       R11  R12  R13  R21  R22  R23  R31  R32  R33
# where Rij = R(i,j), i = row index, j = column index

   -0.89296288   -0.32040049   -0.31616581   -0.35010580    0.93583636    0.04045047    0.28291911    0.14681225   -0.94784120
   -0.85375407   -0.35994413   -0.37622363    0.11863935    0.56907878   -0.81367933    0.50697998   -0.73931696   -0.44314978
   -0.97705684    0.02352064   -0.21167596    0.17715386   -0.46194031   -0.86903835   -0.11822199   -0.88659908    0.44717517
   -0.87490794    0.06172966   -0.48033899   -0.07651703   -0.99700488    0.01124328   -0.47820627    0.04659094    0.87701086
   -0.87449461    0.13726479   -0.46520701   -0.48084941   -0.37107994    0.79440765   -0.06358479    0.91839972    0.39051111
   -0.93966038    0.31315331   -0.13774389    0.11619646    0.67083755    0.73244479    0.32177128    0.67224400   -0.66674677
   -0.94736886    0.22937039   -0.22334159    0.28160838    0.92888322   -0.24056742    0.15227922   -0.29080095   -0.94458766
   -0.91933279    0.39333836    0.01059055    0.14140491    0.35537717   -0.92396522   -0.36719460   -0.84793396   -0.38232986
   -0.86437900    0.50282416    0.00409991   -0.36084886   -0.61459699   -0.70146892   -0.35019572   -0.60781445    0.71268825
   -0.79700679    0.58897276   -0.13375824   -0.58348959   -0.69367659    0.42231823    0.15594898    0.41463704    0.89652442
   -0.56460520    0.60470941    0.56173615    0.23935796   -0.53138202    0.81261363    0.78989160    0.59326190    0.15527904
   -0.65356499    0.53562237    0.53475367    0.74906849    0.55893220    0.35565600   -0.10839374    0.63301143   -0.76651635
   -0.51304960    0.62533170    0.58799691    0.26048563    0.76614637   -0.58750914   -0.81787978   -0.14825658   -0.55596101
   -0.57753401    0.21690542    0.78702382   -0.69337367    0.37854197   -0.61313860   -0.43091464   -0.89980999   -0.06822436
   -0.56178203    0.27118137    0.78157637   -0.59034701   -0.79325980   -0.14909492    0.57956135   -0.54516012    0.60573021
   -0.68436688   -0.02554165    0.72869033    0.29538299   -0.92341754    0.24504886    0.66662648    0.38294605    0.63950095
   -0.52507945   -0.01653126    0.85089264    0.85059878   -0.04286252    0.52406537    0.02780794    0.99894420    0.03656770
   -0.65600227    0.01029957    0.75468864    0.25709871    0.94315675    0.21060768   -0.70962051    0.33218860   -0.62136098
   -0.66621796   -0.44541570    0.59812915   -0.55896850    0.82917302   -0.00512962   -0.49366774   -0.33775280   -0.80138331
   -0.65520022   -0.46939978    0.59192611   -0.55560427   -0.23149292   -0.79857055    0.51187555   -0.85210027   -0.10912631
   -0.71878543   -0.45083698    0.52923863    0.29692782   -0.88739185   -0.35266070    0.62863454   -0.09634170    0.77171037
   -0.70958646   -0.66827068    0.22338611    0.68532791   -0.58088337    0.43920402   -0.16374589    0.46474596    0.87017152
   -0.70656701   -0.67058254    0.22601353    0.04048603    0.28055760    0.95898296   -0.70648704    0.68673611   -0.17108352
   -0.79317395   -0.60872086    0.01827559   -0.54837047    0.72694565    0.41332776   -0.26488659    0.31781902   -0.91039890
   -0.58825400   -0.78418498   -0.19751241   -0.51006950    0.54933073   -0.66186467    0.62752397   -0.28859949   -0.72313484
   -0.59289646   -0.78635346   -0.17355697    0.58702042   -0.27450661   -0.76161221    0.55125386   -0.55343866    0.62435953
   -0.51984680   -0.54200998   -0.66029121    0.83590780   -0.48209892   -0.26237145   -0.17611773   -0.68833554    0.70368795
   -0.43570881   -0.64125832   -0.63162140    0.00344861   -0.70291738    0.71126315   -0.90008107    0.30772541    0.30847874
   -0.29933679   -0.66105895   -0.68803965   -0.93822193    0.07272727    0.33830512   -0.17360038    0.74680105   -0.64198995
   -0.40641704   -0.13985752   -0.90292030   -0.53815765    0.83525439    0.11285585    0.73838440    0.53178001   -0.41472701
   -0.45731790   -0.19615845   -0.86739968    0.67768123    0.55471674   -0.48273955    0.57585457   -0.80858592   -0.12074900
   -0.19449724   -0.05109096   -0.97957161    0.85368352   -0.50066362   -0.14338891   -0.48311000   -0.86413289    0.14099320
   -0.42976831    0.32685983   -0.84170176    0.00412776   -0.93145894   -0.36382304   -0.90292977   -0.15983396    0.39896234
   -0.30556555    0.33299992   -0.89204302   -0.93581130   -0.27794757    0.21680028   -0.17574672    0.90103063    0.39655629
   -0.20047469    0.55365158   -0.80825727   -0.37158120    0.72039271    0.58562936    0.90649727    0.41773708    0.06130601
   -0.40269935    0.71042684   -0.57717150    0.62554071    0.67393314    0.39308135    0.66823054   -0.20275066   -0.71579334
   -0.20499888    0.78827675   -0.58016828    0.89573537   -0.08782244   -0.43582722   -0.39450426   -0.60902134   -0.68808386
   -0.33937917    0.86292714   -0.37440423   -0.20536894   -0.45639846   -0.86575057   -0.91795718   -0.21692670    0.33211057
   -0.30379512    0.92082959   -0.24450233   -0.94866700   -0.31606330   -0.01161557   -0.08797418    0.22842254    0.96957913
   -0.18022879    0.97461271    0.13284443   -0.24613421   -0.17544512    0.95322451    0.95233163    0.13910094    0.27150579
   -0.35969272    0.92182145    0.14445190    0.86246243    0.26938819    0.42847235    0.35606137    0.27870272   -0.89193335
    0.16186912    0.92706007    0.33816862    0.73197776    0.11703115   -0.67120211   -0.66182094    0.35617880   -0.65964362
   -0.29273562    0.81404854    0.50162819   -0.37719946    0.38375426   -0.84288388   -0.87865035   -0.43595601    0.19472012
   -0.06700925    0.81937832    0.56932322   -0.99766662   -0.06250505   -0.02746702    0.01307969   -0.56983532    0.82165482
    0.13262644    0.40063783    0.90658676   -0.21787888   -0.88051003    0.42098798    0.96692245   -0.25336024   -0.02948839
   -0.11660884    0.38975304    0.91350695    0.88792202   -0.37117393    0.27170645    0.44496838    0.84280631   -0.30278815
    0.07241874    0.14479520    0.98680792    0.66843582    0.72727562   -0.15576821   -0.74023583    0.67089830   -0.04411792
    0.07207944   -0.13991555    0.98753643   -0.62034320    0.76901645    0.15423365   -0.78101144   -0.62372858   -0.03136539
   -0.04852106   -0.28462431    0.95741042   -0.97743584   -0.18376248   -0.10416587    0.20558425   -0.94086150   -0.26928565
    0.01801563   -0.58243782    0.81267560   -0.07638143   -0.81123399   -0.57971138    0.99691590   -0.05162946   -0.05910233
    0.01791438   -0.57146443    0.82043128    0.92715167   -0.29765662   -0.22757485    0.37425773    0.76474109    0.52450187
   -0.13279328   -0.75864903    0.63782254    0.51196963    0.49851876    0.69954710   -0.84867723    0.41944093    0.32220532
    0.00778168   -0.92847946    0.37130222   -0.50788479    0.31618558    0.80129877   -0.86138986   -0.19481420   -0.46910014
   -0.07681726   -0.93416041    0.34848736   -0.86935585   -0.10837935   -0.48215591    0.48817980   -0.33999742   -0.80379241
   -0.01326268   -0.99584816    0.09005854    0.02859258   -0.09040734   -0.99549434    0.99950316   -0.01062792    0.02967291
    0.13564084   -0.98087774   -0.13957227    0.92873321    0.17494266   -0.32687872    0.34504520   -0.08528730    0.93470310
   -0.07570652   -0.96901474   -0.23511477    0.39842540   -0.24554771    0.88372141   -0.91407096   -0.02677223    0.40466965
   -0.06405015   -0.83891335   -0.54048309   -0.66149904   -0.36982530    0.65241725   -0.74720586    0.39931647   -0.53125301
    0.24475801   -0.72354634   -0.64542561   -0.81259808    0.21007015   -0.54364961    0.52894034    0.65753420   -0.53653601
    0.02732145   -0.61661327   -0.78679197    0.22276941    0.77104803   -0.59653896    0.97448824   -0.15897488    0.15842873
    0.14674235   -0.42925573   -0.89118247    0.95772318    0.28703356    0.01944355    0.24745302   -0.85635930    0.45322814
    0.28279318   -0.34013696   -0.89684718    0.37385646   -0.82198040    0.42962724   -0.88332291   -0.45678777   -0.10528805
    0.15998995   -0.01534402   -0.98699938   -0.65442008   -0.75021318   -0.09441682   -0.73901121    0.66101796   -0.13006800
    0.33495469    0.24849288   -0.90887658   -0.83684433    0.52174236   -0.16576032    0.43300915    0.81611041    0.38270991
    0.35489823    0.22138544   -0.90831477    0.15787610    0.94341376    0.29162580    0.92147837   -0.24689867    0.29986441
    0.32764837    0.48788287   -0.80908396    0.94298210   -0.11577433    0.31205938    0.05857727   -0.86519744   -0.49799809
    0.41840156    0.57712422   -0.70133285    0.32168962   -0.81627780   -0.47979823   -0.84938562   -0.02486317   -0.52718677
    0.45223115    0.75157066   -0.48023799   -0.71147169   -0.02072181   -0.70240917   -0.53786152    0.65932704    0.52535020
    0.28493191    0.86685924   -0.40910741   -0.74768786    0.46806447    0.47103982    0.59981386    0.17167036    0.78150663
    0.33468979    0.87395732   -0.35239373    0.51116702    0.14577945    0.84702812    0.79163819   -0.46362371   -0.39794727
    0.32527979    0.94549561   -0.01520264    0.94427920   -0.32563248   -0.04796123   -0.05029761    0.00124528   -0.99873350
    0.47394322    0.88016147    0.02633656    0.11894396   -0.03435591   -0.99230641   -0.87248504    0.47342947   -0.12097264
    0.43951963    0.86492604    0.24233333   -0.83978906    0.49141145   -0.23080105   -0.31871121   -0.10206729    0.94234040
    0.72971118    0.53292084    0.42838882   -0.47685278   -0.05237674    0.87742128    0.49003370   -0.84454251    0.21590489
    0.38055155    0.64249541    0.66511666    0.51466443   -0.74469999    0.42490287    0.76831051    0.18061445   -0.61406627
    0.72234505    0.38742389    0.57281792    0.66431851   -0.15867138   -0.73041379   -0.19208994    0.90814433   -0.37198835
    0.64077770    0.20102060    0.74094174    0.04186069    0.95452757   -0.29516909   -0.76658439    0.22015410    0.60322512
    0.70577189    0.04001500    0.70730816   -0.68122420    0.31240339    0.66207078   -0.19447270   -0.94910638    0.24774472
    0.53272839   -0.11134027    0.83893015   -0.60100999   -0.74768156    0.28241686    0.59580823   -0.65465688   -0.46522781
    0.72342154   -0.24038723    0.64720573    0.41845703   -0.59295037   -0.68797061    0.54914023    0.76852055   -0.32836135
    0.63162610   -0.45305502    0.62911813    0.72834799    0.62480117   -0.28130536   -0.26562694    0.63589673    0.72462244
    0.68791838   -0.50434335    0.52192537    0.00529850    0.72258600    0.69126073   -0.72576871   -0.47276554    0.49975246
    0.58694432   -0.60166821    0.54174877   -0.78752824   -0.26900711    0.55446771   -0.18787133   -0.75208413   -0.63172290
    0.60070463   -0.74286991    0.29546278   -0.44090445   -0.61612083   -0.65268552    0.66690121    0.26180036   -0.69764128
    0.63347344   -0.76863831    0.08891881    0.51666320    0.33463982   -0.78808333    0.57599526    0.54517093    0.60911257
    0.50552053   -0.86280600   -0.00384743    0.73305623    0.42713942    0.52932078   -0.45505775   -0.27040291    0.84841306
    0.62405245   -0.75106397   -0.21554919   -0.13171273   -0.37301991    0.91842686   -0.77020147   -0.54475596   -0.33170868
    0.67899738   -0.67895418   -0.27925575   -0.73144375   -0.65822424   -0.17813167   -0.06286966    0.32521081   -0.94354933
    0.79097790   -0.42911406   -0.43613655   -0.31463364    0.32607796   -0.89144761    0.52474722    0.84233858    0.12290674
    0.92981263   -0.21962446   -0.29531942    0.29905472    0.91857040    0.25844670    0.21451046   -0.32862367    0.91977809
    0.89816020   -0.12966956   -0.42011196    0.41650106   -0.05514513    0.90746123   -0.14083722   -0.99002264    0.00447835
    0.94637741   -0.12338623   -0.29857267   -0.11650338   -0.99235129    0.04081526   -0.30132501   -0.00384192   -0.95351375
    0.93380581    0.06872077   -0.35111844   -0.34430204   -0.09422349   -0.93411886   -0.09727697    0.99317641   -0.06432574
    0.91436887    0.15987532   -0.37198044   -0.22799854    0.96253870   -0.14675123    0.33458367    0.21899575    0.91656676
    0.96650115    0.25522430    0.02713078   -0.05722529    0.11123803    0.99214483    0.25020149   -0.96046169    0.12211697
    0.89697857    0.32793876   -0.29645509    0.43606255   -0.76656218    0.47141477   -0.07265608   -0.55212191   -0.83059165
    0.89731582    0.44102342    0.01796280    0.23800290   -0.44917088   -0.86116209   -0.37172428    0.77700956   -0.50801299
    0.97729273    0.18998509    0.09383274   -0.08560072    0.75907188   -0.64535447   -0.19383352    0.62266808    0.75809829
