# Rotation matrices: 100 entries, row-major flattening of 3x3 -> 1x9
# https://github.com/Neurophysics-CFIN/GFO
# Col:  1    2    3    4    5    6    7    8    9
#       R11  R12  R13  R21  R22  R23  R31  R32  R33
# where Rij = R(i,j), i = row index, j = column index

   -0.91549442   -0.25763199   -0.30902382   -0.29104982    0.95438865    0.06657556    0.27777683    0.15089087   -0.94872123
   -0.83064592   -0.30953160   -0.46283641    0.25201298    0.53222740   -0.80822240    0.49650459   -0.78798742   -0.36408654
   -0.98628331    0.00145466   -0.16505491    0.15069975   -0.40002477   -0.90402974   -0.06734110   -0.91650317    0.39431854
   -0.85735981    0.07836405   -0.50871724   -0.14608001   -0.98474881    0.09450088   -0.49355323    0.15533467    0.85573147
   -0.85470667    0.12547242   -0.50371934   -0.51653286   -0.30215540    0.80118408   -0.05167502    0.94496497    0.32306486
   -0.94171288    0.30022824   -0.15178882    0.06665660    0.60876233    0.79054748    0.32974800    0.73435102   -0.59329152
   -0.91600327    0.25109829   -0.31287004    0.31220995    0.93593921   -0.16291941    0.25191856   -0.24691585   -0.93571876
   -0.93669628    0.34758249    0.04226680    0.09811773    0.37644006   -0.92123058   -0.33611454   -0.85876614   -0.38671401
   -0.87081103    0.48655061   -0.07040347   -0.31992778   -0.66958698   -0.67029806   -0.37327518   -0.56117892    0.73874479
   -0.82308527    0.56029226   -0.09275356   -0.53746402   -0.71572554    0.44594772    0.18347497    0.41690470    0.89024008
   -0.86058769    0.46432871    0.20925505    0.04545923   -0.33919498    0.93961706    0.50726944    0.81813545    0.27079899
   -0.77776322    0.49623246    0.38579491    0.62579088    0.66884752    0.40128389   -0.05890787    0.55353079   -0.83074276
   -0.47954452    0.62719557    0.61372858    0.26308006    0.76997740   -0.58131204   -0.83715347   -0.11730525   -0.53424109
   -0.54870739    0.22653689    0.80473675   -0.69279893    0.41555019   -0.58936210   -0.46792077   -0.88090810   -0.07107094
   -0.47428113    0.23290633    0.84900651   -0.61576152   -0.77699471   -0.13083184    0.62920200   -0.58483661    0.51192869
   -0.58375200    0.02710221    0.81147956    0.28708101   -0.92799424    0.23751037    0.75948541    0.37160753    0.53393797
   -0.52344243   -0.10173123    0.84596618    0.85185094   -0.04043335    0.52222134   -0.01892097    0.99398989    0.10782438
   -0.64435792   -0.05950700    0.76240526    0.14832097    0.96831113    0.20093392   -0.75020248    0.24255405   -0.61511282
   -0.64120189   -0.52844630    0.55642128   -0.63143768    0.77537731    0.00874559   -0.43605801   -0.34573767   -0.83085430
   -0.63569992   -0.45621591    0.62269789   -0.59532366   -0.22376944   -0.77169746    0.49140142   -0.86127480   -0.12934591
   -0.69494030   -0.44147294    0.56759107    0.31269019   -0.89633929   -0.31432582    0.64752052   -0.04095752    0.76094655
   -0.61650443   -0.74761881    0.24695832    0.78476721   -0.55808014    0.26960523   -0.06373940    0.36001761    0.93076560
   -0.69590780   -0.67212424    0.25290578    0.03617015    0.31891985    0.94709126   -0.71721967    0.66823584   -0.19762798
   -0.74127317   -0.66815169    0.06393290   -0.61849380    0.71695551    0.32162123   -0.26072881    0.19886709   -0.94470756
   -0.62462074   -0.75729077   -0.19068202   -0.50389785    0.57738086   -0.64243155    0.59660363   -0.30519181   -0.74224125
   -0.68506589   -0.72472627   -0.07386858    0.49516384   -0.38887892   -0.77690795    0.53431966   -0.56881018    0.62526593
   -0.52594421   -0.53425067   -0.66178464    0.82328499   -0.51511617   -0.23844738   -0.21350530   -0.67024738    0.71076293
   -0.64237007   -0.60034180   -0.47639313    0.02449415   -0.63736743    0.77017063   -0.76600309    0.48306571    0.42413062
   -0.23072098   -0.64161116   -0.73150731   -0.96097516    0.03233049    0.27473892   -0.15262557    0.76634839   -0.62403171
   -0.40402683   -0.16819365   -0.89915139   -0.52239766    0.84932061    0.07586302    0.75090812    0.50036527   -0.43101228
   -0.38726456   -0.21121356   -0.89744916    0.74149458    0.50713241   -0.43932050    0.54791601   -0.83558695   -0.03978070
   -0.21556998   -0.05821948   -0.97475129    0.86537770   -0.47384206   -0.16308018   -0.45238371   -0.87868322    0.15252796
   -0.44440031    0.35794707   -0.82120781   -0.05647686   -0.92607340   -0.37309305   -0.89404627   -0.11942342    0.43176303
   -0.30409919    0.33075363   -0.89337882   -0.94623401   -0.21344767    0.24306643   -0.11029453    0.91926173    0.37787960
   -0.35176958    0.61629048   -0.70458797   -0.40061084    0.58116916    0.70834551    0.84603139    0.53143998    0.04245502
   -0.37911885    0.74567663   -0.54793728    0.60737954    0.64725845    0.46059373    0.69811102   -0.15818613   -0.69829661
   -0.13135979    0.80300087   -0.58132109    0.87308683   -0.18403171   -0.45149940   -0.46953593   -0.56685266   -0.67691512
   -0.33627405    0.86792682   -0.36554452   -0.18680267   -0.44190804   -0.87739504   -0.92305175   -0.22676049    0.31073325
   -0.41015593    0.90790283   -0.08651334   -0.91158504   -0.41102756    0.00831004   -0.02801466    0.08227268    0.99621603
   -0.14601676    0.98850107    0.03930307   -0.21068039   -0.06988912    0.97505348    0.96658827    0.13409376    0.21846278
   -0.40025991    0.88686258    0.23079595    0.83929157    0.25364417    0.48088907    0.36794247    0.38618571   -0.84585988
    0.10821025    0.91544060    0.38763262    0.74391678    0.18408867   -0.64241668   -0.65945308    0.35788248   -0.66109134
   -0.33561860    0.80092959    0.49585476   -0.36648889    0.37389468   -0.85199100   -0.86778226   -0.46766929    0.16804579
   -0.10417935    0.82749237    0.55172733   -0.99336125   -0.11378695   -0.01691034    0.04878619   -0.54982625    0.83385310
    0.10394180    0.49406611    0.86318873   -0.21869396   -0.83529536    0.50443495    0.97024175   -0.24120603    0.02122717
   -0.18426973    0.40112145    0.89729942    0.87678496   -0.34548319    0.33449888    0.44417654    0.84837665   -0.28803516
    0.04779186    0.18042873    0.98242629    0.69292102    0.70241409   -0.16271111   -0.71942782    0.68852010   -0.09145318
    0.07840654   -0.15699751    0.98448169   -0.52158604    0.83511763    0.17471848   -0.84958838   -0.52719098   -0.01640903
   -0.06934690   -0.27173209    0.95987118   -0.97843297   -0.16914419   -0.11857133    0.19457627   -0.94739217   -0.25414201
    0.03920423   -0.56949651    0.82105831   -0.06060492   -0.82153247   -0.56693160    0.99739163   -0.02753405   -0.06672184
    0.06983017   -0.55772775    0.82708132    0.93686081   -0.24813006   -0.24642096    0.34265955    0.79206769    0.50518631
   -0.07874212   -0.74017639    0.66778633    0.53326130    0.53469686    0.65553921   -0.84227790    0.40772315    0.35260426
    0.05663949   -0.93385453    0.35313976   -0.53440202    0.27041490    0.80080601   -0.84333057   -0.23407584   -0.48373758
   -0.06667696   -0.93134514    0.35798103   -0.88842241   -0.10788935   -0.44616757    0.45415834   -0.34778747   -0.82023416
   -0.00350333   -0.99914552    0.04118192    0.02921390   -0.04126685   -0.99872098    0.99956704   -0.00229577    0.02933351
    0.04110180   -0.99174867   -0.12142992    0.92771166    0.08301011   -0.36395110    0.37102792   -0.09769290    0.92346867
   -0.11280841   -0.95698781   -0.26729870    0.39423540   -0.29004355    0.87203967   -0.91205960   -0.00700520    0.40999783
   -0.08021184   -0.84648040   -0.52634303   -0.63979694   -0.36119169    0.67838075   -0.76434674    0.39116683   -0.51260372
    0.31639204   -0.71615112   -0.62211224   -0.80775869    0.14048569   -0.57252918    0.49741528    0.68366025   -0.53402874
   -0.02154229   -0.61521159   -0.78806766    0.24513340    0.76093893   -0.60073418    0.96924999   -0.20612290    0.13441654
    0.15581210   -0.42971946   -0.88941766    0.95976032    0.27882451    0.03342181    0.23362944   -0.85883530    0.45587191
    0.22080605   -0.29677592   -0.92906875    0.33282394   -0.87247300    0.35779754   -0.91677310   -0.38822019   -0.09387319
    0.01405265    0.09853777   -0.99503409   -0.68464521   -0.72431714   -0.08139789   -0.72874101    0.68238917    0.05728483
    0.36217667    0.26380446   -0.89399959   -0.80755219    0.56778876   -0.15961009    0.46549707    0.77975838    0.41867571
    0.27375567    0.23734525   -0.93205422    0.18434858    0.93815790    0.29304496    0.94396686   -0.25204559    0.21307179
    0.24510409    0.58630793   -0.77211851    0.96862658   -0.11435916    0.22064573    0.04106752   -0.80197568   -0.59594334
    0.45696140    0.55101877   -0.69825826    0.32607630   -0.83413588   -0.44485008   -0.82756301   -0.02440616   -0.56084205
    0.40948866    0.73807375   -0.53625198   -0.74134748   -0.07337901   -0.66709778   -0.53171699    0.67071802    0.51712124
    0.24356207    0.87909933   -0.40970952   -0.78161355    0.42802042    0.45373866    0.57424540    0.20972099    0.79136549
    0.29704734    0.90469914   -0.30542158    0.41383250    0.16628292    0.89503780    0.86052632   -0.39226198   -0.32500000
    0.33157057    0.94335379   -0.01202426    0.94324717   -0.33122804    0.02393244    0.01859398   -0.01927714   -0.99964126
    0.45392527    0.89093299    0.01379366    0.12453209   -0.04810472   -0.99104878   -0.88229451    0.45157984   -0.13278570
    0.39443173    0.86857102    0.30001332   -0.81553090    0.48132613   -0.32130127   -0.42347722   -0.11793872    0.89819681
    0.57596400    0.67658171    0.45880569   -0.59560081   -0.03711519    0.80242267    0.55993316   -0.73543161    0.38159560
    0.34444967    0.68865699    0.63804857    0.50867888   -0.70813156    0.48968917    0.78905020    0.15588856   -0.59422095
    0.68898130    0.40567298    0.60061152    0.70510405   -0.18339327   -0.68497824   -0.16772905    0.89543082   -0.41239619
    0.56750961    0.27813410    0.77496727    0.00238005    0.94065948   -0.33934360   -0.82336333    0.19442521    0.53317132
    0.72179552    0.04886855    0.69037895   -0.65525659    0.36939667    0.65892708   -0.22282288   -0.92798597    0.29865030
    0.54896447   -0.05142680    0.83426213   -0.56443466   -0.75896731    0.32462616    0.61648320   -0.64909468   -0.44567316
    0.65249765   -0.21111318    0.72778984    0.43844753   -0.67815539   -0.58980422    0.61807005    0.70394353   -0.34993275
    0.61399685   -0.44440544    0.65231256    0.74322077    0.60377946   -0.28822430   -0.26576448    0.66178106    0.70101004
    0.67132840   -0.50019178    0.54692445    0.02640185    0.75360117    0.65680150   -0.74068962   -0.42648969    0.51911986
    0.63640257   -0.60444329    0.47920777   -0.75466283   -0.35934712    0.54895689   -0.15961137   -0.71099786   -0.68484031
    0.64833578   -0.71502693    0.26152861   -0.43345492   -0.62905126   -0.64529942    0.62592136    0.30500984   -0.71776838
    0.57163074   -0.80991587    0.13143280    0.51999302    0.23367964   -0.82158449    0.63470115    0.53798709    0.55472907
    0.50324197   -0.86279957    0.04821236    0.74682257    0.46230911    0.47804428   -0.43474541   -0.20456587    0.87701154
    0.58637318   -0.76990734   -0.25181180   -0.10876556   -0.38288045    0.91737267   -0.80270577   -0.51053428   -0.30825023
    0.58529900   -0.72188965   -0.36918886   -0.80733283   -0.56103485   -0.18290324   -0.07509186    0.40511137   -0.91117835
    0.61292414   -0.51741231   -0.59716706   -0.41823987    0.42876157   -0.80077396    0.67037259    0.74057276    0.04639586
    0.76202314   -0.32198303   -0.56182529    0.43231431    0.89890782    0.07119731    0.48210482   -0.29713911    0.82418644
    0.83288055   -0.23514411   -0.50101621    0.49346366   -0.09439640    0.86462879   -0.25060649   -0.96736579    0.03741414
    0.97083023   -0.14626931   -0.18998411   -0.16745145   -0.98073236   -0.10061832   -0.17160619    0.12949642   -0.97661763
    0.90596921    0.00597207   -0.42330146   -0.42299391   -0.02786226   -0.90570406   -0.01720307    0.99959393   -0.02271620
    0.92975316    0.06473163   -0.36244844   -0.13653132    0.97485324   -0.17612598    0.34193311    0.21323925    0.91521078
    0.92786304    0.16670922   -0.33358389    0.29941243    0.20022559    0.93287829    0.22231144   -0.96546245    0.13586711
    0.88649561    0.24895193   -0.39006215    0.40154526   -0.83279263    0.38107460   -0.22997162   -0.49444856   -0.83823247
    0.89844451    0.40274554    0.17490993    0.25883233   -0.16399945   -0.95189811   -0.35468758    0.90049998   -0.25158798
    0.91675146    0.39020516   -0.08547918   -0.35056166    0.68331165   -0.64046211   -0.19150270    0.61711030    0.76321792
    0.93892692    0.34292362   -0.02862927   -0.23031040    0.68804232    0.68815325    0.25568215   -0.63953199    0.72500032
    0.97298772    0.15203597    0.17372379    0.00459544   -0.76512364    0.64386699    0.23081112   -0.62567634   -0.74515458
