# Rotation matrices: 46 entries, row-major flattening of 3x3 -> 1x9
# https://github.com/Neurophysics-CFIN/GFO
# Col:  1    2    3    4    5    6    7    8    9
#       R11  R12  R13  R21  R22  R23  R31  R32  R33
# where Rij = R(i,j), i = row index, j = column index

   -0.92779833   -0.32501154   -0.18318774   -0.35220834    0.92496894    0.14276465    0.12304281    0.19697706   -0.97265642
   -0.82790439   -0.07490639   -0.55584472    0.38677615    0.64145240   -0.66252776    0.40617549   -0.76349712   -0.50208925
   -0.55323191    0.28324136   -0.78339568    0.45258156   -0.68732268   -0.56811747   -0.69935998   -0.66885115    0.25205902
   -0.63737138   -0.01194263   -0.77046421   -0.30486808   -0.91438420    0.26637752   -0.70768155    0.40467135    0.57916140
   -0.52875153    0.69372319   -0.48905005   -0.77176975   -0.15314421    0.61718579    0.35326091    0.70377197    0.61636981
   -0.83494284    0.44229937   -0.32747782    0.13974128    0.74593613    0.65119249    0.53229957    0.49794633   -0.68462152
   -0.38206343    0.74600895   -0.54543394    0.81275572    0.55215471    0.18588523    0.43983597   -0.37228460   -0.81728116
   -0.31335732    0.93937247    0.13923560    0.27448161    0.22995560   -0.93369174   -0.90910232   -0.25436153   -0.32989874
   -0.71463537    0.69373138   -0.08962738   -0.60925226   -0.68025864   -0.40750443   -0.34366841   -0.23661140    0.90879429
   -0.73937371    0.64341632    0.19834806   -0.61973240   -0.76550002    0.17303601    0.26316964    0.00501556    0.96473654
   -0.61101888    0.70624582    0.35759302    0.17997521   -0.31596087    0.93154584    0.77088576    0.63354997    0.06595131
   -0.96240578    0.17547493    0.20732501    0.26681336    0.75366129    0.60067070   -0.05085018    0.63340604   -0.77214704
   -0.85734459    0.25773414    0.44557084    0.13001977    0.94598043   -0.29701160   -0.49805132   -0.19670827   -0.84454173
   -0.57253108    0.31435840    0.75722319   -0.73313103    0.21718165   -0.64447733   -0.36705184   -0.92412712    0.10612266
   -0.33204098    0.53350590    0.77789475   -0.79548605   -0.60155662    0.07301765    0.50690308   -0.59455957    0.62413795
   -0.00939170    0.12259913    0.99241183    0.25210944   -0.96010484    0.12099388    0.96765315    0.25133273   -0.02189138
   -0.01359008   -0.21277460    0.97700680    0.98367440    0.17250499    0.05125132   -0.17944353    0.96175309    0.20695657
    0.45206797   -0.29954592    0.84018260    0.27949699    0.94206044    0.18548197   -0.84706315    0.15097805    0.50959753
    0.02371816   -0.44339460    0.89601265   -0.86479572    0.44056033    0.24090445   -0.50156337   -0.78058172   -0.37299647
   -0.23187603   -0.61189865    0.75618354   -0.69264853   -0.44194958   -0.57001630    0.68298720   -0.65594254   -0.32135318
    0.07755648   -0.76620723    0.63789613    0.56635291   -0.49270581   -0.66067040    0.82050556    0.41251360    0.39573117
   -0.05002253   -0.98533576    0.16312937    0.98687312   -0.02365180    0.15975621   -0.15355520    0.16897940    0.97358449
   -0.18270365   -0.91334320    0.36390050    0.08534112    0.35400074    0.93134332   -0.97945713    0.20121550    0.01326851
   -0.30126931   -0.87562549   -0.37751397   -0.93294207    0.18883320    0.30653078   -0.19711899    0.44454698   -0.87379751
    0.33472796   -0.92927221    0.15623810   -0.50179848   -0.31611954   -0.80515012    0.79759355    0.19110621   -0.57212144
    0.10796886   -0.94848412   -0.29786002    0.60976182    0.29981737   -0.73368935    0.78519631   -0.10240807    0.61072035
    0.38515727   -0.67217254   -0.63232741    0.89692335    0.11137784    0.42792930   -0.21721506   -0.73196930    0.64578523
   -0.18973241   -0.83512096   -0.51630863    0.08764224   -0.53816667    0.83826933   -0.97791638    0.11379641    0.17529953
   -0.25733121   -0.29132157   -0.92136442   -0.92706730   -0.19457730    0.32044640   -0.27262955    0.93662768   -0.22000389
    0.01038101   -0.64066389   -0.76775127   -0.54197647    0.64162868   -0.54274685    0.84032954    0.42173738   -0.34056400
   -0.28448944   -0.41113795   -0.86604350    0.68023929    0.54998704   -0.48455007    0.67552962   -0.72696619    0.12320668
    0.32032416   -0.01555389   -0.94718029    0.86828202   -0.39498050    0.30012786   -0.37878591   -0.91855783   -0.11301663
    0.53048657    0.07805295   -0.84409225   -0.14344927   -0.97312515   -0.18013814   -0.83546771    0.21664528   -0.50503319
    0.78884614    0.30539821   -0.53334202   -0.61297708    0.32811498   -0.71874868   -0.04450706    0.89390855    0.44603433
    0.81660931    0.45645684   -0.35326532   -0.28989341    0.85359709    0.43282077    0.49911025   -0.25103618    0.82937916
    0.83093227    0.00002970   -0.55637359    0.55466648    0.07823185    0.82838691    0.04355073   -0.99693519    0.06498890
    0.47867706    0.49626791   -0.72428339    0.64468663   -0.75867519   -0.09376088   -0.59602636   -0.42205463   -0.68309770
    0.70234471    0.69472891   -0.15512465   -0.20199519   -0.01445196   -0.97927988   -0.68257589    0.71912648    0.13018164
    0.48970770    0.76974567   -0.40948501   -0.85212442    0.52196673   -0.03787750    0.18458151    0.36748108    0.91153021
    0.36156799    0.93197342    0.02634633   -0.20025322    0.05002950    0.97846599    0.91058621   -0.35905792    0.20471974
    0.60438067    0.60953813    0.51301781    0.51130340   -0.79058407    0.33696538    0.61097695    0.05865239   -0.78947265
    0.69565783    0.69734037    0.17255893    0.41525575   -0.19434150   -0.88870357   -0.58619352    0.68988969   -0.42476979
    0.94742799    0.30944517    0.08138724   -0.21710631    0.80855532   -0.54690324   -0.23504266    0.50048175    0.83323044
    0.67193208    0.40213682    0.62192705   -0.73068279    0.22290224    0.64530400    0.12087157   -0.88803185    0.44360962
    0.99369638   -0.10280135    0.04471444   -0.10274735   -0.67563641    0.73004001   -0.04483840   -0.73003241   -0.68194003
    0.91358206   -0.26583368    0.30773409    0.11768354   -0.55153349   -0.82580954    0.38925365    0.79066002   -0.47258685
