# Rotation matrices: 74 entries, row-major flattening of 3x3 -> 1x9
# https://github.com/Neurophysics-CFIN/GFO
# Col:  1    2    3    4    5    6    7    8    9
#       R11  R12  R13  R21  R22  R23  R31  R32  R33
# where Rij = R(i,j), i = row index, j = column index

   -0.98162695    0.04127362   -0.18629283    0.04878139    0.99816422   -0.03589656    0.18446925   -0.04432465   -0.98183829
   -0.90990296   -0.09023231   -0.40488855    0.23475153    0.69271892   -0.68193271    0.34200632   -0.71554080   -0.60912482
   -0.85467430    0.01448155   -0.51896255    0.46628630   -0.41811136   -0.77958962   -0.22827380   -0.90828034    0.35059648
   -0.65330771    0.22485715   -0.72293036   -0.24677816   -0.96597286   -0.07744014   -0.71574407    0.12781119    0.68656735
   -0.82996349    0.41011428   -0.37810962   -0.53286737   -0.38244888    0.75484119    0.16496355    0.82797291    0.53595512
   -0.82626722    0.46319030   -0.32052648    0.02742095    0.60143907    0.79844796    0.56261049    0.65094224   -0.50965051
   -0.75886256    0.50741719   -0.40823450    0.61481932    0.76490547   -0.19213754    0.21476691   -0.39679644   -0.89242801
   -0.78661746    0.55759030    0.26519057   -0.02774002    0.39715097   -0.91733396   -0.61681721   -0.72894730   -0.29693832
   -0.84874833    0.52309847    0.07742260   -0.44729537   -0.63210285   -0.63275022   -0.28205162   -0.57167647    0.77047576
   -0.93325733    0.31522191    0.17223793   -0.26679175   -0.92933964    0.25524497    0.24052634    0.19225758    0.95141164
   -0.97060153    0.19558285    0.14028551    0.11688897   -0.12647750    0.98505858    0.21040352    0.97249719    0.09989778
   -0.70663456    0.60717495    0.36332656    0.70547032    0.64416752    0.29556696   -0.05458232    0.46517393   -0.88353494
   -0.75783479    0.22976811    0.61064969    0.03769576    0.94979431   -0.31059588   -0.65135663   -0.21236146   -0.72844845
   -0.67484751    0.36763417    0.63986402   -0.56236684    0.30523773   -0.76848778   -0.47783300   -0.87845037    0.00075634
   -0.41229747    0.41043830    0.81335797   -0.63480206   -0.76979326    0.06666850    0.65348079   -0.48883406    0.57793090
   -0.18646637    0.10951620    0.97633831    0.52565773   -0.82843926    0.19331927    0.83000858    0.54926732    0.09690802
   -0.37080174   -0.15390265    0.91587119    0.92849208   -0.03997044    0.36919484   -0.02021229    0.98727723    0.15771850
   -0.24277534   -0.40786629    0.88017340    0.08748530    0.89441555    0.43859679   -0.96612963    0.18348272   -0.18145974
   -0.30241348   -0.54967156    0.77872156   -0.82921370    0.55460011    0.06945037   -0.47005395   -0.62472386   -0.62351374
   -0.58770705   -0.41920375    0.69200335   -0.65802570   -0.24998650   -0.71028792    0.47074686   -0.87279721   -0.12892802
   -0.48088056   -0.72144240    0.49827177    0.43072119   -0.68937244   -0.58244733    0.76369703   -0.06547139    0.64224633
   -0.58072765   -0.61626639    0.53195031    0.80923429   -0.50829876    0.29457128    0.08885530    0.60153812    0.79388704
   -0.48346043   -0.85118179    0.20434179    0.10060655    0.17785954    0.97889954   -0.86956560    0.49381731   -0.00035359
   -0.36650409   -0.93014936   -0.02229156   -0.77660541    0.29263327    0.55789767   -0.51240491    0.22178353   -0.82961032
   -0.32028227   -0.91003890    0.26315104   -0.68689082    0.03179451   -0.72606481    0.65238046   -0.41330172   -0.63528059
   -0.53513004   -0.81014684   -0.23936987    0.41828112   -0.00792349   -0.90828306    0.73394601   -0.58617345    0.34310923
   -0.32452504   -0.83528203   -0.44383266    0.83391020   -0.47410847    0.28251537   -0.44640483   -0.27843327    0.85041028
   -0.55779502   -0.64676419   -0.52015459   -0.15569868   -0.53404204    0.83099761   -0.81524391    0.54451371    0.19718566
   -0.42909558   -0.36639311   -0.82561073   -0.88575408   -0.00839368    0.46407893   -0.17696523    0.93042229   -0.32093250
   -0.23412063   -0.52881182   -0.81580978   -0.39555155    0.81835027   -0.41694341    0.88810275    0.22507977   -0.40076502
    0.07781387   -0.24516290   -0.96635405    0.61202371    0.77690223   -0.14781711    0.78700189   -0.57992937    0.21049928
   -0.17052634    0.02421841   -0.98505545    0.89853983   -0.40647477   -0.16554285   -0.40440937   -0.91334097    0.04755345
    0.04906531    0.14577555   -0.98810024   -0.01676447   -0.98903221   -0.14674551   -0.99865487    0.02376509   -0.04608332
    0.01983655    0.38329316   -0.92341370   -0.99953991   -0.01359366   -0.02711437   -0.02294532    0.92352670    0.38284716
   -0.04993461    0.74105727   -0.66958246   -0.31860958    0.62357146    0.71389535    0.94656985    0.24898347    0.20497015
   -0.14903672    0.67460680   -0.72297560    0.80328112    0.50897343    0.30933071    0.57665197   -0.53465102   -0.61775464
    0.14869179    0.85116060   -0.50340479    0.86234692   -0.36075930   -0.35526121   -0.48399230   -0.38128514   -0.78763767
    0.05843337    0.93808347   -0.34144538   -0.33413455   -0.30392389   -0.89217956   -0.94071231    0.16622176    0.29568680
   -0.16877753    0.98295267   -0.07292591   -0.98399779   -0.16374455    0.07025722    0.05711830    0.08361677    0.99485966
    0.01566146    0.98944091    0.14408815   -0.30078612   -0.13276869    0.94440467    0.95356302   -0.05813047    0.29553074
    0.02670998    0.98705333    0.15815280    0.68958145   -0.13273256    0.71194065    0.72371542    0.09004332   -0.68419895
    0.20781070    0.88028269    0.42651740    0.69575902    0.17346949   -0.69701343   -0.68755662    0.44160018   -0.57641581
   -0.10255358    0.84249178    0.52885760   -0.29449988    0.48211054   -0.82512984   -0.95013293   -0.24036852    0.19867156
    0.02918911    0.68619997    0.72682708   -0.98564229   -0.10121904    0.13514428    0.16630474   -0.72033625    0.67339321
    0.38808478    0.49368872    0.77824267   -0.12969339   -0.80676846    0.57645839    0.91245265   -0.32464765   -0.24906640
   -0.05256170    0.39295343    0.91805494    0.89706573   -0.38534213    0.21629731    0.43876002    0.83492457   -0.33225082
    0.55315411    0.09529826    0.82761028    0.67858871    0.52473576   -0.51397446   -0.48325758    0.84591408    0.22559142
    0.38425962    0.00130997    0.92322415   -0.47697915    0.85648085    0.19731054   -0.79046533   -0.51617714    0.32973583
    0.52029294   -0.22461291    0.82392008   -0.84973846   -0.23229164    0.47327069    0.08508704   -0.94635598   -0.31172193
    0.42211304   -0.43588600    0.79487356   -0.26083031   -0.89813758   -0.35400061    0.86820973   -0.05789884   -0.49280787
    0.33289287   -0.53727466    0.77493114    0.77888292   -0.30656459   -0.54713759    0.53152961    0.78571884    0.31642089
    0.62918306   -0.69570229    0.34659343    0.61788056    0.71821574    0.31998399   -0.47154245    0.01282483    0.88175010
    0.35287243   -0.78864514    0.50350759   -0.50898479    0.28974769    0.81054350   -0.78512135   -0.54229615   -0.29916441
    0.29467086   -0.91339372    0.28085763   -0.92364454   -0.34760677   -0.16140103    0.24505070   -0.21185243   -0.94608071
    0.51350629   -0.83565701    0.19490680    0.01121833   -0.22058404   -0.97530346    0.85801250    0.50301099   -0.10389662
    0.43209911   -0.89573853   -0.10460810    0.87050376    0.44458123   -0.21111782    0.23561316    0.00016207    0.97184691
    0.55559096   -0.81736416   -0.15242871    0.45345998    0.14421021    0.87953253   -0.69691659   -0.55778064    0.45076382
    0.40007425   -0.83124105   -0.38597787   -0.64719598   -0.55443604    0.52319981   -0.64890520    0.04048456   -0.75979145
    0.27468770   -0.69757334   -0.66176892   -0.91072243    0.03201991   -0.41177588    0.30843366    0.71579757   -0.62650021
    0.37567195   -0.66371650   -0.64680058    0.21041193    0.74078009   -0.63794332    0.90255050    0.10356285    0.41794418
    0.56659735   -0.17787226   -0.80456752    0.80698460    0.31715928    0.49818255    0.16656320   -0.93154251    0.32324179
    0.63452279    0.00602407   -0.77288068    0.32156412   -0.91137325    0.25689552   -0.70283522   -0.41153676   -0.58022422
    0.71305344    0.26649440   -0.64848711   -0.44371820   -0.54460568   -0.71170135   -0.54283419    0.79522663   -0.27008454
    0.92741786    0.05585120   -0.36983342   -0.25932208    0.80856149   -0.52818592    0.26953324    0.58575503    0.76435782
    0.88556747    0.10916951   -0.45150002    0.21741204    0.76153976    0.61056466    0.41049027   -0.63885774    0.65066007
    0.82398836    0.44067958   -0.35615262    0.56532442   -0.59714367    0.56905864    0.03809824   -0.67023947   -0.74116637
    0.96880648    0.23785529   -0.06956202    0.15798164   -0.80903972   -0.56612413   -0.19093405    0.53747520   -0.82137969
    0.77726063    0.62842704   -0.03074681   -0.46431273    0.53992878   -0.70206168   -0.42459345    0.55996104    0.71145206
    0.86436325    0.49394381   -0.09431698   -0.44007192    0.83376038    0.33343715    0.24333697   -0.24670456    0.93804263
    0.75658199    0.65215325    0.04774754    0.16816404   -0.26461560    0.94957856    0.63190549   -0.71040462   -0.30987212
    0.73015437    0.55668078    0.39620841    0.66250778   -0.71868011   -0.21114532    0.16720656    0.41665983   -0.89355277
    0.81015114    0.38635989    0.44088680    0.43566558    0.10640000   -0.89379782   -0.39223798    0.91619052   -0.08212362
    0.76945474    0.24719391    0.58892663   -0.36574649    0.92644971    0.08899690   -0.52361141   -0.28387693    0.80327142
    0.99462501    0.07303884    0.07339216   -0.09778222    0.42944986    0.89778141    0.03405466   -0.90013230    0.43428347
