# Rotation matrices: 44 entries, row-major flattening of 3x3 -> 1x9
# https://github.com/Neurophysics-CFIN/GFO
# Col:  1    2    3    4    5    6    7    8    9
#       R11  R12  R13  R21  R22  R23  R31  R32  R33
# where Rij = R(i,j), i = row index, j = column index

   -0.93034791   -0.28277186   -0.23343700   -0.29379738    0.95577743    0.01313765    0.21939886    0.08080576   -0.97228317
   -0.73932792    0.23768049   -0.63000176    0.62827323    0.58006248   -0.51845951    0.24221267   -0.77912483   -0.57818468
   -0.54114724    0.18388586   -0.82057641    0.50653447   -0.70763459   -0.49262168   -0.67125442   -0.68223110    0.28978998
   -0.85325421    0.00691962   -0.52144930   -0.26231462   -0.86990235    0.41768521   -0.45071975    0.49317544    0.74406296
   -0.33916491    0.59619609   -0.72767945   -0.89497227    0.03380913    0.44483881    0.28981337    0.80212665    0.52211210
   -0.85724873    0.46912709   -0.21223663    0.10165851    0.55827704    0.82340287    0.50476743    0.68428541   -0.52627305
   -0.66568450    0.63922026   -0.38504754    0.74169036    0.50990190   -0.43576996   -0.08221651   -0.57567136   -0.81353730
   -0.50893449    0.81840911    0.26681867    0.14899138    0.38903556   -0.90909455   -0.84781322   -0.42291589   -0.31992952
   -0.54425968    0.83660077   -0.06229412   -0.53416970   -0.40285067   -0.74321872   -0.64687258   -0.37122835    0.66614216
   -0.90268589    0.39610512    0.16810387   -0.37833423   -0.91671044    0.12847250    0.20499119    0.05237086    0.97736171
   -0.86988262    0.32266463    0.37308411    0.42688371    0.11350656    0.89715470    0.24713260    0.93968282   -0.23647766
   -0.54282318    0.71345320    0.44308863    0.83041626    0.53479389    0.15621884   -0.12550626    0.45274721   -0.88276166
   -0.33419143    0.71884058    0.60957716    0.20654291    0.68689780   -0.69678651   -0.91959563   -0.10695624   -0.37802678
   -0.65158574    0.29473137    0.69897743   -0.60355028    0.35675561   -0.71305854   -0.45952484   -0.88648680   -0.05457166
   -0.10897634    0.35181372    0.92970493   -0.80011673   -0.58603338    0.12797693    0.58986216   -0.72992602    0.34535582
    0.39059709    0.03929704    0.91972260    0.17006052   -0.98497265   -0.03013804    0.90471727    0.16818033   -0.39141033
   -0.02577309   -0.12388800    0.99196145    0.96541970    0.25442456    0.05685906   -0.25942351    0.95912455    0.11304661
   -0.11143013   -0.26279020    0.95839691    0.47363949    0.83377832    0.28368882   -0.87364121    0.48554610    0.03155979
   -0.46481506   -0.56738197    0.67972396   -0.78098159    0.62442209   -0.01283780   -0.41715072   -0.53681910   -0.73335566
   -0.01135404   -0.58957740    0.80763208   -0.68315469   -0.58522352   -0.43682159    0.73018543   -0.55669733   -0.39612791
    0.31499454   -0.66528443    0.67688630    0.52743824   -0.47021694   -0.70760507    0.78904204    0.57990745    0.20278068
   -0.14084700   -0.88517757    0.44342168    0.96154384   -0.01563718    0.27420599   -0.23578713    0.46499048    0.85333949
    0.00048625   -0.96889088    0.24748785   -0.02039568    0.24742679    0.96869190   -0.99979187   -0.00551871   -0.01964088
    0.37542248   -0.90521827    0.19909253   -0.70472120   -0.13926256    0.69568237   -0.60201826   -0.40147953   -0.69020881
    0.00730790   -0.99676625   -0.08002267   -0.87494242    0.03237314   -0.48314360    0.48417182    0.07354599   -0.87187650
   -0.10448150   -0.93236442   -0.34609276    0.40156997    0.27881694   -0.87235467    0.90984899   -0.23012538    0.34527834
   -0.22409117   -0.63542115   -0.73893376    0.96408907   -0.25542738   -0.07272626   -0.14253212   -0.72869528    0.66984161
   -0.15931157   -0.88063614   -0.44620601    0.15473178   -0.46866597    0.86971851   -0.97502713    0.06951398    0.21092631
   -0.28260849   -0.25776953   -0.92395201   -0.95897195    0.05335189    0.27843559   -0.02247762    0.96473232   -0.26227144
    0.15815724   -0.52836913   -0.83415367   -0.49909664    0.68614738   -0.52924882    0.85199110    0.50002783   -0.15518808
    0.60433211   -0.15107347   -0.78227841    0.30359538    0.95144623    0.05079286    0.73662239   -0.26819187    0.62085471
    0.46437652    0.05136754   -0.88414695    0.79556792   -0.46283921    0.39096233   -0.38913511   -0.88495268   -0.25579802
    0.95557066    0.08706057   -0.28161175   -0.11314941   -0.77385173   -0.62317792   -0.27217997    0.62735474   -0.72961915
    0.88032849    0.21214825   -0.42428160   -0.47052108    0.27688858   -0.83782017   -0.06026335    0.93719040    0.34357312
    0.81547850    0.45172428   -0.36185632   -0.30384136    0.86623557    0.39663128    0.49262079   -0.21349736    0.84364900
    0.54348044    0.42377860   -0.72459693    0.69954303    0.24846555    0.67000330    0.46397043   -0.87102042   -0.16141520
    0.36348256    0.84590748   -0.39028319    0.70367452   -0.52384230   -0.48003273   -0.61051012   -0.10014881   -0.78565107
    0.63531247    0.77222972    0.00627064   -0.04175980    0.04246151   -0.99822499   -0.77112527    0.63392293    0.05922449
    0.65927656    0.74564956   -0.09675298   -0.75129647    0.65842731   -0.04502311    0.03013335    0.10237286    0.99428959
    0.53988622    0.78979774    0.29110550   -0.57532610    0.09379509    0.81252838    0.61442881   -0.60615346    0.50502992
    0.57970590    0.47832491    0.65965624    0.31418940   -0.87818104    0.36067031    0.75181520   -0.00182571   -0.65937135
    0.94212831    0.29643036    0.15659914    0.25005124   -0.31018107   -0.91720340   -0.22331285    0.90328110   -0.36635314
    0.70336621    0.44050057    0.55788460   -0.08939984    0.83342574   -0.54535236   -0.70518341    0.33370763    0.62558418
    0.96341858   -0.23135410    0.13527719    0.12651852    0.83759694    0.53143619   -0.23625771   -0.49488043    0.83622703
