# Rotation matrices: 25 entries, row-major flattening of 3x3 -> 1x9
# https://github.com/Neurophysics-CFIN/GFO
# Col:  1    2    3    4    5    6    7    8    9
#       R11  R12  R13  R21  R22  R23  R31  R32  R33
# where Rij = R(i,j), i = row index, j = column index

   -0.27684797   -0.93008795    0.24143654   -0.87419138    0.34809384    0.33855593   -0.39892936   -0.11733322   -0.90944394
   -0.57111291   -0.75029362    0.33300079   -0.55550032    0.05458540   -0.82972274    0.60435870   -0.65884741   -0.44796278
   -0.79144118   -0.60686365    0.07305732    0.55244944   -0.76133214   -0.33937147    0.26157309   -0.22823208    0.93781109
   -0.93369466    0.24489813   -0.26122632   -0.32927678   -0.87386506    0.35768235   -0.14068082    0.41998186    0.89656240
   -0.60186559    0.48715708   -0.63279996   -0.76876990   -0.56797276    0.29393838   -0.21621898    0.66338896    0.71635496
   -0.41166467    0.86843205   -0.27632947   -0.11029848    0.25350685    0.96102473    0.90463608    0.42609865   -0.00857308
    0.00706142    0.99985851    0.01526736    0.98170466   -0.00983680    0.19015572    0.19027899    0.01364527   -0.98163522
    0.50919047    0.71755506    0.47522605    0.70051747   -0.02475470   -0.71320577   -0.50000033    0.69606173   -0.51526472
    0.44210911    0.60720208    0.66018571   -0.52901742    0.77089901   -0.35476088   -0.72434806   -0.19240672    0.66204195
    0.91651697    0.29480004    0.27035084   -0.37710788    0.41147796    0.82974425    0.13336523   -0.86242612    0.48829796
    0.71768153    0.10105157    0.68900059   -0.03699096   -0.98248632    0.18262614    0.69538831   -0.15655420   -0.70137428
    0.45977450   -0.09726365    0.88269315    0.88646856    0.10929453   -0.44969790   -0.05273428    0.98923935    0.13647201
   -0.00244389    0.89468616    0.44668860    0.30472635    0.42611149   -0.85180446   -0.95243681    0.13403607   -0.27367582
   -0.00392842    0.31347740    0.94958753   -0.87694302    0.45527826   -0.15392414   -0.48057830   -0.83333884    0.27311330
   -0.37257774    0.73473364    0.56687945   -0.92574503   -0.25169875   -0.28221248   -0.06466815   -0.62993192    0.77395336
   -0.84134207    0.15307694    0.51837339    0.23042749   -0.76595375    0.60018166    0.48892401    0.62440556    0.60915598
   -0.63519254    0.75852451    0.14550255    0.62484767    0.39394869    0.67406959    0.45397777    0.51908091   -0.72419555
   -0.68887594   -0.13425853    0.71233741    0.12090885    0.94764953    0.29553583   -0.71472441    0.28971542   -0.63657992
   -0.48824218    0.43549258    0.75628420   -0.62650138    0.42838868   -0.65113682   -0.60754884   -0.79172555    0.06367928
   -0.03321503    0.06206643    0.99751918   -0.70958727   -0.70432806    0.02019627    0.70383426   -0.70715609    0.06743583
    0.22457923   -0.73736581    0.63706815   -0.08102681   -0.66563458   -0.74186607    0.97108127    0.11498811   -0.20923410
    0.87909234   -0.47656104   -0.00928645    0.24573402    0.46981727   -0.84787177    0.40842558    0.74307558    0.53012002
    0.96469433    0.15547912   -0.21258196    0.22594575   -0.07383433    0.97133774    0.13532689   -0.98507600   -0.10635741
    0.39030271    0.43560149   -0.81111968    0.41315438   -0.87017548   -0.26851089   -0.82278020   -0.23031712   -0.51960252
    0.09515029    0.51186296   -0.85378143   -0.46714923   -0.73440831   -0.49235762   -0.87904381    0.44569131    0.16923723
