# Rotation matrices: 91 entries, row-major flattening of 3x3 -> 1x9
# https://github.com/Neurophysics-CFIN/GFO
# Col:  1    2    3    4    5    6    7    8    9
#       R11  R12  R13  R21  R22  R23  R31  R32  R33
# where Rij = R(i,j), i = row index, j = column index

   -0.99580365    0.00194449   -0.09149486    0.00321721    0.99990008   -0.01376494    0.09145895   -0.01400153   -0.99571041
   -0.83171259   -0.53191528   -0.15912353   -0.21650944    0.57464273   -0.78924609    0.51125124   -0.62197417   -0.59310227
   -0.96832278   -0.23017904   -0.09679156    0.19681609   -0.46501137   -0.86314996    0.15366985   -0.85485791    0.49558404
   -0.95891016    0.14759377   -0.24229608   -0.15528900   -0.98778530    0.01286541   -0.23743766    0.04996269    0.97011705
   -0.93827265    0.14943171   -0.31195289   -0.34588680   -0.41211208    0.84292701   -0.00259953    0.89879575    0.43835995
   -0.93982259    0.25227003   -0.23041990   -0.05384849    0.55661063    0.82902651    0.33739270    0.79154561   -0.50953088
   -0.66357841    0.61255434   -0.42946580    0.70747659    0.70044678   -0.09408077    0.24318835   -0.36626697   -0.89816921
   -0.78783592    0.61588402   -0.00119480    0.21785252    0.27686031   -0.93588923   -0.57606843   -0.73758745   -0.35229238
   -0.55863855    0.82723862    0.05999363   -0.61467130   -0.36435460   -0.69958910   -0.55686817   -0.42769381    0.71202237
   -0.72509858    0.64333604    0.24566397   -0.52569180   -0.74753757    0.40599965    0.44483726    0.16524623    0.88023491
   -0.61481605    0.52341122    0.58995078    0.23566176   -0.59193348    0.77076474    0.75263853    0.61290738    0.24058220
   -0.52498723    0.77150793    0.35939382    0.84923475    0.44682175    0.28133726    0.05646895    0.45290819   -0.88976706
   -0.60476747    0.57778530    0.54810624    0.23391062    0.78674011   -0.57124935   -0.76127664   -0.21726515   -0.61094495
   -0.73145456    0.28129219    0.62116740   -0.54872841    0.29797936   -0.78109246   -0.40481027   -0.91218584   -0.06360534
   -0.65349317    0.19056673    0.73255102   -0.56561805   -0.76607827   -0.30528727    0.50301382   -0.61384722    0.60841490
   -0.85759221    0.04852734    0.51203583    0.16044451   -0.92061959    0.35597351    0.48866466    0.38743345    0.78173024
   -0.72416634   -0.18935226    0.66312053    0.68614652   -0.10137138    0.72036574   -0.06918144    0.97666246    0.20333313
   -0.71006472   -0.02693740    0.70362097    0.21964895    0.94093238    0.25768312   -0.66900107    0.33752130   -0.66220611
   -0.83355520   -0.37306491    0.40744115   -0.53291408    0.73734890   -0.41511346   -0.14556202   -0.56315111   -0.81343255
   -0.67537016   -0.49530544    0.54639516   -0.39107191   -0.38761560   -0.83475560    0.62525028   -0.77744882    0.06808396
   -0.79378131   -0.44410832    0.41554667    0.24436984   -0.85854559   -0.45075809    0.55695118   -0.25625627    0.79002412
   -0.64511731   -0.72493540    0.24143803    0.74817847   -0.53518727    0.39217798   -0.15508914    0.43363954    0.88763963
   -0.41289250   -0.87533707    0.25160446   -0.04781474    0.29670354    0.95377186   -0.90952380    0.38177485   -0.16436068
   -0.44877837   -0.86891401   -0.20877360   -0.86000589    0.35644146    0.36515661   -0.24287413    0.34342092   -0.90723439
   -0.34365661   -0.92477408   -0.16338001   -0.65295404    0.36034063   -0.66618740    0.67494530   -0.12226007   -0.72766842
   -0.38753885   -0.89924551   -0.20290674    0.65946860   -0.11663711   -0.74262841    0.64413881   -0.42160798    0.63822559
   -0.28018219   -0.73786418   -0.61404755    0.93363877   -0.35818881    0.00440640   -0.22319629   -0.57206400    0.78925673
   -0.42384086   -0.61528469   -0.66466809    0.01387384   -0.73816677    0.67447560   -0.90563041    0.27664883    0.32140160
   -0.39088839   -0.60640955   -0.69244041   -0.89479849    0.07402858    0.44029017   -0.21573579    0.79169895   -0.57155126
   -0.42909370   -0.24076264   -0.87058138   -0.55948525    0.82751184    0.04690849    0.70912259    0.50720558   -0.48978327
   -0.38023865   -0.24327369   -0.89232084    0.56133699    0.70607336   -0.43169572    0.73506418   -0.66504009   -0.13191786
   -0.21112766   -0.12389503   -0.96957472    0.92939827   -0.33265595   -0.15987140   -0.30272753   -0.93487434    0.18538070
   -0.35654536    0.05429848   -0.93269881   -0.06920273   -0.99710222   -0.03159351   -0.93171154    0.05328078    0.35926978
   -0.26872067    0.33466438   -0.90321036   -0.93074880   -0.33163218    0.15403495   -0.24798361    0.88205433    0.40060490
   -0.34679107    0.38390880   -0.85577450   -0.49502965    0.70005406    0.51465518    0.79666906    0.60211157   -0.05272626
   -0.29473271    0.52605564   -0.79774563    0.79185106    0.60174968    0.10425554    0.53488739   -0.60096821   -0.59391303
   -0.38248335    0.85469154   -0.35101119    0.86514591    0.19790894   -0.46081950   -0.32439027   -0.47993168   -0.81512976
   -0.30167586    0.80531724   -0.51034872   -0.18405618   -0.57441051   -0.79760635   -0.93547582   -0.14668574    0.32150939
    0.01439011    0.89483164   -0.44617179   -0.99989193    0.01422041   -0.00372880    0.00300809    0.44617723    0.89493957
   -0.13930907    0.92524311    0.35287132   -0.35141839   -0.37934477    0.85592211    0.92579592   -0.00476775    0.37799362
   -0.16607262    0.98603807   -0.01219898    0.75647560    0.13532503    0.63986858    0.63258560    0.09703642   -0.76838752
    0.33226455    0.82932206    0.44924959    0.71103501    0.09270648   -0.69701845   -0.61970113    0.55102671   -0.55887394
   -0.10443079    0.66889408    0.73598568   -0.47908685    0.61467369   -0.62661954   -0.87153313   -0.41803943    0.25626750
    0.05143556    0.65568252    0.75328270   -0.99108368   -0.05932025    0.11930739    0.12291269   -0.75270283    0.64678507
    0.06745816    0.38561727    0.92018950   -0.18782652   -0.90089167    0.39129963    0.97988295   -0.19923235    0.01165665
   -0.08256723    0.39849897    0.91344470    0.85531507   -0.44208640    0.27017724    0.51148683    0.80359081   -0.30434033
   -0.09363251    0.05089562    0.99430508    0.62582899    0.77972832    0.01902151   -0.77431972    0.62404598   -0.10485987
    0.09759022   -0.12735996    0.98704386   -0.46805805    0.86937555    0.15845448   -0.87829255   -0.47745743    0.02523070
   -0.23617470   -0.27943005    0.93066662   -0.89808017   -0.30294790   -0.31886451    0.37104382   -0.91112097   -0.17940196
    0.07813891   -0.53627198    0.84042054    0.08093075   -0.83680361   -0.54148863    0.99365211    0.11032720   -0.02198603
   -0.00475045   -0.59081755    0.80679121    0.87674212   -0.39048550   -0.28079231    0.48093730    0.70601395    0.51984962
   -0.11456516   -0.78607821    0.60741738    0.55797704    0.45496422    0.69402391   -0.82191024    0.41843591    0.38649054
    0.09161228   -0.89118776    0.44428771   -0.51646033    0.33894392    0.78637507   -0.85139645   -0.30149859   -0.42921169
    0.07180228   -0.98277052    0.17031306   -0.95438936   -0.11730855   -0.27455357    0.28980233   -0.14283140   -0.94636874
   -0.17153383   -0.98377558    0.05255235    0.04103899   -0.06043200   -0.99732832    0.98432309   -0.16891885    0.05073929
    0.27255623   -0.96181714   -0.02491751    0.91220668    0.26655913   -0.31116748    0.30592821    0.06208072    0.95002838
    0.06031706   -0.95198441   -0.30014587    0.33372279   -0.26415748    0.90490327   -0.94073958   -0.15474662    0.30176569
    0.24521269   -0.90952877   -0.33560119   -0.64887326   -0.41117456    0.64023353   -0.72030149    0.06076925   -0.69099411
    0.14291117   -0.78093534   -0.60804309   -0.92361022    0.11556049   -0.36549957    0.35569729    0.61382878   -0.70476497
    0.44089655   -0.63441219   -0.63492631    0.04794164    0.72302878   -0.68915236    0.89627665    0.27340549    0.34919565
    0.35928874   -0.43392445   -0.82620891    0.91143450    0.35336333    0.21076409    0.20049624   -0.82876048    0.52245319
    0.33230991   -0.25855507   -0.90703881    0.47571218   -0.78445816    0.39789863   -0.81441270   -0.56371507   -0.13768542
    0.37821060   -0.01298598   -0.92562849   -0.59075252   -0.77321796   -0.23053295   -0.71271888    0.63400737   -0.30011073
    0.30392641    0.04509642   -0.95162758   -0.81586363    0.52809756   -0.23554087    0.49193015    0.84798542    0.19729533
    0.44990284    0.34163588   -0.82514990    0.15155166    0.88133396    0.44752939    0.88012472   -0.32639758    0.34473917
    0.42308968    0.41379567   -0.80608205    0.90601819   -0.20423127    0.37070287   -0.01123192   -0.88716556   -0.46131455
    0.26743979    0.58481945   -0.76580818    0.24849904   -0.80973396   -0.53158173   -0.93098023   -0.04813649   -0.36188216
    0.49669966    0.66460041   -0.55820762   -0.72620802   -0.03397183   -0.68663515   -0.47530133    0.74642630    0.46576435
    0.32898597    0.81530541   -0.47649273   -0.72524280    0.54129932    0.42546202    0.60480667    0.20560189    0.76937426
    0.46877292    0.85533741   -0.22056715    0.35516213    0.04611719    0.93366646    0.80877179   -0.51601466   -0.28216497
    0.70272396    0.71120139    0.01927763    0.69975987   -0.68601689   -0.19929110   -0.12851133    0.15353634   -0.97975070
    0.85163067    0.52378435    0.01936876    0.02010451    0.00428239   -0.99978871   -0.52375663    0.85184013   -0.00688341
    0.75128136    0.55125721    0.36289367   -0.57652503    0.81580059   -0.04569781   -0.32124012   -0.17488537    0.93070935
    0.79269547    0.46742834    0.39133699   -0.42280584   -0.04090426    0.90529667    0.43916867   -0.88308413    0.16520681
    0.69230804    0.43477362    0.57591794    0.34854060   -0.90031197    0.26068719    0.63184573    0.02025495   -0.77482947
    0.81945121    0.22288180    0.52803733    0.56077458   -0.12137489   -0.81902382   -0.11845503    0.96725997   -0.22444725
    0.68679587    0.21889583    0.69310609   -0.01043038    0.95644456   -0.29172762   -0.72677551    0.19312797    0.65916534
    0.80748548   -0.03778295    0.58867618   -0.54520111    0.33321118    0.76923732   -0.22521754   -0.94209488    0.24846388
    0.67115891   -0.14957346    0.72606714   -0.44467513   -0.86488904    0.23287548    0.59313552   -0.47916045   -0.64698958
    0.68763329   -0.11663822    0.71662820    0.55416075   -0.55340454   -0.62181129    0.46911226    0.82470536   -0.31590307
    0.71594743   -0.40699820    0.56724927    0.67040816    0.62756345   -0.39587500   -0.19486450    0.66371423    0.72215735
    0.69341678   -0.54835049    0.46742369   -0.04448677    0.61489684    0.78735176   -0.71916208   -0.56675710    0.40198545
    0.54064350   -0.61247504    0.57669657   -0.83385389   -0.29944176    0.46370500   -0.11132071   -0.73157977   -0.67260593
    0.54821684   -0.80776142    0.21674820   -0.48955184   -0.52006082   -0.69991123    0.67808354    0.27759364   -0.68054719
    0.75044446   -0.66091651    0.00474070    0.40873922    0.45844664   -0.78915077    0.51938941    0.59415153    0.61418124
    0.86589160   -0.49560237   -0.06789717    0.43910185    0.68802318    0.57776610   -0.23962742   -0.53009659    0.81337341
    0.94392649   -0.26191543   -0.20100520    0.07810248   -0.41439484    0.90673972   -0.32078464   -0.87159465   -0.37070202
    0.93987483   -0.20822259   -0.27070031   -0.30512303   -0.86802378   -0.39170735   -0.15341198    0.45075278   -0.87936721
    0.92760255   -0.08838849   -0.36296140   -0.35888259    0.05890185   -0.93152233    0.10371495    0.99434302    0.02291641
    0.91391796    0.34090014   -0.22032035   -0.31043348    0.93674206    0.16169532    0.26150530   -0.07938144    0.96193220
    0.98299900    0.17214278   -0.06387349    0.05170943    0.07424758    0.99589830    0.17617915   -0.98226990    0.06408389
