# Rotation matrices: 72 entries, row-major flattening of 3x3 -> 1x9
# https://github.com/Neurophysics-CFIN/GFO
# Col:  1    2    3    4    5    6    7    8    9
#       R11  R12  R13  R21  R22  R23  R31  R32  R33
# where Rij = R(i,j), i = row index, j = column index

   -0.98462101   -0.03267591   -0.17162094   -0.02538156    0.99868570   -0.04452687    0.17285034   -0.03948608   -0.98415629
   -0.91330909   -0.13354850   -0.38474836    0.19372175    0.68853651   -0.69884860    0.35824347   -0.71279890   -0.60297540
   -0.91456000   -0.05662461   -0.40046679    0.38844052   -0.39879933   -0.83070636   -0.11266746   -0.91528834    0.38672121
   -0.72955195    0.10751479   -0.67542174   -0.14047788   -0.99006645   -0.00586430   -0.66934290    0.09060350    0.73740836
   -0.79434650    0.37519367   -0.47774820   -0.58603523   -0.26626091    0.76528938    0.15992606    0.88788222    0.43138013
   -0.87625843    0.36495893   -0.31460473   -0.03834958    0.59802681    0.80055809    0.48031289    0.71356073   -0.51003001
   -0.73502383    0.57508904   -0.35918319    0.62950268    0.77561392   -0.04636189    0.25192527   -0.26018388   -0.93211481
   -0.86227643    0.46174590    0.20801462    0.01858829    0.43931989   -0.89813836   -0.50609667   -0.77057690   -0.38739825
   -0.87695006    0.46563478    0.11892371   -0.44638397   -0.69753624   -0.56052168   -0.17804479   -0.54463516    0.81955634
   -0.93962807    0.34151205    0.02164754   -0.31606370   -0.89037686    0.32761684    0.13115956    0.30099598    0.94456265
   -0.88203423    0.35936057    0.30475498    0.24036051   -0.21314214    0.94699380    0.40526836    0.90853201    0.10162257
   -0.52291811    0.75557153    0.39454824    0.85072873    0.49145033    0.18637920   -0.05307805    0.43311458   -0.89977468
   -0.66818485    0.47769293    0.57038450    0.28512629    0.87253236   -0.39672444   -0.68719139   -0.10245365   -0.71921571
   -0.44507575    0.38565009    0.80819650   -0.69056717    0.42676856   -0.58393971   -0.57010926   -0.81801137    0.07637296
   -0.39583239    0.45134342    0.79975361   -0.67943877   -0.72982742    0.07559695    0.61780230   -0.51345988    0.59554955
   -0.21423567   -0.09321207    0.97232432    0.42576975   -0.90480390    0.00707215    0.87910363    0.41550139    0.23352815
   -0.41436629   -0.22596698    0.88161188    0.89251266    0.08867747    0.44221880   -0.17810596    0.97009032    0.16493344
   -0.30506998   -0.21628397    0.92744463    0.19031777    0.94037769    0.28190239   -0.93311921    0.26250915   -0.24571832
   -0.43858353   -0.56075859    0.70227793   -0.83721850    0.53899250   -0.09247845   -0.32666445   -0.62851961   -0.70587070
   -0.68313733   -0.33463197    0.64911080   -0.56665829   -0.31780247   -0.76019733    0.46067535   -0.88714319    0.02748075
   -0.42604955   -0.66026956    0.61848678    0.20101821   -0.73563724   -0.64686130    0.88208473   -0.15126786    0.44614412
   -0.59417132   -0.66517040    0.45222648    0.80021379   -0.43198095    0.41599321   -0.08135315    0.60904910    0.78894921
   -0.57530468   -0.74383716    0.34019230    0.11276639    0.33981271    0.93370823   -0.81012855    0.57552897   -0.11161601
   -0.36019155   -0.92395918    0.12869141   -0.80946621    0.37812477    0.44920608   -0.46370950    0.05762888   -0.88411109
   -0.42196031   -0.89588951    0.13903769   -0.59736756    0.15937882   -0.78597098    0.68198350   -0.41470517   -0.60242687
   -0.50995687   -0.84259236   -0.17315342    0.54140489   -0.15797096   -0.82578806    0.66844950   -0.51486240    0.53674200
   -0.52282659   -0.72734655   -0.44454399    0.77848323   -0.61986728    0.09863274   -0.34729846   -0.29450222    0.89031018
   -0.34532010   -0.83537904   -0.42766329   -0.15259327   -0.39965255    0.90387672   -0.92599639    0.37738534    0.01053484
   -0.35189895   -0.46493927   -0.81240298   -0.86370750   -0.17325715    0.47327721   -0.36079979    0.86822430   -0.34060252
   -0.09046102   -0.38903579   -0.91677040   -0.57013008    0.77500341   -0.27261952    0.81655893    0.49801694   -0.29190861
   -0.08444745   -0.07501069   -0.99360054    0.65072730    0.75100561   -0.11200247    0.75460096   -0.65602132   -0.01460901
    0.11156845   -0.10749877   -0.98792535    0.96072381   -0.24251931    0.13488569   -0.25409102   -0.96417239    0.07621913
   -0.16165460    0.19190149   -0.96800909   -0.10306865   -0.97882913   -0.17683434   -0.98145027    0.07118531    0.17801126
    0.03375511    0.48445974   -0.87416208   -0.99781338   -0.03339491   -0.05703724   -0.05682481    0.87417592    0.48227316
   -0.02353635    0.64478800   -0.76399900   -0.22593407    0.74100843    0.63234508    0.97385822    0.18749650    0.12823895
   -0.02854203    0.79109612   -0.61102560    0.82934233    0.35997860    0.42732507    0.55801134   -0.49455266   -0.66636402
    0.07152070    0.80987602   -0.58222471    0.82774354   -0.37388320   -0.41839214   -0.55652980   -0.45200905   -0.69711003
    0.01926234    0.96318544   -0.26814691   -0.27935654   -0.25233015   -0.92643911   -0.95999421    0.09275397    0.26421168
   -0.05995058    0.99338414   -0.09794832   -0.98741476   -0.04463023    0.15172422    0.14634897    0.10581158    0.98355777
    0.03724614    0.99882078    0.03114113   -0.38022059   -0.01465422    0.92477973    0.92414556   -0.04628498    0.37922642
    0.01876686    0.97323359    0.22905063    0.72193966   -0.17168102    0.67031989    0.69170148    0.15278094   -0.70583784
    0.05975727    0.86900035    0.49118984    0.73664108    0.29368006   -0.60918958   -0.67363862    0.39823412   -0.62259184
   -0.00593553    0.83366038    0.55224554   -0.32618120    0.52043575   -0.78914666   -0.94528863   -0.18481612    0.26883528
    0.06886787    0.68237525    0.72775081   -0.98598442   -0.06456034    0.15383978    0.15196029   -0.72814558    0.66836523
    0.50866827    0.44971112    0.73417743   -0.18751590   -0.77440132    0.60426848    0.84029422   -0.44504214   -0.30958540
    0.29824932    0.32824032    0.89627319    0.87600203   -0.46702028   -0.12046787    0.37903534    0.82106659   -0.42682767
    0.66677998    0.11319291    0.73660832    0.56346401    0.57032849   -0.59769032   -0.48776302    0.81358022    0.31650349
    0.51993208   -0.01855879    0.85400597   -0.37953160    0.89064344    0.25041969   -0.76526231   -0.45432348    0.45603045
    0.46649591   -0.26131930    0.84504070   -0.88364507   -0.18024620    0.43206794    0.03940768   -0.94827398   -0.31499762
    0.36514125   -0.49142471    0.79067921   -0.34477004   -0.86031534   -0.37548787    0.86475747   -0.13549639   -0.48356514
    0.40147549   -0.43466548    0.80615342    0.72689212   -0.38425682   -0.56918762    0.55717617    0.81450145    0.16168522
    0.64432525   -0.64142456    0.41643668    0.43786136    0.75586799    0.48676588   -0.62699475   -0.13129401    0.76787985
    0.35935819   -0.80686826    0.46885531   -0.58306247    0.19814827    0.78789302   -0.72862874   -0.55650774   -0.39924840
    0.34505922   -0.88682729    0.30736216   -0.86525991   -0.42745113   -0.26193666    0.36367488   -0.17556449   -0.91483206
    0.56104980   -0.79578920    0.22790935    0.16750408   -0.16048734   -0.97272103    0.81065745    0.58392068    0.04325655
    0.50015341   -0.85432886   -0.14131089    0.85087124    0.51517176   -0.10303489    0.16082506   -0.06870412    0.98458877
    0.48704295   -0.86263583   -0.13655989    0.37448120    0.06500652    0.92495296   -0.78902028   -0.50163093    0.35470187
    0.46038607   -0.83471740   -0.30214486   -0.63322351   -0.54733296    0.54722447   -0.62215163   -0.06060929   -0.78054716
    0.22875715   -0.71799225   -0.65738672   -0.90533239    0.09131512   -0.41477078    0.35783156    0.69003527   -0.62913266
    0.35171705   -0.41952709   -0.83683459   -0.10455845    0.87075253   -0.48047639    0.93024870    0.25648987    0.26239341
    0.75558749   -0.19874435   -0.62417003    0.65502391    0.23736872    0.71735610    0.00558797   -0.95087159    0.30953514
    0.73851309   -0.01401246   -0.67409352    0.22664037   -0.93644856    0.26776525   -0.63500596   -0.35052494   -0.68840373
    0.71722917    0.09623321   -0.69016048   -0.51760493   -0.58953455   -0.62010818   -0.46654844    0.80199014   -0.37302059
    0.90028625    0.07551167   -0.42869880   -0.32721256    0.76690485   -0.55207688    0.28708295    0.63730286    0.71514226
    0.97013318    0.15565947   -0.18604230    0.04543854    0.63676551    0.76971750    0.23827913   -0.75518198    0.61067441
    0.89428078    0.39707252   -0.20638629    0.44437720   -0.73350373    0.51429679    0.05282801   -0.55163909   -0.83240826
    0.86292231    0.45478719   -0.22030367    0.33272710   -0.83945500   -0.42966030   -0.38033902    0.29746246   -0.87570447
    0.76958857    0.63813800    0.02265681   -0.34025361    0.43985124   -0.83111874   -0.54033408    0.63191042    0.55563325
    0.77427325    0.60316792    0.19154474   -0.61611016    0.64927787    0.44592210    0.14460014   -0.46327821    0.87433638
    0.72999210    0.55534533    0.39837558   -0.26523765   -0.30700543    0.91400036    0.62988929   -0.77287725   -0.07681305
    0.75885186    0.38554632    0.52487893    0.51915014   -0.84472595   -0.13008155    0.39322639    0.37120360   -0.84117828
    0.99494150    0.09904680   -0.01676739   -0.01274975   -0.04105769   -0.99907543   -0.09964365    0.99423538   -0.03958717
