# Rotation matrices: 63 entries, row-major flattening of 3x3 -> 1x9
# https://github.com/Neurophysics-CFIN/GFO
# Col:  1    2    3    4    5    6    7    8    9
#       R11  R12  R13  R21  R22  R23  R31  R32  R33
# where Rij = R(i,j), i = row index, j = column index

   -0.93794422   -0.31950193   -0.13483012   -0.33776701    0.92976929    0.14643263    0.07857539    0.18288681   -0.97998894
   -0.95673733   -0.18971845   -0.22059144    0.10186337    0.49177413   -0.86474392    0.27253904   -0.84980298   -0.45117331
   -0.83436561   -0.17366038   -0.52314061    0.54655044   -0.38380724   -0.74429471   -0.07153066   -0.90693664    0.41514972
   -0.85182454    0.01447266   -0.52362725   -0.06306993   -0.99517987    0.07509466   -0.52001648    0.09699260    0.84863143
   -0.81705857    0.42398671   -0.39070522   -0.54250723   -0.33594304    0.76995336    0.19519529    0.84105740    0.50450100
   -0.93298051    0.32478549   -0.15511849    0.07374252    0.59431776    0.80084233    0.35229164    0.73573147   -0.57843739
   -0.87507523    0.23037791   -0.42563994    0.43146454    0.76977534   -0.47040862    0.21927537   -0.59529148   -0.77301123
   -0.85007028    0.51075095    0.12850677    0.11051856    0.41155720   -0.90465812   -0.51494288   -0.75482060   -0.40630001
   -0.65233884    0.73031503   -0.20271654   -0.55245888   -0.64127915   -0.53249435   -0.51888651   -0.23537419    0.82180033
   -0.18811507    0.96683036    0.17277664   -0.75107912   -0.25496619    0.60899293    0.63284506   -0.01520818    0.77412908
   -0.48300830    0.73072073    0.48244191    0.46917971   -0.24922032    0.84720696    0.73930601    0.63555995   -0.22246386
   -0.35794751    0.77157763    0.52587218    0.91745014    0.39536677    0.04438881   -0.17366297    0.49835036   -0.84940455
   -0.64672133    0.45697884    0.61067329    0.25274606    0.88380758   -0.39370495   -0.71963251   -0.10027212   -0.68707682
   -0.45532886    0.43089394    0.77910592   -0.83890481    0.08543967   -0.53753026   -0.29818508   -0.89834875    0.32257585
   -0.56113598    0.31250807    0.76646273   -0.59872830   -0.79263042   -0.11515835    0.57153376   -0.52352242    0.63188087
   -0.38972632    0.10258536    0.91519923    0.23115493   -0.95106569    0.20504013    0.89144870    0.29146235    0.34694222
   -0.58883797   -0.10978944    0.80075972    0.78991848    0.13164242    0.59891491   -0.17116848    0.98519874    0.00920865
   -0.43376581   -0.24079524    0.86825392    0.08993621    0.94724523    0.30763281   -0.89652591    0.21152806   -0.38922638
   -0.60598303   -0.52411483    0.59840472   -0.70797627    0.69834250   -0.10529654   -0.36270397   -0.48746426   -0.79424456
   -0.56433024   -0.37175185    0.73711053   -0.54711622   -0.50022066   -0.67115061    0.61821940   -0.78203571    0.07889818
   -0.61872625   -0.67381888    0.40391329    0.43922302   -0.72297870   -0.53327754    0.65135318   -0.15254480    0.74328266
   -0.45184120   -0.85293190    0.26143202    0.85532959   -0.33093122    0.39861739   -0.25347747    0.40372230    0.87906625
   -0.58326605   -0.72529616    0.36571327    0.09560397    0.38580269    0.91761439   -0.80663536    0.57017696   -0.15568442
   -0.45040757   -0.87960146   -0.15308262   -0.87472020    0.40038824    0.27304547   -0.17887871    0.25688621   -0.94974306
   -0.07643670   -0.97380547   -0.21415025   -0.51793171    0.22230685   -0.82603051    0.85200010    0.04777616   -0.52135714
   -0.13719665   -0.84975516   -0.50901204    0.61193113    0.33137634   -0.71814344    0.77892064   -0.41000719    0.47452791
    0.05599273   -0.82785751   -0.55813686    0.93980785   -0.14503018    0.30939854   -0.33708460   -0.54186547    0.76990635
   -0.04838129   -0.64184694   -0.76530501    0.16011744   -0.76127723    0.62834656   -0.98591159   -0.09213846    0.13960246
   -0.08614621   -0.47617110   -0.87512280   -0.95911982   -0.19803311    0.20216841   -0.26957004    0.85676366   -0.43964534
    0.03864715   -0.39211658   -0.91910336   -0.64701359    0.69112304   -0.32205957    0.76149840    0.60711904   -0.22699482
   -0.01135967   -0.02760227   -0.99955444    0.79521932    0.60577418   -0.02576565    0.60621546   -0.79515769    0.01506847
    0.02294286   -0.07110187   -0.99720517    0.86897273   -0.49178761    0.05505761   -0.49432785   -0.86780728    0.05050257
   -0.01022814    0.32194530   -0.94670302   -0.25640235   -0.91594377   -0.30871484   -0.96651602    0.23957930    0.09191594
    0.00212537    0.43205572   -0.90184441   -0.99869700   -0.04506653   -0.02394410   -0.05098818    0.90072019    0.43139696
    0.04879501    0.61915309   -0.78375283   -0.35687513    0.74369733    0.56529145    0.93287684    0.25211849    0.25724905
    0.16592217    0.68218756   -0.71210249    0.76951198    0.36202029    0.52611084    0.61670182   -0.63526486   -0.46488431
    0.00751848    0.86189376   -0.50703316    0.79919149   -0.30993826   -0.51500606   -0.60102948   -0.40134452   -0.69114842
   -0.04200771    0.94232612   -0.33204944   -0.17557402   -0.33413344   -0.92602840   -0.98356958    0.01939892    0.17948416
    0.06389057    0.94349119   -0.32518051   -0.99611004    0.08010661    0.03671141    0.06068600    0.32157006    0.94493910
    0.14904498    0.98704623    0.05937446   -0.23126080   -0.02358521    0.97260587    0.96140732   -0.15869301    0.22474984
    0.55707075    0.81512747    0.15886908    0.64072668   -0.54356283    0.54222576    0.52833844   -0.20026646   -0.82507687
    0.75936256    0.63862273    0.12461741    0.39890912   -0.30562213   -0.86456153   -0.51404281    0.70622668   -0.48683043
    0.65026790    0.64131840    0.40726204   -0.14707543    0.63220870   -0.76071084   -0.74533246    0.43476760    0.50542720
    0.53871703    0.59277234    0.59866929   -0.84187573    0.40582455    0.35574104   -0.03208125   -0.69564890    0.71766524
    0.42538521    0.52792146    0.73508255   -0.31306914   -0.67624962    0.66683893    0.84913788   -0.51379508   -0.12239067
    0.62207293    0.36825059    0.69095353    0.63477216   -0.75382701   -0.16973259    0.45835530    0.54418411   -0.70269059
    0.55626054   -0.03211013    0.83038735    0.56623883    0.74602150   -0.35046471   -0.60823335    0.66514725    0.43316432
    0.44508826    0.04916361    0.89413611   -0.41354295    0.89692689    0.15653875   -0.79427871   -0.43943725    0.41954289
    0.44765122   -0.08473436    0.89018451   -0.86465242   -0.29484522    0.40674623    0.22800127   -0.95178064   -0.20525360
    0.57594452   -0.53562691    0.61756921   -0.11267859   -0.80025019   -0.58898486    0.80968602    0.26963577   -0.52125340
    0.45828864   -0.59166442    0.66325314    0.80913135   -0.03107336   -0.58680568    0.36780155    0.80558529    0.46449367
    0.42087828   -0.49302799    0.76143606    0.44465252    0.84376985    0.30056045   -0.79066150    0.21207509    0.57435054
    0.41853071   -0.80982671    0.41111160   -0.47827478    0.18828068    0.85778996   -0.77206560   -0.55563575   -0.30851845
    0.42825491   -0.90323164    0.02775493   -0.84570214   -0.41142214   -0.33988192    0.31841110    0.12208369   -0.94005848
    0.48996798   -0.86926657    0.06562787    0.15488607    0.01272187   -0.98785042    0.85787044    0.49417992    0.14087059
    0.65730425   -0.70754762   -0.25947541    0.69367502    0.70259840   -0.15865198    0.29456084   -0.07570899    0.95262902
    0.88891279   -0.42391581   -0.17357832    0.12854391   -0.13286159    0.98276358   -0.43967091   -0.89590356   -0.06361057
    0.98830139   -0.13357888   -0.07360060   -0.12389783   -0.98460603    0.12328945   -0.08893646   -0.11272818   -0.98963764
    0.87689402   -0.15871185   -0.45372615   -0.44861098    0.06880204   -0.89107489    0.17264143    0.98492478   -0.01086778
    0.89233082    0.03938646   -0.44966034   -0.23985799    0.88527386   -0.39844491    0.38237921    0.46339930    0.79940430
    0.87436160    0.08928633   -0.47699030    0.43454571    0.29347936    0.85149274    0.21601347   -0.95178664    0.21780809
    0.88849888    0.41713037   -0.19123805    0.44125498   -0.66225630    0.60556638    0.12595153   -0.62242979   -0.77247483
    0.93919860    0.32505689   -0.11065262    0.16845497   -0.71698575   -0.67642764   -0.29921382    0.61665991   -0.72814947
