# Rotation matrices: 89 entries, row-major flattening of 3x3 -> 1x9
# https://github.com/Neurophysics-CFIN/GFO
# Col:  1    2    3    4    5    6    7    8    9
#       R11  R12  R13  R21  R22  R23  R31  R32  R33
# where Rij = R(i,j), i = row index, j = column index

   -0.99675556   -0.02205318    0.07740810   -0.02373834    0.99949935   -0.02091743   -0.07690805   -0.02268711   -0.99678004
   -0.81943689   -0.56133132   -0.11588931   -0.27640843    0.56413411   -0.77804311    0.50211707   -0.60552445   -0.61742902
   -0.97740384   -0.16613561   -0.13069313    0.19987084   -0.52512979   -0.82721844    0.06879959   -0.83464823    0.54646954
   -0.95795775    0.17766137   -0.22528512   -0.17091884   -0.98405346   -0.04924984   -0.23044240   -0.00867379    0.97304731
   -0.93558364    0.17806661   -0.30491891   -0.34773756   -0.31463653    0.88322276    0.06133385    0.93236052    0.35628923
   -0.68574837    0.67712134   -0.26693796    0.05212716    0.41150288    0.90991655    0.72596965    0.61005907   -0.31748384
   -0.65697946    0.62241241   -0.42541836    0.73450672    0.65562384   -0.17509215    0.16993489   -0.42750459   -0.88789749
   -0.77988501    0.62591744    0.00259350    0.27495467    0.34630637   -0.89692354   -0.56229823   -0.69878413   -0.44217806
   -0.57934665    0.80633668    0.11907402   -0.60447808   -0.32704414   -0.72639410   -0.54677574   -0.49281162    0.67688477
   -0.71038549    0.67341260    0.20461655   -0.51311789   -0.69452828    0.50432183    0.48172865    0.25327050    0.83892286
   -0.66866402    0.49911973    0.55115145    0.17336769   -0.61614865    0.76831276    0.72307128    0.60929495    0.32546519
   -0.68485474    0.67405986    0.27679829    0.71571708    0.55091921    0.42922847    0.13683219    0.49206842   -0.85973579
   -0.73160249    0.44810262    0.51377216    0.24483478    0.87605270   -0.41543663   -0.63624974   -0.17814518   -0.75063344
   -0.75855677    0.23140549    0.60913309   -0.54089158    0.29766832   -0.78665740   -0.36335647   -0.92619926   -0.10063304
   -0.69754541    0.22717946    0.67957332   -0.55044695   -0.77707289   -0.30523086    0.45873581   -0.58698145    0.66709387
   -0.85871617   -0.01995325    0.51206289    0.22400426   -0.91333528    0.34005994    0.46089981    0.40671924    0.78876538
   -0.80786920   -0.11087211    0.57883913    0.58704003   -0.06428645    0.80700140   -0.05226244    0.99175331    0.11702141
   -0.71090786   -0.18584797    0.67828500    0.11349888    0.92149205    0.37144367   -0.69406629    0.34104681   -0.63400241
   -0.83830563   -0.39110055    0.37984739   -0.53269358    0.73593979   -0.41788775   -0.11610868   -0.55265992   -0.82527922
   -0.69558771   -0.47654621    0.53764435   -0.43666617   -0.31382832   -0.84310998    0.57050889   -0.82122804    0.01020351
   -0.57018338   -0.53481476    0.62358967    0.36114092   -0.84496928   -0.39446692    0.73788085    0.00028526    0.67493094
   -0.49781132   -0.84611386    0.19046056    0.85495164   -0.44184847    0.27171239   -0.14574491    0.29809607    0.94334360
   -0.33558234   -0.88868078    0.31245955   -0.11074125    0.36661133    0.92375998   -0.93547895    0.27539538   -0.22144191
   -0.38561252   -0.91653365   -0.10615583   -0.88896379    0.33825225    0.30875361   -0.24707562    0.21342794   -0.94519953
   -0.36527920   -0.88480600   -0.28929127   -0.63402361    0.46401218   -0.61863298    0.68160485   -0.04255627   -0.73048189
   -0.31869378   -0.89171506   -0.32136977    0.68282998    0.01916643   -0.73032587    0.65740208   -0.45219122    0.60278155
   -0.36578520   -0.78238164   -0.50406364    0.91256786   -0.40788683   -0.02912460   -0.18281437   -0.47064563    0.86317530
   -0.42790414   -0.58629405   -0.68786433   -0.04221200   -0.74726572    0.66318330   -0.90283785    0.31281501    0.29500946
   -0.30745790   -0.61679170   -0.72459480   -0.91522027   -0.01675460    0.40260543   -0.26046399    0.78694808   -0.55934894
   -0.36627961   -0.38298562   -0.84803376   -0.65373968    0.75446513   -0.05836770    0.66216590    0.53301443   -0.52671809
   -0.30952421   -0.17610263   -0.93444242    0.63988081    0.68833848   -0.34167629    0.70338276   -0.70368886   -0.10037272
   -0.22739214   -0.08327656   -0.97023597    0.93985753   -0.27953944   -0.19627919   -0.25487377   -0.95651592    0.14183317
   -0.37047279    0.02308200   -0.92855648   -0.03801612   -0.99923032   -0.00967124   -0.92806502    0.03171718    0.37106513
   -0.29896676    0.33826282   -0.89229880   -0.92450685   -0.33435922    0.18300544   -0.23644439    0.87964890    0.41268859
   -0.37730854    0.41176767   -0.82950928   -0.55404832    0.61736466    0.55847232    0.74207056    0.67030461   -0.00479777
   -0.37360430    0.45258597   -0.80968251    0.72802323    0.68398058    0.04639769    0.57480605   -0.57213330   -0.58503119
   -0.11509374    0.85289099   -0.50924492    0.88823519   -0.14115901   -0.43716403   -0.44473777   -0.50264410   -0.74132127
   -0.34337453    0.77837530   -0.52557190   -0.14779782   -0.59740650   -0.78820130   -0.92749649   -0.19296987    0.32017635
    0.20010243    0.90532523   -0.37462681   -0.97934965    0.19608234   -0.04925423    0.02886661    0.37674652    0.92586650
   -0.01973824    0.96388368    0.26559113   -0.29563391   -0.25939100    0.91941117    0.95509737   -0.06037019    0.29007662
   -0.16753556    0.98344028   -0.06911621    0.79808343    0.17644939    0.57613232    0.57878724    0.04136215   -0.81442894
    0.23122978    0.76322690    0.60333862    0.73358437    0.27056736   -0.62341581   -0.63905145    0.58675208   -0.49732810
   -0.13572649    0.68307027    0.71763035   -0.37914567    0.63338490   -0.67459034   -0.91532884   -0.36364622    0.17301603
   -0.12356428    0.70397499    0.69939337   -0.97301452   -0.22435562    0.05391945    0.19487077   -0.67385738    0.71270023
    0.20445351    0.35173378    0.91349992   -0.25873615   -0.88060503    0.39697655    0.94406269   -0.31751870   -0.08903654
   -0.15957745    0.47430878    0.86577493    0.87493920   -0.33820688    0.34655087    0.45718316    0.81280212   -0.36102115
   -0.14850917   -0.01968275    0.98871513    0.63759475    0.76234113    0.11094564   -0.75592193    0.64687602   -0.10066503
    0.01970742   -0.05488878    0.99829797   -0.44680512    0.89275532    0.05790618   -0.89441422   -0.44718583   -0.00693068
   -0.15777098   -0.27176223    0.94934378   -0.92200730   -0.30368536   -0.24016190    0.35356874   -0.91319247   -0.20265402
    0.17071454   -0.54372802    0.82171551   -0.04260926   -0.83725125   -0.54515576    0.98439880    0.05805333   -0.16609881
   -0.04302780   -0.58867681    0.80722253    0.83126493   -0.46929405   -0.29792903    0.55420864    0.65819655    0.50953908
   -0.17117789   -0.74567140    0.64395053    0.58782406    0.44722642    0.67413010   -0.79067123    0.49392579    0.36176832
    0.09868051   -0.89141509    0.44231356   -0.52044751    0.33261583    0.78644841   -0.84817247   -0.30780812   -0.43111207
    0.20835608   -0.93006790    0.30259123   -0.95243272   -0.26329244   -0.15345686    0.22239528   -0.25622411   -0.94068568
   -0.13458909   -0.99070911   -0.01952541    0.01089696    0.01822371   -0.99977455    0.99084158   -0.13477152    0.00834300
    0.22985798   -0.97179798   -0.05266873    0.91041055    0.23383468   -0.34128282    0.34397374    0.03049641    0.93848390
    0.20976629   -0.95459835   -0.21151854    0.45550993   -0.09601040    0.88503825   -0.86516404   -0.28199998    0.41468928
    0.32095896   -0.88393001   -0.34007805   -0.56608798   -0.46692166    0.67935893   -0.75929556   -0.02553224   -0.65024485
    0.30142037   -0.78172311   -0.54594390   -0.89260951   -0.03002187   -0.44982991    0.33525218    0.62290261   -0.70682269
    0.38708107   -0.67174086   -0.63161101    0.09576224    0.71059429   -0.69705477    0.91705934    0.20933222    0.33938501
    0.26925393   -0.42455448   -0.86443960    0.94801697    0.27491535    0.16026655    0.16960583   -0.86265581    0.47650689
    0.29883796   -0.21301264   -0.93022658    0.46823340   -0.81664101    0.33742399   -0.83153675   -0.53639825   -0.14430370
    0.42098597   -0.01449833   -0.90695127   -0.55202391   -0.79748542   -0.24348840   -0.71975024    0.60316399   -0.34373359
    0.44042176   -0.15596266   -0.88414044   -0.69795789    0.55994257   -0.44645167    0.56469766    0.81371983    0.13775553
    0.41725388    0.28749742   -0.86211625    0.24270429    0.87893425    0.41057182    0.87578184   -0.38055200    0.29696187
    0.39502191    0.42145284   -0.81629357    0.91847741   -0.19945669    0.34149125   -0.01889275   -0.88464373   -0.46588468
    0.20599844    0.55688644   -0.80463789    0.28235504   -0.82112635   -0.49601123   -0.93693131   -0.12501602   -0.32639044
    0.47450625    0.71168329   -0.51802579   -0.79308653    0.09031892   -0.60237551   -0.38191305    0.69667022    0.60728332
    0.75084214    0.62560794   -0.21178006   -0.51839837    0.75689117    0.39796845    0.40926668   -0.18902505    0.89261992
    0.51569045    0.83798897   -0.17843163    0.36041833   -0.02324205    0.93250117    0.77727858   -0.54519198   -0.31401229
    0.72839177    0.67142546    0.13650373    0.68254916   -0.69369007   -0.23004507   -0.05976683    0.26073344   -0.96355903
    0.87374035    0.48538120   -0.03135107   -0.01429381   -0.03880491   -0.99914457   -0.48618256    0.87344105   -0.02696747
    0.74431010    0.57841967    0.33381606   -0.61088088    0.79166344   -0.00967269   -0.26986484   -0.19672237    0.94258861
    0.78195526    0.45484203    0.42622141   -0.44366106   -0.07418674    0.89311880    0.43784795   -0.88747679    0.14378499
    0.75399250    0.35163081    0.55484329    0.28931338   -0.93608893    0.20008819    0.58973984    0.00965860   -0.80753553
    0.80195969    0.29253862    0.52084721    0.58108745   -0.17978597   -0.79373445   -0.13855695    0.93920081   -0.31417162
    0.64152516    0.16286382    0.74961379    0.02753990    0.97168245   -0.23468012   -0.76660747    0.17119750    0.61887349
    0.79214710    0.05063250    0.60822637   -0.58967456    0.32055891    0.74130014   -0.15743850   -0.94587438    0.28378651
    0.65904476   -0.27755495    0.69901592   -0.46502658   -0.88084369    0.08868296    0.59110937   -0.38350703   -0.70958585
    0.77712561   -0.12016505    0.61776706    0.51502624   -0.44271527   -0.73399670    0.36169566    0.88857388   -0.28215723
    0.76163443   -0.23914086    0.60226626    0.58879992    0.64351356   -0.48908583   -0.27060610    0.72711893    0.63092821
    0.82585609   -0.48781082    0.28284681    0.01834712    0.52458778    0.85115865   -0.56358238   -0.69774513    0.44218393
    0.57327075   -0.64778729    0.50172928   -0.79114813   -0.27830148    0.54464017   -0.21317898   -0.70916847   -0.67203780
    0.52835985   -0.82451487    0.20251197   -0.55672590   -0.51654521   -0.65056692    0.64100868    0.23098978   -0.73195053
    0.98288720   -0.17988007   -0.03969774    0.07975393    0.60980569   -0.78852795    0.16604837    0.77186798    0.61371635
    0.93729886   -0.33775249   -0.08598898    0.31037488    0.69665549    0.64679097   -0.15855057   -0.63292526    0.75780429
    0.90423640   -0.29395753   -0.30975071    0.22653598   -0.28467482    0.93147287   -0.36199169   -0.91244135   -0.19082138
    0.91482332    0.28857771   -0.28252647    0.14376017   -0.88644725   -0.43993668   -0.37740073    0.36184828   -0.85242859
    0.99260328    0.12125556   -0.00598553   -0.00714267    0.00911059   -0.99993299   -0.12119290    0.99257951    0.00990929
