# Rotation matrices: 49 entries, row-major flattening of 3x3 -> 1x9
# https://github.com/Neurophysics-CFIN/GFO
# Col:  1    2    3    4    5    6    7    8    9
#       R11  R12  R13  R21  R22  R23  R31  R32  R33
# where Rij = R(i,j), i = row index, j = column index

   -0.94100157    0.07116530   -0.33083461    0.02810266    0.99069423    0.13317353    0.33723327    0.11601917   -0.93424476
   -0.98306376    0.15807322    0.09272806    0.01055995    0.55399995   -0.83244972   -0.18295934   -0.81737196   -0.54628652
   -0.79268421    0.22374664   -0.56708833    0.36152165   -0.57647326   -0.73278965   -0.49087048   -0.78588550    0.37607200
   -0.58500739    0.35584828   -0.72879240   -0.45155127   -0.88935305   -0.07178165   -0.67369712    0.28709434    0.68096185
   -0.25123432    0.92550578   -0.28340847   -0.95298361   -0.18526490    0.23978980    0.16942121    0.33032706    0.92853675
   -0.47595732    0.68468183   -0.55197412    0.05417105    0.64925432    0.75863979    0.87779846    0.33117914   -0.34610727
   -0.46254209    0.73193617   -0.50032415    0.85993723    0.50771886   -0.05224485    0.21578412   -0.45441281   -0.86426050
   -0.77688887    0.56865918   -0.27031540    0.45952510    0.21858382   -0.86084714   -0.43044205   -0.79299928   -0.43112850
   -0.83921055    0.54354609    0.01683138   -0.41531257   -0.62062892   -0.66508286   -0.35105715   -0.56513484    0.74657986
   -0.62700995    0.77874480    0.02037289   -0.55379648   -0.46397959    0.69139887    0.54787588    0.42223154    0.72218595
   -0.53821076    0.79015107    0.29324131    0.06982676   -0.30493192    0.94981090    0.83991273    0.53167454    0.10894395
   -0.89350415    0.37904733    0.24077676    0.44752106    0.70735125    0.54715547    0.03708407    0.59663835   -0.80165295
   -0.79825909    0.25583428    0.54528089   -0.00299891    0.90361026   -0.42834508   -0.60230676   -0.34356560   -0.72054787
   -0.74391206    0.20923286    0.63467823   -0.60064555    0.20698418   -0.77225803   -0.29295012   -0.95570872   -0.02830324
   -0.49777624    0.48690937    0.71773120   -0.80571660   -0.56589013   -0.17489746    0.32099779   -0.66534774    0.67399762
   -0.40393049   -0.16194209    0.90034156    0.40668710   -0.91338684    0.01816816    0.81941794    0.37349597    0.43480455
    0.34171660    0.40166923    0.84964204    0.93061208   -0.01849234   -0.36553958   -0.13111413    0.91559809   -0.38011738
    0.13071102   -0.39901300    0.90758099    0.41981965    0.85158568    0.31393199   -0.89814592    0.33998596    0.27882513
    0.12632538   -0.42636333    0.89568756   -0.74079034    0.55996756    0.37103368   -0.65975114   -0.71038767   -0.24510772
   -0.07883492   -0.67378980    0.73470562   -0.90345747   -0.26322620   -0.33834385    0.42136641   -0.69044860   -0.58798902
   -0.14466091   -0.81876316    0.55560787    0.24971807   -0.57354767   -0.78018200    0.95745188    0.02588349    0.28742988
   -0.51522139   -0.75013482    0.41454151    0.85319746   -0.49476563    0.16510928    0.08124667    0.43875360    0.89492696
   -0.07390364   -0.93322422    0.35161173    0.20801836    0.33039489    0.92063433   -0.97532898    0.14117993    0.16971039
    0.07195145   -0.99571746   -0.05804931   -0.86920715   -0.09114157    0.48597545   -0.48918495    0.01549024   -0.87204251
    0.31645662   -0.93794453   -0.14182832   -0.52999656   -0.05082039   -0.84647560    0.78673938    0.34304132   -0.51318982
   -0.36284994   -0.92677992   -0.09705107    0.37395118   -0.04942512   -0.92613048    0.85352237   -0.37233875    0.36450434
    0.14596872   -0.83059914   -0.53739948    0.88493306   -0.13321362    0.44625957   -0.44225175   -0.54070250    0.71557962
   -0.04840285   -0.75150698   -0.65794713    0.14009951   -0.65731531    0.74047870   -0.98895364   -0.05633679    0.13710169
    0.39751473   -0.65892178   -0.63859543   -0.71004950   -0.66170744    0.24077578   -0.58121575    0.35772245   -0.73090554
    0.07204542   -0.27747933   -0.95802645   -0.59902626    0.75595715   -0.26400062    0.79748166    0.59290304   -0.11175415
   -0.22235911   -0.58446778   -0.78035494    0.61309454    0.53851148   -0.57803154    0.75807091   -0.60696194    0.23859107
    0.04547776   -0.02687441   -0.99860379    0.99402575   -0.09806923    0.04790851   -0.09921982   -0.99481666    0.02225388
    0.34457769   -0.23827815   -0.90801417   -0.07737688   -0.97116847    0.22548754   -0.93556349   -0.00743868   -0.35308021
    0.40124606    0.26937065   -0.87546619   -0.83033897   -0.29654134   -0.47180550   -0.38670247    0.91624379    0.10468290
    0.73225489    0.33106556   -0.59514567   -0.12077699    0.92316626    0.36493421    0.67023555   -0.19534496    0.71597811
    0.53405021    0.57098691   -0.62350968    0.61096092    0.24912471    0.75144104    0.58439467   -0.78224729   -0.21580559
    0.78985432    0.61309084   -0.01580437    0.60508899   -0.78322904   -0.14289709   -0.09998734    0.10330484   -0.98961136
    0.97042664    0.23406774   -0.05902898   -0.08385715    0.09757351   -0.99168916   -0.22636277    0.96731159    0.11431619
    0.28355664    0.95488051    0.08831103   -0.94292771    0.29439919   -0.15561635   -0.17459371   -0.03914487    0.98386214
    0.65456467    0.74177880   -0.14597709    0.00681159    0.18729540    0.98228002    0.75597533   -0.64396013    0.11754426
    0.33112183    0.82682569    0.45466208    0.61731384   -0.55424114    0.55833715    0.71363994    0.09579158   -0.69393228
    0.69059142    0.61498841    0.38062152    0.54762893   -0.10087443   -0.83061839   -0.47242570    0.78205729   -0.40644846
    0.75599840    0.46990594    0.45569159   -0.31082178    0.87038083   -0.38187306   -0.57606964    0.14705655    0.80406351
    0.70989363    0.37052216    0.59896941   -0.70285114    0.31799909    0.63629934    0.04529128   -0.87269119    0.48616746
    0.46898636    0.00148523    0.88320416   -0.43799209   -0.86798049    0.23403589    0.76695158   -0.49659608   -0.40642049
    0.43806364    0.04669759    0.89773024    0.77315824   -0.52905264   -0.34975654    0.45861377    0.84730315   -0.26786335
    0.91131718   -0.01583910    0.41140020    0.29866958    0.71320421   -0.63414213   -0.28336812    0.70077734    0.65468591
    0.95268613    0.28489407   -0.10594580   -0.21644271    0.88056972    0.42160352    0.21340500   -0.37872463    0.90056980
    0.84019527    0.19977274   -0.50414558    0.53536699   -0.45358568    0.71249015   -0.08633711   -0.86853375   -0.48805227
