# Rotation matrices: 65 entries, row-major flattening of 3x3 -> 1x9
# https://github.com/Neurophysics-CFIN/GFO
# Col:  1    2    3    4    5    6    7    8    9
#       R11  R12  R13  R21  R22  R23  R31  R32  R33
# where Rij = R(i,j), i = row index, j = column index

   -0.96406823   -0.23397783   -0.12580467   -0.23603252    0.97174405    0.00146962    0.12190608    0.03111081   -0.99205394
   -0.86969830   -0.40168930   -0.28682848    0.06198020    0.48763721   -0.87084350    0.48967675   -0.77514880   -0.39920047
   -0.88615760   -0.02669750   -0.46261426    0.43161071   -0.41086517   -0.80305791   -0.16863245   -0.91130514    0.37561422
   -0.86806735    0.00518475   -0.49641938   -0.06645369   -0.99215992    0.10584231   -0.49197865    0.12486715    0.86160618
   -0.92040906    0.25037503   -0.30026573   -0.37352398   -0.33637648    0.86448291    0.11544261    0.90783435    0.40312504
   -0.81306648    0.51765376   -0.26637846    0.11624562    0.59270433    0.79698716    0.57044706    0.61703822   -0.54208301
   -0.86803633    0.36326268   -0.33845703    0.47916446    0.79148269   -0.37941608    0.13005518   -0.49152352   -0.86109830
   -0.88267593    0.45177288    0.12955493    0.05459333    0.37235263   -0.92648426   -0.46680058   -0.81071252   -0.35333049
   -0.70194325    0.70060657   -0.12816439   -0.55247913   -0.64917426   -0.52281889   -0.44949137   -0.29618104    0.84275400
   -0.27198939    0.94028620    0.20465492   -0.77956804   -0.33998598    0.52600684    0.56417678   -0.01647416    0.82548965
   -0.57099506    0.75448523    0.32359957    0.26712541   -0.20197479    0.94225803    0.77627872    0.62446635   -0.08621557
   -0.29734430    0.76092014    0.57670349    0.93793943    0.34571075    0.02745376   -0.17848248    0.54907616   -0.81649212
   -0.46612779    0.58106372    0.66715053    0.28589977    0.81255521   -0.50795211   -0.83724919   -0.04603241   -0.54488055
   -0.45393382    0.42363125    0.78388817   -0.83884547    0.09348848   -0.53628181   -0.30047024   -0.90099749    0.31292357
   -0.42005572    0.26261580    0.86866917   -0.70658427   -0.69530838   -0.13147215    0.56946629   -0.66901360    0.47762846
   -0.45567109   -0.00122766    0.89014737    0.38030960   -0.90440447    0.19343515    0.80481579    0.42667440    0.41257786
   -0.57921527    0.03495525    0.81442483    0.80103112    0.20970672    0.56068908   -0.15119134    0.97713931   -0.14946557
   -0.24401555   -0.35894723    0.90089583    0.29658744    0.85684354    0.42172863   -0.92330510    0.37010273   -0.10262391
   -0.50380922   -0.55025205    0.66588209   -0.75584703    0.65399248   -0.03145001   -0.41817645   -0.51914980   -0.74539381
   -0.62466135   -0.32946773    0.70798955   -0.53925513   -0.47375117   -0.69624977    0.56480271   -0.81670732    0.11826688
   -0.64529073   -0.67949684    0.34911877    0.36331464   -0.67497658   -0.64219085    0.67201365   -0.28755985    0.68242728
   -0.62144211   -0.68652396    0.37748452    0.76545075   -0.42932113    0.47934175   -0.16701751    0.58682896    0.79229851
   -0.52744438   -0.81909273    0.22558706   -0.01557754    0.27480386    0.96137411   -0.84944674    0.50355728   -0.15770320
   -0.72509788   -0.66046027   -0.19500074   -0.64622348    0.55473066    0.52408883   -0.23796696    0.50602976   -0.82903897
   -0.26917052   -0.95880779    0.09074607   -0.55032649    0.07579844   -0.83150186    0.79037206   -0.27375575   -0.54806003
   -0.00375913   -0.91452442   -0.40451322    0.63897626    0.30896624   -0.70444957    0.76921727   -0.26112246    0.58319795
   -0.04514928   -0.77367831   -0.63196789    0.94329459   -0.24127869    0.22799105   -0.32887211   -0.58583826    0.74070012
   -0.06730730   -0.63179070   -0.77221127    0.04951840   -0.77512789    0.62986085   -0.99650271    0.00415557    0.08345703
   -0.07498564   -0.49354828   -0.86647981   -0.96876746   -0.16990465    0.18061564   -0.23636149    0.85296102   -0.46539310
   -0.10023483   -0.39068836   -0.91504950   -0.57211403    0.77506561   -0.26825145    0.81402612    0.49662452   -0.30120686
   -0.01521034   -0.06253649   -0.99792677    0.67810312    0.73281046   -0.05625821    0.73480937   -0.67755296    0.03125989
   -0.01843691   -0.04215994   -0.99894075    0.80730005   -0.59005640    0.01000322   -0.58985312   -0.80626049    0.04491454
   -0.07108885    0.15792481   -0.98488889   -0.25697595   -0.95695665   -0.13489752   -0.96379964    0.24350305    0.10861182
    0.10766840    0.45007936   -0.88647396   -0.99397628    0.03038111   -0.10530024   -0.02046141    0.89247160    0.45063929
    0.09857708    0.65084868   -0.75278055   -0.33459194    0.73410128    0.59088369    0.93719304    0.19362672    0.29013429
    0.08605847    0.72806572   -0.68008400    0.80974641    0.34657561    0.47349350    0.58043491   -0.59144370   -0.55972284
    0.08701417    0.88983232   -0.44791403    0.87786874   -0.28103562   -0.38776986   -0.47092995   -0.35946825   -0.80561006
   -0.12039993    0.95246481   -0.27984754   -0.13129084   -0.29469948   -0.94652783   -0.98400537   -0.07722047    0.16053170
    0.10123650    0.95469042   -0.27985240   -0.99401891    0.08548530   -0.06796082   -0.04095828    0.28505869    0.95763457
   -0.07970608    0.98580018    0.14780034   -0.30755481   -0.16535866    0.93705205    0.94818615    0.02923204    0.31636768
    0.27951862    0.91618173    0.28719399    0.75960430   -0.39396429    0.51748763    0.58725689    0.07350636   -0.80605593
    0.41910381    0.87458607    0.24382617    0.60440299   -0.06834383   -0.79374187   -0.67753157    0.48002950   -0.55724559
    0.54739575    0.75809250    0.35447658   -0.30310061    0.57440829   -0.76038486   -0.78005635    0.30878937    0.54420696
    0.53892509    0.53245250    0.65272818   -0.83785943    0.41877581    0.35016911   -0.08689835   -0.73560938    0.67180914
    0.55025916    0.41665321    0.72361244   -0.30958552   -0.70304050    0.64022719    0.77548157   -0.57631081   -0.25786468
    0.61334787    0.43690727    0.65796385    0.68608871   -0.70742091   -0.16981739    0.39126293    0.55557870   -0.73365225
    0.62963148   -0.00355338    0.77688581    0.65356061    0.54306614   -0.52719797   -0.42002705    0.83968241    0.34425388
    0.51924521   -0.00757544    0.85459173   -0.30544289    0.93226984    0.19384941   -0.79817859   -0.36168434    0.48176278
    0.44862733   -0.13404183    0.88360982   -0.88739886   -0.18418261    0.42261097    0.10609801   -0.97370917   -0.20157792
    0.46966223   -0.48556217    0.73732406    0.00715595   -0.83304586   -0.55315764    0.88281719    0.26507351   -0.38777552
    0.31550667   -0.57028869    0.75843678    0.88097809   -0.12095809   -0.45743496    0.35260905    0.81248997    0.46424875
    0.52952526   -0.50374937    0.68252441    0.35724274    0.86218368    0.35918925   -0.76940277    0.05362711    0.63650884
    0.45733087   -0.73717987    0.49740759   -0.56631437    0.18983475    0.80202918   -0.68566501   -0.64848177   -0.33065827
    0.45624846   -0.88549968    0.08790709   -0.85817889   -0.46397863   -0.21966525    0.23530052    0.02478192   -0.97160667
    0.42561931   -0.85437615    0.29814359    0.27891992   -0.18956978   -0.94141754    0.86084371    0.48384366    0.15761797
    0.61381146   -0.75162317   -0.24145000    0.73919490    0.65457647   -0.15849466    0.27717575   -0.08119277    0.95738255
    0.74158782   -0.44810619   -0.49924777    0.49583470   -0.13516165    0.85783406   -0.45187991   -0.88370367    0.12195237
    0.91920442   -0.29023454   -0.26613369   -0.27468237   -0.95685292    0.09477386   -0.28215745   -0.01401431   -0.95926575
    0.97781367   -0.15622286   -0.13955231   -0.14083198    0.00290253   -0.99002926    0.15507025    0.98771757   -0.01916304
    0.81809257   -0.18343172   -0.54504803   -0.04699448    0.92327375   -0.38125727    0.57316321    0.33751799    0.74670311
    0.72901843    0.25870241   -0.63372328    0.58446445    0.24662523    0.77303125    0.35627720   -0.93394275    0.02859197
    0.91778627    0.18746300   -0.35003712    0.36186518   -0.75778870    0.54296397   -0.16346852   -0.62499112   -0.76332440
    0.92887963    0.16150689   -0.33331389   -0.18370634   -0.58052693   -0.79324678   -0.32161251    0.79806266   -0.50956981
    0.80726748    0.58761842   -0.05498910   -0.47199992    0.58686740   -0.65787745   -0.35430960    0.55703792    0.75111481
    0.96167687    0.27342949    0.02034493   -0.26212406    0.89507303    0.36074263    0.08042748   -0.35225073    0.93244348
