# Rotation matrices: 60 entries, row-major flattening of 3x3 -> 1x9
# https://github.com/Neurophysics-CFIN/GFO
# Col:  1    2    3    4    5    6    7    8    9
#       R11  R12  R13  R21  R22  R23  R31  R32  R33
# where Rij = R(i,j), i = row index, j = column index

   -0.94267689   -0.32044646   -0.09313619   -0.32921416    0.93867393    0.10251481    0.05457401    0.12730010   -0.99036173
   -0.91271106   -0.35354686   -0.20484908    0.08579103    0.32435099   -0.94203839    0.39949771   -0.87738307   -0.26570758
   -0.89263667   -0.05200674   -0.44776677    0.43011983   -0.39551761   -0.81151879   -0.13489519   -0.91698480    0.37542265
   -0.90994202    0.14301425   -0.38929738   -0.19078180   -0.97779397    0.08672521   -0.36824969    0.15318577    0.91702033
   -0.89440120    0.39076300   -0.21760233   -0.40405997   -0.49731107    0.76773514    0.19178644    0.77458762    0.60268730
   -0.86956025    0.37453822   -0.32184795    0.06885794    0.73733584    0.67200777    0.48900262    0.56218945   -0.66694787
   -0.43062183    0.64576625   -0.63051629    0.84608610    0.53202661   -0.03295446    0.31417057   -0.54766198   -0.77547612
   -0.55212101    0.83026473   -0.07630775    0.27769323    0.09682089   -0.95577832   -0.78616084   -0.54889544   -0.28401574
   -0.29827508    0.95347986    0.04368208   -0.76880804   -0.21287886   -0.60300646   -0.56565552   -0.21344493    0.79653945
   -0.40768435    0.83810161    0.36246263   -0.69178015   -0.54258182    0.47649259    0.59601484   -0.05648588    0.80098418
   -0.54732266    0.67503962    0.49473166    0.51055933   -0.19908609    0.83647708    0.66314936    0.71041273   -0.23568345
   -0.35560355    0.76185797    0.54140424    0.92508304    0.36951599    0.08763159   -0.13329470    0.53200598   -0.83618309
   -0.40062674    0.27781334    0.87310822    0.13150046    0.96049252   -0.24527892   -0.90675567    0.01654884   -0.42133157
   -0.60147662    0.38103683    0.70216580   -0.70879711    0.15095124   -0.68907211   -0.36855465   -0.91215386    0.17928416
   -0.72227285    0.36147321    0.58962620   -0.55045568   -0.81660130   -0.17366883    0.41871289   -0.44999937    0.78878393
   -0.55256171   -0.12345917    0.82427749    0.28775150   -0.95641746    0.04964585    0.78222415    0.26461948    0.56400523
   -0.39112920    0.14857186    0.90826447    0.92016007    0.08241212    0.38277106   -0.01798299    0.98546164   -0.16894368
   -0.42447880   -0.36168622    0.83006073    0.12992237    0.88293301    0.45116457   -0.89606803    0.29935326   -0.32779522
   -0.67852341   -0.39829767    0.61722358   -0.66080899    0.69794568   -0.27604945   -0.32083868   -0.59517291   -0.73677116
   -0.70519497   -0.30220199    0.64138445   -0.52843791   -0.37909653   -0.75963096    0.47270861   -0.87461979    0.10764197
   -0.56133774   -0.74541573    0.35952097    0.42298324   -0.63180849   -0.64954077    0.71132631   -0.21254040    0.66995631
   -0.64217171   -0.70020667    0.31197133    0.74957075   -0.48837430    0.44680447   -0.16049669    0.52076977    0.83847460
    0.03461362   -0.91785338    0.39540747   -0.07737961    0.39199555    0.91670709   -0.99640067   -0.06232702   -0.05745475
   -0.10739748   -0.97970414   -0.16925006   -0.92890359    0.03819439    0.36834672   -0.35440640    0.19677650   -0.91415268
    0.08054043   -0.99638979   -0.02684429   -0.50167477   -0.01725018   -0.86488430    0.86129882    0.08312526   -0.50125296
   -0.24402900   -0.89389569   -0.37603236    0.57778122    0.17740488   -0.79667833    0.77885731   -0.41167706    0.47318421
   -0.03313067   -0.81493836   -0.57859988    0.94483722   -0.21428808    0.24771608   -0.32586039   -0.53847570    0.77708360
    0.00195075   -0.70160381   -0.71256458    0.18989121   -0.69934095    0.68910345   -0.98180320   -0.13665402    0.13186416
   -0.00345030   -0.58113350   -0.81380093   -0.94914168   -0.25430918    0.18562575   -0.31483039    0.77305284   -0.55070058
    0.02279138   -0.29874516   -0.95406073   -0.48594074    0.83068047   -0.27171963    0.87369454    0.46980985   -0.12624009
   -0.07596043   -0.21021556   -0.97469966    0.65571580    0.72588977   -0.20765553    0.75117694   -0.65489958    0.08270277
    0.06857765    0.15401242   -0.98568620    0.76514258   -0.64213588   -0.04709939   -0.64019836   -0.75096051   -0.16187763
   -0.14083720    0.30661208   -0.94135748   -0.17437568   -0.94365232   -0.28127107   -0.97455529    0.12453642    0.18636705
    0.09118465    0.37376239   -0.92303144   -0.99264625   -0.03999028   -0.11425500   -0.07961651    0.92666200    0.36736733
    0.04819168    0.64468989   -0.76292365   -0.41657780    0.70718367    0.57127418    0.90782184    0.29028640    0.30264387
    0.03424653    0.74464352   -0.66658323    0.74892130    0.42252403    0.51048049    0.66177342   -0.51670057   -0.54320941
    0.03588180    0.94039055   -0.33819834    0.91770262   -0.16498461   -0.36138896   -0.39564428   -0.29739821   -0.86891881
    0.35065475    0.73864632   -0.57571075   -0.22155568   -0.53186279   -0.81733412   -0.90991996    0.41415408   -0.02284893
    0.33848585    0.93489103   -0.10679928   -0.93522933    0.32172673   -0.14777687   -0.10379509    0.14990220    0.98323746
    0.75632210    0.64783634   -0.09102173   -0.06110329    0.20848092    0.97611582    0.65133959   -0.73269624    0.19726366
    0.48046716    0.86339783    0.15393343    0.62299375   -0.45954371    0.63300740    0.61727635   -0.20823970   -0.75868711
    0.70689003    0.67024384    0.22600815    0.54465421   -0.31192257   -0.77849605   -0.45128514    0.67340738   -0.58554609
    0.49273364    0.68961622    0.53070050   -0.10930525    0.65409408   -0.74847398   -0.86328786    0.31078996    0.39767283
    0.63830533    0.55332654    0.53515983   -0.76782505    0.50720858    0.39138747   -0.05487258   -0.66073383    0.74861192
    0.53724435    0.38388722    0.75099875   -0.30421605   -0.74227722    0.59705704    0.78665183   -0.54923140   -0.28199959
    0.41373148    0.35960074    0.83636928    0.84487300   -0.49388498   -0.20558999    0.33913990    0.79168487   -0.50815272
    0.79282995    0.16936470    0.58543682    0.31674052    0.70617410   -0.63324054   -0.52066892    0.68748363    0.50623131
    0.38596412   -0.04487500    0.92142169   -0.52548924    0.81023525    0.25957637   -0.75821682   -0.58438435    0.28914041
    0.54171818   -0.07210978    0.83746140   -0.78200693   -0.40858122    0.47066607    0.30823138   -0.90986898   -0.27772622
    0.61776322   -0.26838564    0.73914664    0.11424396   -0.89935066   -0.42203875    0.77802115    0.34516306   -0.52492432
    0.48415436   -0.51155655    0.70986228    0.81111799   -0.04186228   -0.58338251    0.32814960    0.85822925    0.39466492
    0.52583322   -0.69192974    0.49470462    0.50742326    0.72195558    0.47042723   -0.68265735    0.00365836    0.73072947
    0.49955750   -0.82265895    0.27143057   -0.56951811   -0.07578745    0.81847748   -0.65275680   -0.56346119   -0.50637936
    0.71954940   -0.69018505   -0.07676756   -0.67224094   -0.66454920   -0.32629201    0.17418604    0.28638952   -0.94214663
    0.89104511   -0.36112958   -0.27499825   -0.18783303    0.25818239   -0.94766060    0.41322798    0.89606210    0.16222009
    0.87066654   -0.48207691   -0.09768121    0.46400139    0.87087181   -0.16212648    0.16322524    0.09583388    0.98192331
    0.99265347   -0.06310915   -0.10322950    0.09611219   -0.10696514    0.98960644   -0.07349518   -0.99225788   -0.10011375
    0.86645525   -0.07672310   -0.49332430    0.09400778   -0.94537402    0.31213861   -0.49032422   -0.31683045   -0.81191171
    0.93534726    0.11288192   -0.33523601   -0.26865668   -0.38980274   -0.88083904   -0.23010672    0.91395377   -0.33427444
    0.94369791    0.26878630   -0.19284236   -0.32942399    0.71028066   -0.62207815   -0.03023389    0.65058075    0.75883503
