# Rotation matrices: 37 entries, row-major flattening of 3x3 -> 1x9
# https://github.com/Neurophysics-CFIN/GFO
# Col:  1    2    3    4    5    6    7    8    9
#       R11  R12  R13  R21  R22  R23  R31  R32  R33
# where Rij = R(i,j), i = row index, j = column index

    0.75906526   -0.55554442   -0.33939700   -0.49417216   -0.15230590   -0.85591868    0.42380868    0.81741869   -0.39014471
    0.39082276   -0.89315781    0.22254593    0.45946239   -0.02020379   -0.88796741    0.79759130    0.44928936    0.40247632
    0.22094813   -0.95159529    0.21365467    0.96019229    0.25063635    0.12333771   -0.17091721    0.17789833    0.96909210
    0.25127875   -0.49461375   -0.83199533    0.31588751   -0.77060341    0.55352097   -0.91491752   -0.40190499   -0.03739396
   -0.34391117   -0.72780017   -0.59332286   -0.63103381   -0.28877975    0.72000180   -0.69535706    0.62202345   -0.35995193
   -0.16286819   -0.35964238   -0.91876619   -0.65721641    0.73408320   -0.17084627    0.73589439    0.57600279   -0.35592168
    0.10049856   -0.13522848   -0.98570447    0.66829687    0.74312584   -0.03381227    0.73707485   -0.65534513    0.16505585
   -0.54711265    0.33983182   -0.76497195    0.53965739   -0.55539665   -0.63269619   -0.63987315   -0.75897885    0.12047179
    0.27205257    0.60878963   -0.74522654   -0.81605288   -0.26444039   -0.51393480   -0.50994617    0.74796154    0.42486284
    0.59057453    0.80621335    0.03523858   -0.57763755    0.39183633    0.71609996    0.56352159   -0.44326552    0.69710766
    0.63099331    0.69770523    0.33919735    0.05448602   -0.47600576    0.87775269    0.77387254   -0.53537457   -0.33837163
    0.78227104    0.24121813    0.57433948    0.45187396   -0.85436855   -0.25664043    0.42879126    0.46029143   -0.77734796
    0.92026221   -0.24793065    0.30273396    0.38812698    0.67670962   -0.62563691   -0.04974842    0.69324922    0.71897886
    0.96487117    0.24597436    0.09230517   -0.25368883    0.78094914    0.57075425    0.06830527   -0.57412111    0.81591626
    0.69502438   -0.71672323   -0.05699940   -0.68574942   -0.68463407    0.24703019   -0.21607601   -0.13260470   -0.96732991
    0.85104722   -0.49338247    0.17970079   -0.37036584   -0.80662597   -0.46063400    0.37222006    0.32546625   -0.86920880
    0.57161210   -0.62673786    0.52958405    0.78914649    0.24313729   -0.56403198    0.22473856    0.74032689    0.63356820
    0.29095028   -0.48086500    0.82711353    0.40074924    0.84627166    0.35103321   -0.86876233    0.22933191    0.43892926
    0.03458629   -0.78914138    0.61323704   -0.90239893    0.23904860    0.35851352   -0.42951131   -0.56578410   -0.70385253
   -0.39980853   -0.06214738    0.91448939   -0.89253316    0.25351487   -0.37298092   -0.20865687   -0.96533306   -0.15682601
   -0.71001689   -0.24721325    0.65936456    0.10364382   -0.96284117   -0.24938895    0.69651560   -0.10873131    0.70925561
   -0.80759166   -0.32648704    0.49112312    0.51412318    0.01821731    0.85752288   -0.28891705    0.94502611    0.15314241
   -0.98557381    0.12627991    0.11268381    0.16375617    0.54331156    0.82340541    0.04275714    0.82997948   -0.55615276
   -0.85329862    0.17646916    0.49065273    0.09115469    0.97698381   -0.19285604   -0.51339292   -0.11983850   -0.84974493
   -0.70234954   -0.64844186    0.29364650   -0.61936340    0.35336774   -0.70108503    0.35084768   -0.67428064   -0.64980883
   -0.93740521   -0.34357436   -0.05681664    0.08893556   -0.07844870   -0.99294324    0.33669265   -0.93584318    0.10409420
   -0.51638911   -0.43704129   -0.73643547    0.40770273   -0.88171962    0.23737942   -0.75307421   -0.17766661    0.63349333
   -0.74558389    0.01425270   -0.66625935   -0.15704894   -0.97537031    0.15488187   -0.64764210    0.22011276    0.72945876
   -0.29574890    0.02813179   -0.95485140   -0.94494386    0.13792819    0.29674384    0.14004886    0.99004263   -0.01420915
    0.14294151    0.32652272   -0.93431827   -0.81044212    0.58048437    0.07887624    0.56811204    0.74593619    0.34760308
    0.34648776    0.78278465   -0.51690853    0.06572389    0.52943095    0.84580331    0.93574922   -0.32703373    0.13199369
    0.30958315    0.94681821   -0.08771284    0.91875013   -0.27407569    0.28421950    0.24506424   -0.16857575   -0.95473857
    0.04087774    0.99403419    0.10111891    0.10786230    0.09622187   -0.98949840   -0.99332509    0.05135537   -0.10328548
    0.05400821    0.83614284    0.54584637   -0.32213797    0.53200629   -0.78306860   -0.94515091   -0.13354571    0.29808606
   -0.28513056    0.88317762    0.37242161   -0.93116918   -0.34734486    0.11079492    0.22721032   -0.31519651    0.92142641
   -0.40697726    0.69880050    0.58825791   -0.25468768   -0.70527502    0.66160512    0.87721360    0.11943620    0.46500677
   -0.64960195    0.26827691    0.71136827    0.72575068    0.49757229    0.47508712   -0.22650223    0.82489352   -0.51792608
