# Rotation matrices: 48 entries, row-major flattening of 3x3 -> 1x9
# https://github.com/Neurophysics-CFIN/GFO
# Col:  1    2    3    4    5    6    7    8    9
#       R11  R12  R13  R21  R22  R23  R31  R32  R33
# where Rij = R(i,j), i = row index, j = column index

   -0.81434184   -0.41625630   -0.40444785   -0.51138521    0.84416466    0.16084524    0.27446774    0.33781166   -0.90030592
   -0.98412931   -0.16002246   -0.07669621   -0.01201048    0.49128104   -0.87091830    0.17704588   -0.85617507   -0.48540602
   -0.92257718    0.24998930   -0.29386509    0.10523213   -0.56974871   -0.81505374   -0.37118397   -0.78287404    0.49933026
   -0.50869149    0.07200251   -0.85793275   -0.33380793   -0.93504226    0.11944976   -0.79360269    0.34714783    0.49968304
   -0.66987438    0.53196348   -0.51796059   -0.73510162   -0.37711381    0.56339222    0.10437399    0.75815568    0.64366609
   -0.50413624    0.78484565   -0.36036642    0.28125305    0.54372843    0.79073138    0.81654355    0.29728219   -0.49485344
   -0.43104982    0.56604346   -0.70270254    0.78218566    0.62266513    0.02176532    0.44986849   -0.54026191   -0.71115077
   -0.80138015    0.59170545    0.08760433    0.21797040    0.42526463   -0.87842979   -0.55702672   -0.68486105   -0.46977290
   -0.47388455    0.85049483   -0.22823665   -0.77901925   -0.52574305   -0.34164786   -0.41056357    0.01589910    0.91169335
   -0.56690731    0.71851790    0.40292447   -0.64207914   -0.69182851    0.33031453    0.51609153   -0.07145168    0.85354800
   -0.68428546    0.72505821    0.07774317    0.07423809   -0.03679127    0.99656164    0.72542547    0.68770415   -0.02865121
   -0.92128221    0.27369843    0.27627571    0.38457078    0.74681839    0.54255655   -0.05783091    0.60609526   -0.79328691
   -0.53714519    0.14750511    0.83049220   -0.03430830    0.97995523   -0.19624139   -0.84279178   -0.13390290   -0.52131759
   -0.79449821    0.23606175    0.55950643   -0.47978784    0.32078409   -0.81664019   -0.37225828   -0.91726355   -0.14160282
   -0.48880893    0.44331603    0.75135659   -0.78653726   -0.59652703   -0.15973300    0.37739232   -0.66904887    0.64027232
   -0.22596360    0.32311083    0.91898849    0.32102571   -0.86598967    0.38341151    0.91971895    0.38165598    0.09195526
   -0.05627133   -0.15644729    0.98608204    0.98878013   -0.14561399    0.03332284    0.13837407    0.97689345    0.16288586
    0.20893436   -0.36377007    0.90775425    0.21246753    0.92295363    0.32095817   -0.95457005    0.12580911    0.27012605
    0.09612514   -0.72302999    0.68409618   -0.81795690    0.33425310    0.46821082   -0.56719174   -0.60456802   -0.55927725
   -0.27193167   -0.64247098    0.71643855   -0.52079216   -0.52779482   -0.67097553    0.80921486   -0.55557507   -0.19106972
   -0.02410626   -0.80302794    0.59545363    0.56271362   -0.50320897   -0.65584611    0.82630035    0.31925986    0.46400524
   -0.40134819   -0.84597745    0.35105809    0.91380819   -0.34379418    0.21624097   -0.06224325    0.40758768    0.91104229
   -0.11314693   -0.97542303    0.18907057   -0.14769090    0.20468998    0.96762049   -0.98254016    0.08155929   -0.16722115
    0.21234783   -0.97346872   -0.08524697   -0.96888621   -0.22109109    0.11125760   -0.12715314    0.05896930   -0.99012863
    0.01829357   -0.99764309    0.06613326   -0.68530543   -0.06067417   -0.72572385    0.72802597   -0.03204540   -0.68480018
   -0.14665888   -0.86934805   -0.47193764    0.83240045    0.14929316   -0.53368627    0.53441619   -0.47111093    0.70175055
    0.17843340   -0.90019686   -0.39724946    0.89700946   -0.01710820    0.44168014   -0.40439529   -0.43514701    0.80443242
    0.41058171   -0.68561899   -0.60112333    0.38186308   -0.46936614    0.79616331   -0.82801162   -0.55643690    0.06909943
   -0.17904784   -0.41088490   -0.89393259   -0.96075193   -0.12266772    0.24881392   -0.21189056    0.90339705   -0.37279507
   -0.08153673   -0.75596219   -0.64951746   -0.63394882    0.54220146   -0.55147662    0.76906479    0.36679523   -0.52345067
   -0.54552610   -0.43733249   -0.71494166    0.44706965    0.56969897   -0.68961715    0.70889351   -0.69583287   -0.11526757
   -0.29904634    0.03289211   -0.95367154    0.85656290   -0.43121431   -0.28346820   -0.42056068   -0.90164978    0.10077889
    0.28672799    0.08364172   -0.95435377   -0.27938533   -0.94557797   -0.16681168   -0.91636832    0.31446202   -0.24775540
    0.36175206    0.39799358   -0.84305193   -0.89354809   -0.10990919   -0.43530653   -0.26590836    0.91078048    0.31586653
    0.67703085    0.34115927   -0.65210396   -0.17275835    0.93497908    0.30978810    0.71539064   -0.09707970    0.69194780
    0.83724620    0.06353778   -0.54312222    0.52919903    0.15600318    0.83403321    0.13772141   -0.98571089    0.09698894
    0.73236421    0.43875910   -0.52070445    0.51902004   -0.85470592    0.00979769   -0.44075035   -0.27743152   -0.85368079
    0.85512086    0.48152010   -0.19211120   -0.18216781   -0.06784959   -0.98092371   -0.48536915    0.87380480    0.02969786
    0.59132186    0.77309182   -0.22949399   -0.79400497    0.60790801    0.00198790    0.14104807    0.18104388    0.97330805
    0.42915164    0.87922402    0.20686709   -0.43401627   -0.00012375    0.90090502    0.79212294   -0.47640855    0.38154442
    0.61993491    0.77707754    0.10877132    0.67946367   -0.60097618    0.42089992    0.39244085   -0.18702440   -0.90056208
    0.56354090    0.68529420    0.46129548    0.53987315    0.11713939   -0.83355585   -0.62526686    0.71878385   -0.30395910
    0.13883797    0.44705563    0.88366582   -0.09863006    0.89411337   -0.43684481   -0.98539136   -0.02650536    0.16823001
    0.79039559    0.24864723    0.55986550   -0.61214114    0.35581817    0.70617042   -0.02362300   -0.90087068    0.43344431
    0.71672292   -0.07374473    0.69344789   -0.44944935   -0.80916309    0.37848430    0.53320122   -0.58293808   -0.61309025
    0.87974552   -0.26327581    0.39589602    0.14439484   -0.64540306   -0.75007001    0.45298780    0.71703608   -0.52977478
    0.98158336   -0.15743559   -0.10820418    0.04692396    0.74776119   -0.66230760    0.18518167    0.64503275    0.74137744
    0.94146899    0.33706984    0.00447810   -0.30690355    0.85156496    0.42502626    0.13945014   -0.40152339    0.90516994
