# Rotation matrices: 28 entries, row-major flattening of 3x3 -> 1x9
# https://github.com/Neurophysics-CFIN/GFO
# Col:  1    2    3    4    5    6    7    8    9
#       R11  R12  R13  R21  R22  R23  R31  R32  R33
# where Rij = R(i,j), i = row index, j = column index

    0.22988542   -0.79913540    0.55545954   -0.97048341   -0.23098806    0.06932864    0.07290155   -0.55500191   -0.82864844
    0.10726960   -0.88661467   -0.44989740   -0.02658774    0.44978844   -0.89273930    0.99387440    0.10772554    0.02467554
   -0.28548840   -0.93761829    0.19841450    0.86572829   -0.34110910   -0.36627737    0.41110935    0.06720511    0.90910537
   -0.33313554   -0.29399119   -0.89587381    0.18657478   -0.95191368    0.24300247   -0.92423512   -0.08619470    0.37196762
   -0.70135682    0.70530390   -0.10317471   -0.44361762   -0.31859650    0.83767516    0.55794446    0.63327931    0.53633506
   -0.68269041    0.62788959   -0.37374921    0.21752920    0.66293606    0.71637757    0.69757784    0.40776273   -0.58916441
    0.29791439    0.89018409    0.34470175    0.89243429   -0.38789573    0.23042990    0.33883337    0.23897527   -0.90999053
    0.68126486    0.72679829   -0.08742101    0.05078975   -0.16606264   -0.98480638   -0.73027295    0.66647389   -0.15004655
    0.64627150    0.65283527    0.39514460   -0.51494862    0.75522950   -0.40553214   -0.56317055    0.05860469    0.82425993
    0.83768560   -0.03182904    0.54522449   -0.51542403    0.28406524    0.80848315   -0.18061257   -0.95827650    0.22155191
    0.92384835   -0.19438481    0.32972529   -0.32156706   -0.86140533    0.39316089    0.20760261   -0.46924983   -0.85831565
    0.67557039    0.34649180    0.65080572    0.68025230   -0.63335970   -0.36893401    0.28436150    0.69195298   -0.66358090
    0.32582971   -0.16454963    0.93099861    0.59040823    0.80452870   -0.06443366   -0.73841257    0.57066364    0.35929081
   -0.18827425    0.28681327    0.93930344   -0.84954878    0.43230690   -0.30228731   -0.49276737   -0.85489701    0.16226961
   -0.55018369    0.46972057    0.69040604   -0.72092243   -0.68441253   -0.10885930    0.42138909   -0.55762181    0.71518470
    0.06734129    0.64010974    0.76532651   -0.37167171   -0.69576404    0.61463204    0.92591862   -0.32584032    0.19105704
   -0.89692519    0.32906998    0.29536106    0.43563857    0.77209930    0.46268965   -0.07579080    0.54366867   -0.83587088
   -0.98929938   -0.11143773    0.09417205   -0.11100775    0.99377113    0.00980876   -0.09467853   -0.00075003   -0.99550762
   -0.83828213    0.13933562    0.52713249   -0.35810113    0.58834459   -0.72499257   -0.41115284   -0.79651505   -0.44330251
   -0.91342521   -0.40605428    0.02782633    0.15541506   -0.41116199   -0.89821600    0.37616558   -0.81612850    0.43867268
   -0.58066650   -0.37633899    0.72193863    0.03592904   -0.89772986   -0.43907882    0.81334834   -0.22901979    0.53480315
   -0.62988112   -0.49538356    0.59820139    0.66315724    0.05791334    0.74623623   -0.40431700    0.86674170    0.29203868
    0.53487685   -0.77617544   -0.33385392    0.32194320   -0.17809929    0.92985656   -0.78119097   -0.60484075    0.15462322
    0.23415470   -0.97216348   -0.00835110   -0.71713568   -0.17851595    0.67368277   -0.65642059   -0.15175711   -0.73897347
    0.34399732    0.00182452   -0.93896886   -0.92333020   -0.18110193   -0.33861989   -0.17066689    0.98346264   -0.06061395
    0.09874835    0.46297141   -0.88085540   -0.48027877    0.79743344    0.36528373    0.87153948    0.38698499    0.30110057
    0.11965999    0.88427754   -0.45136982    0.62580272    0.28576628    0.72574692    0.77074798   -0.36931133   -0.51918850
   -0.38735751    0.41235451   -0.82457135    0.92188459    0.18208252   -0.34201572    0.00910831   -0.89264198   -0.45067431
