# Rotation matrices: 66 entries, row-major flattening of 3x3 -> 1x9
# https://github.com/Neurophysics-CFIN/GFO
# Col:  1    2    3    4    5    6    7    8    9
#       R11  R12  R13  R21  R22  R23  R31  R32  R33
# where Rij = R(i,j), i = row index, j = column index

   -0.97571315   -0.20541524   -0.07608175   -0.20875165    0.97719973    0.03877413    0.06638227    0.05371462   -0.99634740
   -0.82256338   -0.43816439   -0.36249338    0.11676743    0.49371696   -0.86174760    0.55655624   -0.75116944   -0.35495016
   -0.90900207   -0.04495276   -0.41436033    0.39524936   -0.40845455   -0.82276535   -0.13226179   -0.91167107    0.38905358
   -0.87947980   -0.00784099   -0.47587162   -0.02607703   -0.99756844    0.06463119   -0.47522128    0.06925114    0.87713683
   -0.87904001    0.23969074   -0.41211287   -0.46058053   -0.20375471    0.86391527    0.12310255    0.94922725    0.28950543
   -0.67911817    0.54648802   -0.49005035   -0.00468517    0.66437640    0.74738347    0.73401400    0.50985767   -0.44862970
   -0.94502021    0.28364871   -0.16272738    0.31821159    0.91231388   -0.25773001    0.07535367   -0.29534181   -0.95241537
   -0.90928758    0.41299269    0.05131405    0.11158604    0.36073064   -0.92597082   -0.40092973   -0.83624784   -0.37409211
   -0.84941285    0.50965951   -0.13691234   -0.24767040   -0.61408257   -0.74937439   -0.46600127   -0.60261910    0.64783720
   -0.29771781    0.90881741    0.29225848   -0.66984426   -0.41699567    0.61434785    0.68020054   -0.01286537    0.73291316
   -0.62981996    0.77018586    0.10070036    0.07358114   -0.06990198    0.99483643    0.77324811    0.63397749   -0.01264549
   -0.29370178    0.82578427    0.48147649    0.95557377    0.26673816    0.12541742   -0.02486042    0.49692162   -0.86743925
   -0.43463130    0.56752362    0.69929434    0.29997388    0.82335703   -0.48176642   -0.84918273    0.00037927   -0.52809899
   -0.49520888    0.47962601    0.72438046   -0.79880605    0.07645471   -0.59671063   -0.34158024   -0.87413590    0.34526711
   -0.44597371    0.30072927    0.84301207   -0.69795768   -0.70648174   -0.11721189    0.56032359   -0.64066017    0.52496859
   -0.48994912    0.09162212    0.86692286    0.35790099   -0.88564486    0.29587170    0.79489417    0.45523463    0.40112928
   -0.51767332   -0.11907783    0.84725132    0.81515303    0.23215193    0.53068919   -0.25988434    0.96536312   -0.02311221
   -0.21639552   -0.29791081    0.92974305    0.39307313    0.84512889    0.36228536   -0.89368143    0.44385393   -0.06578137
   -0.33565927   -0.50949773    0.79230355   -0.77785755    0.62431067    0.07192922   -0.53129134   -0.59215559   -0.60587232
   -0.56410249   -0.50746116    0.65136131   -0.48584754   -0.43385137   -0.75876555    0.66763804   -0.74448383   -0.00181212
   -0.65609991   -0.64870600    0.38563382    0.41645091   -0.73736381   -0.53184890    0.62936599   -0.18834846    0.75393853
   -0.55043563   -0.64182723    0.53392736    0.83381223   -0.39031930    0.39039469   -0.04216379    0.66008231    0.75000904
   -0.49658119   -0.83977209    0.21952209   -0.16177482    0.33802027    0.92713063   -0.85278135    0.42488249   -0.30370849
   -0.76377233   -0.61250387   -0.20369298   -0.64526603    0.71626734    0.26569314   -0.01683945    0.33436523   -0.94229312
   -0.44277587   -0.89468888    0.05900288   -0.55102890    0.21960794   -0.80507112    0.70733067   -0.38897836   -0.59023653
   -0.18111472   -0.86258812   -0.47237611    0.60064781    0.28330882   -0.74763515    0.77872952   -0.41913941    0.46680027
   -0.14010946   -0.70200090   -0.69825789    0.95143899   -0.29068246    0.10132897   -0.27410435   -0.65015263    0.70863839
    0.07227212   -0.73629947   -0.67278513   -0.02555828   -0.67569479    0.73673830   -0.99705743   -0.03605041   -0.06765244
   -0.07763591   -0.45362957   -0.88780228   -0.95208016   -0.23049851    0.20103187   -0.29583110    0.86086622   -0.41399675
   -0.06748527   -0.43024534   -0.90018592   -0.56023762    0.76291511   -0.32263655    0.82557831    0.48254480   -0.29252516
    0.00565755   -0.05890871   -0.99824734    0.69283161    0.72006736   -0.03856610    0.72107721   -0.69139913    0.04488764
    0.06555226   -0.10061273   -0.99276381    0.86109710   -0.49700500    0.10722782   -0.50419706   -0.86189507    0.05405753
   -0.13376296    0.13012368   -0.98243336   -0.08927702   -0.98889358   -0.11882385   -0.98698383    0.07181449    0.14389439
    0.04078615    0.45717855   -0.88843923   -0.99913258    0.01118532   -0.04011201   -0.00840088    0.88930459    0.45723819
    0.05302583    0.70595079   -0.70627314   -0.39174407    0.66527863    0.63556348    0.91854496    0.24297703    0.31182899
   -0.03998256    0.76770185   -0.63955865    0.83244544    0.37961868    0.40363876    0.55266264   -0.51625917   -0.65424803
    0.11689600    0.89277587   -0.43507077    0.83798669   -0.32378104   -0.43925408   -0.53302311   -0.31323647   -0.78598300
   -0.01951156    0.97981632   -0.19894541   -0.28623423   -0.19612876   -0.93787178   -0.95796099    0.03864564    0.28428375
    0.04246510    0.97214884   -0.23048501   -0.99898557    0.03785495   -0.02438934   -0.01498507    0.23128690    0.97277018
    0.00755086    0.99341670    0.11430767   -0.31275783   -0.10622977    0.94387381    0.94980289   -0.04287768    0.30989672
    0.11932447    0.96148823    0.24759253    0.78550394   -0.24394254    0.56874914    0.60724396    0.12661921   -0.78436111
    0.49176175    0.81488139    0.30682030    0.73588093   -0.20058322   -0.64671913   -0.46545638    0.54381494   -0.69829483
    0.54801439    0.78201224    0.29687891   -0.29665114    0.51354834   -0.80514980   -0.78209867    0.35316421    0.51341671
    0.55945971    0.49023464    0.66833736   -0.82865175    0.34878220    0.43782103   -0.01846914   -0.79876215    0.60136338
    0.44989741    0.42100482    0.78762127   -0.31778053   -0.74873107    0.58173647    0.83463037   -0.51201243   -0.20306503
    0.64799747    0.42979747    0.62878726    0.62937641   -0.76710071   -0.12426520    0.42893428    0.47626740   -0.76758371
    0.64475499   -0.02729839    0.76390170    0.63818376    0.56928441   -0.51830179   -0.42072853    0.82168732    0.38447035
    0.54034940   -0.00116062    0.84143994   -0.29916733    0.93439451    0.19340580   -0.78646134   -0.35623805    0.50455229
    0.45079785   -0.07161014    0.88974900   -0.86474580   -0.28221265    0.41541632    0.22135040   -0.95667550   -0.18914542
    0.34791687   -0.43558983    0.83018995   -0.12463371   -0.89914167   -0.41953628    0.92920412    0.04249409   -0.36711573
    0.38828563   -0.53147767    0.75283846    0.86412478   -0.07386334   -0.49782785    0.32019155    0.84384577    0.43058295
    0.61174504   -0.52166123    0.59467434    0.41584274    0.85156641    0.31923262   -0.67293597    0.05200203    0.73787056
    0.36907887   -0.81634199    0.44425955   -0.54327631    0.19833685    0.81579001   -0.75407668   -0.54244655   -0.37029732
    0.55495999   -0.82105163    0.13376706   -0.74942535   -0.56324619   -0.34801633    0.36108317    0.09288671   -0.92789601
    0.46244339   -0.84199934    0.27781869    0.13972909   -0.24021268   -0.96061108    0.87556947    0.48304760    0.00656703
    0.46213011   -0.87167158   -0.16316991    0.84590627    0.48852493   -0.21397657    0.26622986   -0.03914143    0.96311454
    0.74941069   -0.48671804   -0.44887544    0.40501233   -0.19933314    0.89231794   -0.52378300   -0.85051269    0.04774442
    0.72156496   -0.54436124   -0.42780235   -0.53487061   -0.83063377    0.15479331   -0.43961056    0.11712548   -0.89051905
    0.93983413   -0.22099385   -0.26052547   -0.27937545   -0.05826255   -0.95841266    0.19662442    0.97353336   -0.11649739
    0.91763950   -0.15538896   -0.36577590   -0.00698060    0.91394620   -0.40577532    0.39735250    0.37490880    0.83758843
    0.69038438    0.06778494   -0.72026010    0.68923123    0.24091537    0.68331552    0.21984023   -0.96817611    0.11960471
    0.86578104    0.18637038   -0.46442359    0.39734140   -0.82019218    0.41158790   -0.30420880   -0.54087972   -0.78415951
    0.84883649    0.12967310   -0.51250512   -0.35040666   -0.58789152   -0.72910818   -0.39584313    0.79847883   -0.45358546
    0.74066887    0.64855448   -0.17546143   -0.61659760    0.55241802   -0.56092935   -0.26686519    0.52365200    0.80905596
    0.96136091    0.26442841   -0.07656906   -0.17878875    0.81121941    0.55673840    0.20933176   -0.52153685    0.82715145
    0.94164072    0.33203420   -0.05537186    0.27223614   -0.65441366    0.70542912    0.19799049   -0.67933501   -0.70661426
