# Rotation matrices: 77 entries, row-major flattening of 3x3 -> 1x9
# https://github.com/Neurophysics-CFIN/GFO
# Col:  1    2    3    4    5    6    7    8    9
#       R11  R12  R13  R21  R22  R23  R31  R32  R33
# where Rij = R(i,j), i = row index, j = column index

   -0.99254992   -0.03385853   -0.11703957   -0.04140782    0.99717408    0.06268375    0.11458644    0.06706311   -0.99114706
   -0.97651581    0.12200405   -0.17757218    0.21184922    0.69372655   -0.68837735    0.03920171   -0.70982990   -0.70328141
   -0.85325003    0.06490171   -0.51744772    0.43500011   -0.45870623   -0.77483127   -0.28764437   -0.88621462    0.36315886
   -0.72307121    0.17392434   -0.66851952   -0.19314991   -0.98008699   -0.04607172   -0.66322028    0.09581135    0.74226615
   -0.81041653    0.19720232   -0.55166684   -0.58301866   -0.36400349    0.72635439   -0.05756988    0.91028166    0.40996707
   -0.82989719    0.50815549   -0.23032292    0.07175694    0.50661622    0.85918039    0.55328256    0.69650413   -0.45690306
   -0.71267674    0.48191802   -0.50975178    0.62338485    0.76831930   -0.14517845    0.32168802   -0.42123685   -0.84798369
   -0.79360939    0.60789164   -0.02553209    0.26359262    0.30569575   -0.91491477   -0.54836399   -0.73281503   -0.40283877
   -0.82548511    0.55287164   -0.11361024   -0.35201194   -0.66163269   -0.66206478   -0.44120509   -0.50653245    0.74078536
   -0.88565561    0.42475557    0.18760823   -0.36791269   -0.88840160    0.27455937    0.28329207    0.17414160    0.94309082
   -0.88288955    0.34827964    0.31497195    0.23160738   -0.26051604    0.93727766    0.40848998    0.90046248    0.14934276
   -0.72018417    0.50637721    0.47425403    0.69151565    0.57914813    0.43173319   -0.05604349    0.63888149   -0.76726108
   -0.76608098    0.12251126    0.63096032   -0.09302517    0.95019686   -0.29744284   -0.63597661   -0.28656049   -0.71653111
   -0.79203102    0.25930744    0.55267215   -0.56405957    0.03543005   -0.82497364   -0.23350301   -0.96514474    0.11820315
   -0.44247171    0.20995472    0.87185882   -0.52368762   -0.84971273   -0.06115182    0.72799043   -0.48363962    0.48592453
   -0.35872247   -0.00007684    0.93344426    0.30817014   -0.94394066    0.11835203    0.88110689    0.33011518    0.33863640
   -0.31688112   -0.14141071    0.93786426    0.94495269   -0.13209257    0.29935927    0.08155230    0.98109865    0.17548407
   -0.30680756   -0.31819299    0.89700744    0.11294208    0.92363015    0.36626689   -0.94504667    0.21368333   -0.24743933
   -0.14342587   -0.58819207    0.79590144   -0.87691172    0.44832308    0.17329816   -0.45875359   -0.67307986   -0.58009365
   -0.45918886   -0.61689186    0.63921047   -0.65870423   -0.24634102   -0.71093237    0.59603215   -0.74750287   -0.29323223
   -0.58411720   -0.61471114    0.53003520    0.37672932   -0.78374372   -0.49378214    0.71894514   -0.08874684    0.68937790
   -0.56105929   -0.77928637    0.27915090    0.77809697   -0.38142644    0.49907812   -0.28244924    0.49721889    0.82036321
   -0.30487754   -0.88110270    0.36153522    0.14563915    0.33201111    0.93196452   -0.94119016    0.33678874    0.02710032
   -0.44042012   -0.89368525   -0.08577171   -0.80916969    0.35374195    0.46915993   -0.38894026    0.27603134   -0.87893809
   -0.47505108   -0.86502539    0.16142347   -0.67829763    0.24310744   -0.69340544    0.56057006   -0.43889616   -0.70223313
   -0.29942008   -0.85993294   -0.41335574    0.45507518    0.25206620   -0.85403115    0.83860253   -0.44382201    0.31586045
   -0.49081737   -0.84665999   -0.20558494    0.83890452   -0.52295332    0.15086097   -0.23523928   -0.09842095    0.96694147
   -0.56556488   -0.71784113   -0.40600552   -0.04302739   -0.46595033    0.88376407   -0.82358060    0.51729528    0.23263831
   -0.49951841   -0.47932677   -0.72161431   -0.78711268   -0.09681161    0.60916430   -0.36184940    0.87228055   -0.32892499
   -0.30982365   -0.52731450   -0.79116921   -0.42401807    0.82141481   -0.38142677    0.85100998    0.21729500   -0.47808461
   -0.23438877   -0.45201176   -0.86066676    0.66068670    0.57538053   -0.48211030    0.71313042   -0.68163232    0.16377542
   -0.14599826    0.09560482   -0.98465437    0.94843433   -0.26953773   -0.16679850   -0.28134824   -0.95823229   -0.05132285
   -0.30980807    0.17478799   -0.93459516   -0.32495695   -0.94323145   -0.06868348   -0.89354459    0.28242450    0.34901928
    0.21430881    0.36953188   -0.90416698   -0.96239595   -0.07831385   -0.26011722   -0.16693040    0.92591205    0.33885264
   -0.03311283    0.77623680   -0.62957125   -0.41249492    0.56315010    0.71603764    0.91035789    0.28340498    0.30154624
   -0.00274501    0.62754832   -0.77857278    0.69396103    0.56177778    0.45035965    0.72000733   -0.53906292   -0.43703617
    0.10285299    0.89193827   -0.44030373    0.79272266   -0.34088263   -0.50536107   -0.60084278   -0.29706085   -0.74212048
   -0.03194492    0.95341040   -0.29998022   -0.38188279   -0.28900507   -0.87786195   -0.92365852    0.08651405    0.37332327
   -0.04461632    0.98500848   -0.16663634   -0.99143544   -0.02316419    0.12852703    0.12274022    0.17094357    0.97760582
   -0.03032069    0.99770907    0.06047542   -0.25357265   -0.06620187    0.96504830    0.96684103    0.01392601    0.25499901
    0.05653150    0.97052446    0.23427861    0.79412687   -0.18593012    0.57861256    0.60511709    0.15333710   -0.78123046
    0.06099164    0.89783606    0.43608534    0.79853430    0.21823401   -0.56099634   -0.59885140    0.38244519   -0.70364244
   -0.12820735    0.75656540    0.64122669   -0.26556106    0.59676259   -0.75719993   -0.95553137   -0.26736344    0.12440496
    0.02301805    0.82060428    0.57103308   -0.99537661   -0.03446576    0.08965221    0.09325008   -0.57045659    0.81601697
    0.00062330    0.54289833    0.83979820   -0.14450977   -0.83093441    0.53727547    0.98950318   -0.12169393    0.07793619
    0.08715103    0.30095969    0.94964623    0.87109705   -0.48551507    0.07392591    0.48331627    0.82079131   -0.30447824
    0.04395272    0.18521089    0.98171538    0.73022343    0.66466645   -0.15808938   -0.68179315    0.72382003   -0.10603143
    0.42794534   -0.11900591    0.89593548   -0.45177601    0.83039878    0.32609246   -0.78279066   -0.54431191    0.30160128
    0.34825558   -0.14073192    0.92677536   -0.91198904   -0.27950329    0.30025640    0.21678110   -0.94977494   -0.22568455
    0.27485775   -0.52516324    0.80539232   -0.13674795   -0.85049126   -0.50790217    0.95171068    0.02946510   -0.30557911
    0.38437189   -0.65457240    0.65099403    0.71944129   -0.22949535   -0.65554261    0.57850020    0.72032414    0.38271485
    0.49604540   -0.63730613    0.58972863    0.64387820    0.72564899    0.24259927   -0.58254599    0.25937316    0.77030237
    0.52995262   -0.71422220    0.45720550   -0.36176272    0.29721845    0.88362262   -0.76699280   -0.63367802   -0.10086727
    0.41276950   -0.87789701    0.24273068   -0.89050089   -0.44495702   -0.09498114    0.19138838   -0.17694657   -0.96543275
    0.43272045   -0.89566607    0.10264167   -0.02915095   -0.12769450   -0.99138506    0.90105673    0.42600049   -0.08136554
    0.35324368   -0.92514558   -0.13901282    0.91335504    0.37320326   -0.16279401    0.20248820   -0.06946210    0.97681807
    0.52846718   -0.83226544   -0.16750128    0.43474233    0.09583423    0.89544118   -0.72919239   -0.54603118    0.41246626
    0.53933370   -0.78398725   -0.30738111   -0.60732543   -0.61498941    0.50293523   -0.58333094   -0.08456956   -0.80781991
    0.39359102   -0.67359504   -0.62558439   -0.86866168   -0.04980676   -0.49289570    0.30085377    0.73742051   -0.60472969
    0.47199117   -0.69154562   -0.54679886    0.27922690    0.70556514   -0.65131419    0.83621569    0.15473359    0.52611866
    0.41295951   -0.46509437   -0.78304001    0.90393587    0.31428100    0.29004723    0.11119527   -0.82759572    0.55020082
    0.37903585   -0.27846509   -0.88249024    0.58459343   -0.66720190    0.46161905   -0.71734396   -0.69086816   -0.09010458
    0.69428910    0.11159660   -0.71099145   -0.58927524   -0.47901118   -0.65061738   -0.41317955    0.87068621   -0.26681113
    0.69274766    0.40529893   -0.59651778   -0.66656614    0.67558694   -0.31507438    0.27530032    0.61588559    0.73816982
    0.89482113    0.10822352   -0.43310831    0.19633727    0.77590318    0.59952142    0.40093243   -0.62149974    0.67304625
    0.90159789    0.14567757   -0.40730737    0.38474763   -0.70042177    0.60114775   -0.19771321   -0.69870408   -0.68754788
    0.75384096    0.42855309   -0.49806231    0.05815479   -0.79856263   -0.59909577   -0.65447829    0.42265822   -0.62691163
    0.90643937    0.41472695   -0.07980743   -0.30421380    0.51007938   -0.80453278   -0.29295330    0.75353870    0.58852169
    0.87669466    0.48027429    0.02725932   -0.44777638    0.79404017    0.41109187    0.17579186   -0.37260813    0.91118626
    0.75188830    0.65715667   -0.05300090    0.29500994   -0.26346175    0.91845361    0.58960421   -0.70621032   -0.39196156
    0.69075518    0.53686304    0.48439173    0.67614468   -0.71699854   -0.16953309    0.25629212    0.44462475   -0.85826755
    0.87285998    0.46096929    0.16007111    0.14818026    0.06215258   -0.98700540   -0.46492801    0.88523690   -0.01405605
    0.71529976    0.43505962    0.54687237   -0.56049069    0.82456021    0.07714049   -0.41736848   -0.36169544    0.83365458
    0.76910530    0.19857824    0.60748968   -0.62904081    0.06703778    0.77447633    0.11306939   -0.97778966    0.17647293
    0.66224414    0.17516029    0.72852699    0.21053343   -0.97662143    0.04343115    0.71910248    0.12461726   -0.68363891
    0.98556973    0.13063284    0.10764461    0.15508441   -0.44202607   -0.88349408   -0.06783162    0.88743902   -0.45590663
    0.99146054   -0.09754786   -0.08654722    0.04303756    0.87124462   -0.48895866    0.12310067    0.48105844    0.86800288
