# Rotation matrices: 32 entries, row-major flattening of 3x3 -> 1x9
# https://github.com/Neurophysics-CFIN/GFO
# Col:  1    2    3    4    5    6    7    8    9
#       R11  R12  R13  R21  R22  R23  R31  R32  R33
# where Rij = R(i,j), i = row index, j = column index

    0.52620673   -0.66323387   -0.53219105   -0.85023416   -0.39973128   -0.34251537    0.01443438    0.63272090   -0.77424538
   -0.04905072   -0.80660278   -0.58905517    0.10831905    0.58199069   -0.80594902    0.99290534   -0.10333827    0.05882338
   -0.24246508   -0.94249017    0.23004990    0.85201918   -0.32027042   -0.41411372    0.46397629    0.09559881    0.88067410
   -0.53905827   -0.36963304   -0.75682732   -0.08792677   -0.86895270    0.48702164   -0.83766644    0.32907843    0.43591550
   -0.27767139   -0.54472691   -0.79130979   -0.84971591   -0.24503194    0.46684282   -0.44819802    0.80201742   -0.39482477
   -0.05701987   -0.14674416   -0.98752969   -0.36245991    0.92469218   -0.11647828    0.93025349    0.35129834   -0.10591470
   -0.30339763    0.67831285   -0.66920965    0.92223020    0.38568489   -0.02717750    0.23966920   -0.62541094   -0.74257648
   -0.13163892    0.99030780    0.04429049    0.41714827    0.09587046   -0.90376777   -0.89925442   -0.10049531   -0.42572547
    0.47680230    0.81080144    0.33950050   -0.30483859    0.51478360   -0.80129350   -0.82445922    0.27856573    0.49261357
    0.77919041    0.18973192    0.59738104   -0.59735557    0.51341543    0.61609327   -0.18981209   -0.83690286    0.51338580
    0.85858080    0.43818539    0.26614389    0.32093916   -0.86420310    0.38749330    0.39979628   -0.24727831   -0.88261904
    0.99382257    0.08386068    0.07269166    0.08469136   -0.14978050   -0.98508536   -0.07172213    0.98515643   -0.15595751
    0.88677560   -0.35612963    0.29461961    0.44644099    0.49494144   -0.74546859    0.11966400    0.79259363    0.59789286
    0.83622930   -0.22348182    0.50077583   -0.26752074    0.63090570    0.72827924   -0.47869949   -0.74297636    0.46779582
    0.39569521   -0.29864695    0.86846721   -0.77699453   -0.61299853    0.14322114    0.48959657   -0.73146620   -0.47460763
    0.34015302   -0.21980021    0.91432149    0.18743538   -0.93694239   -0.29496938    0.92150089    0.27171093   -0.27750545
   -0.50210128    0.18752714    0.84423212    0.67612817   -0.52354175    0.51841560    0.53920776    0.83110626    0.13607860
   -0.77190477    0.09715644    0.62827037    0.21308150    0.97062871    0.11169681   -0.59896520    0.22009210   -0.76993517
   -0.69012123    0.65663632    0.30423911   -0.26055028    0.16676568   -0.95094835   -0.67516386   -0.73553923    0.05599824
   -0.95320867   -0.08370022    0.29049528   -0.09858905   -0.82231004   -0.56043412    0.28578565   -0.56285031    0.77558113
   -0.88554562    0.42873884    0.17886294   -0.44862383   -0.88921160   -0.08966262    0.12060515   -0.15964252    0.97977990
   -0.80296052   -0.34452282    0.48637273    0.52668046   -0.02810257    0.84959869   -0.27903781    0.93835722    0.20401869
   -0.72435110   -0.65218208    0.22354870   -0.03190836    0.35561665    0.93408707   -0.68869249    0.66947393   -0.27840137
   -0.61194545   -0.78788026   -0.06904683   -0.77502480    0.61477659   -0.14624054    0.15766841   -0.03597823   -0.98683648
    0.10785721   -0.95646205   -0.27119583   -0.81553090    0.07088825   -0.57435548    0.56857381    0.28311696   -0.77237854
    0.22833025   -0.50548136   -0.83207806    0.45349439    0.81149565   -0.36853446    0.86151503   -0.29319516    0.41452196
    0.26536607    0.10186111   -0.95875188    0.95821000   -0.13805407    0.25054875   -0.10683843   -0.98517277   -0.13423920
    0.27580475    0.52283152   -0.80658474    0.62845359   -0.73301808   -0.26025099   -0.72730862   -0.43512262   -0.53074522
    0.42725754    0.54731051   -0.71965422   -0.50091536   -0.51934325   -0.69236290   -0.75268506    0.65630313    0.05226292
    0.10837449    0.86943893   -0.48200717   -0.98012815    0.17448443    0.09436098    0.16614386    0.46220247    0.87107123
   -0.45326748    0.79553184   -0.40209162   -0.70818445   -0.04745406    0.70443090    0.54131633    0.60405066    0.58489267
   -0.60005139    0.78210884   -0.16805978    0.54158898    0.55179521    0.63419510    0.58874417    0.28953032   -0.75468701
