# Rotation matrices: 12 entries, row-major flattening of 3x3 -> 1x9
# https://github.com/Neurophysics-CFIN/GFO
# Col:  1    2    3    4    5    6    7    8    9
#       R11  R12  R13  R21  R22  R23  R31  R32  R33
# where Rij = R(i,j), i = row index, j = column index

   -0.93772504   -0.13990714    0.31795871   -0.15329770    0.98802760   -0.01735754   -0.31172354   -0.06501894   -0.94794566
   -0.89148994    0.13475022   -0.43253677    0.45000262    0.15300335   -0.87982249   -0.05237670   -0.97899558   -0.19703890
   -0.59891276    0.13162162   -0.78992357    0.51425951   -0.69292329   -0.50536568   -0.61387349   -0.70889566    0.34731294
    0.18161645   -0.06477885   -0.98123349   -0.51108218   -0.85869556   -0.03790701   -0.84012527    0.50837549   -0.18906056
    0.32976994    0.39219926   -0.85873834   -0.84651913    0.52551810   -0.08506521    0.41792002    0.75499038    0.50530425
   -0.28484092    0.81660815   -0.50201273   -0.06155789    0.50704354    0.85971942    0.95659619    0.27578611   -0.09415808
   -0.09541647    0.96902757   -0.22777462    0.96714619    0.14440995    0.20922240    0.23563520   -0.20032809   -0.95097040
   -0.47306474    0.68100868    0.55896058    0.33156580    0.72541290   -0.60319172   -0.81625601   -0.10001652   -0.56896645
    0.50060551    0.78437070    0.36627411   -0.44545443    0.59619694   -0.66792182   -0.74226981    0.17120692    0.64786088
    0.26867608    0.64462350    0.71573299   -0.89684916   -0.10365397    0.43002028    0.35138974   -0.75744069    0.55028070
    0.73462658    0.63546708   -0.23770862    0.40229934   -0.12586335    0.90681512    0.54633235   -0.76180051   -0.34811054
    0.80334466   -0.53927723   -0.25262112   -0.56687870   -0.56253810   -0.60183007    0.18244424    0.62668251   -0.75761675
