# Rotation matrices: 56 entries, row-major flattening of 3x3 -> 1x9
# https://github.com/Neurophysics-CFIN/GFO
# Col:  1    2    3    4    5    6    7    8    9
#       R11  R12  R13  R21  R22  R23  R31  R32  R33
# where Rij = R(i,j), i = row index, j = column index

   -0.93026325   -0.36469628   -0.04008619   -0.35945204    0.88404857    0.29875133   -0.07351536    0.29232644   -0.95348872
   -0.96644792   -0.25437807    0.03564020   -0.17756639    0.56137353   -0.80828828    0.18560335   -0.78749702   -0.58770727
   -0.90320622   -0.01794032   -0.42883175    0.37443430   -0.52132452   -0.76682442   -0.20980344   -0.85316991    0.47758102
   -0.90913995    0.04509356   -0.41404241   -0.21858932   -0.89786068    0.38218439   -0.35451835    0.43796435    0.82613798
   -0.82787255    0.45015809   -0.33464122   -0.52655925   -0.41811628    0.74021223    0.19329358    0.78900981    0.58318189
   -0.58794797    0.61475987   -0.52572568   -0.06980028    0.60894556    0.79013494    0.80588157    0.50125403   -0.31511790
   -0.33079252    0.81845301   -0.46979887    0.94293656    0.26658952   -0.19950104   -0.03803877   -0.50898399   -0.85993509
   -0.46443127    0.88555244   -0.01002343    0.47963575    0.24200002   -0.84343674   -0.74448179   -0.39652600   -0.53713498
   -0.43911590    0.89060982    0.11828511   -0.83791501   -0.35847150   -0.41157820   -0.32415375   -0.27984340    0.90366588
   -0.48113573    0.73869069    0.47206405   -0.57833877   -0.67214479    0.46232634    0.65881156   -0.05057122    0.75060634
   -0.78559359    0.53194101    0.31604030    0.15568520   -0.32440785    0.93301751    0.59883623    0.78217537    0.17203738
   -0.71286578    0.70092095    0.02306947    0.66482876    0.66495669    0.34034588    0.22321536    0.25795818   -0.94001728
   -0.47728937    0.23048526    0.84798078    0.45620219    0.88975078    0.01493668   -0.75104888    0.39397981   -0.52981647
   -0.70415080    0.28747229    0.64925445   -0.51744477    0.41840076   -0.74645275   -0.48623303   -0.86156862   -0.14586619
   -0.53807064    0.56594585    0.62464813   -0.77865855   -0.61750446   -0.11126139    0.32275509   -0.54625409    0.77293960
   -0.39045715    0.07417480    0.91762809    0.30229130   -0.93115345    0.20389515    0.86957644    0.35700330    0.34115312
   -0.71200016    0.00688142    0.70214558    0.69771102    0.11956180    0.70633159   -0.07908923    0.99280291   -0.08992926
   -0.75003199   -0.46198382    0.47331064   -0.01757749    0.72928792    0.68398112   -0.66116794    0.50468811   -0.55510978
   -0.53485875   -0.49210587    0.68684637   -0.73724660    0.66893505   -0.09483332   -0.41278757   -0.55709758   -0.72058914
   -0.67336145   -0.32452277    0.66428106   -0.49190675   -0.47410035   -0.73024421    0.55191676   -0.81848264    0.15960596
    0.00050065   -0.78528692    0.61913181    0.55921675   -0.51305375   -0.65119312    0.82902134    0.34655490    0.43888874
   -0.16882615   -0.93473368    0.31268303    0.97996994   -0.12518756    0.15487737   -0.10562507    0.33256731    0.93714584
    0.25093532   -0.94136773    0.22551778    0.30641757    0.29823873    0.90397009   -0.91822641   -0.15773541    0.36329024
    0.04315795   -0.99271397   -0.11250049   -0.78408552   -0.10344037    0.61197221   -0.61915046    0.06179854   -0.78283693
   -0.17243030   -0.95154032   -0.25463465   -0.71402036    0.29882179   -0.63315121    0.67855929    0.07263988   -0.73094510
   -0.19628701   -0.97552017   -0.09915549    0.37288484    0.01926345   -0.92767765    0.90687833   -0.21906465    0.35997552
    0.23527913   -0.77581593   -0.58545143    0.89756597   -0.05764228    0.43709576   -0.37285260   -0.62832079    0.68278395
   -0.15288211   -0.81136317   -0.56419578   -0.13856654   -0.54766763    0.82514210   -0.97848167    0.20432812   -0.02869921
    0.06926652   -0.73013347   -0.67978471   -0.97629288   -0.18968949    0.10425982   -0.20507159    0.65644726   -0.72596324
    0.07675090   -0.43780970   -0.89578567   -0.25541439    0.85982319   -0.44211715    0.96378047    0.26272944   -0.04583069
   -0.09914167   -0.09616229   -0.99041594    0.79403054    0.59224186   -0.13698572    0.59973864   -0.80000150    0.01763994
    0.00452268   -0.28616523   -0.95816961    0.85390355   -0.49754764    0.15262723   -0.52041163   -0.81887472    0.24210726
    0.20808138    0.22298318   -0.95235531    0.00664769   -0.97396733   -0.22659093   -0.97808893    0.04081839   -0.20414679
    0.20652969    0.38842369   -0.89803815   -0.95951526   -0.09924282   -0.26359310   -0.19150964    0.91612112    0.35220187
   -0.20222298    0.25348254   -0.94596642   -0.53284700    0.78195807    0.32344343    0.82169334    0.56946307   -0.02306248
    0.11991107    0.57373151   -0.81021817    0.57258594    0.62672923    0.52854122    0.81102816   -0.52729747   -0.25335883
    0.18585506    0.86405545   -0.46783125    0.91040074   -0.33054385   -0.24881971   -0.36963277   -0.37966952   -0.84806997
    0.52178260    0.75472907   -0.39765179   -0.56067760   -0.04791872   -0.82664649   -0.64294911    0.65428421    0.39815653
    0.64537117    0.76380816   -0.00965112   -0.74306028    0.62481132   -0.23973367   -0.17708040    0.16188856    0.97079072
    0.67293884    0.71210463   -0.20015075   -0.02245721    0.29012791    0.95672434    0.73935715   -0.63932214    0.21123022
    0.55287927    0.81401906    0.17803786    0.57703776   -0.52817005    0.62294769    0.60112556   -0.24168030   -0.76173400
    0.86694307    0.40914053    0.28462912    0.38121731   -0.17645757   -0.90748889   -0.32106552    0.89524676   -0.30895012
    0.61381985    0.51171339    0.60114441   -0.31136642    0.85667222   -0.41129510   -0.72544892    0.06528492    0.68517278
    0.66047122    0.59495148    0.45805076   -0.72558616    0.34880876    0.59317550    0.19313852   -0.72413064    0.66206671
    0.38577133    0.63047419    0.67355978   -0.12214142   -0.68874410    0.71464189    0.91447359   -0.35795790   -0.18869072
    0.36074299    0.36970273    0.85626187    0.92026295   -0.29031773   -0.26235801    0.15159353    0.88262988   -0.44495381
    0.70762909    0.06156446    0.70389693    0.35027144    0.83461248   -0.42512578   -0.61365380    0.54738636    0.56903180
    0.51606479    0.06527668    0.85405860   -0.54351603    0.79559703    0.26761109   -0.66201772   -0.60229920    0.44605853
    0.58878015   -0.19480193    0.78446807   -0.75479642   -0.47971768    0.44738496    0.28917175   -0.85552507   -0.42948405
    0.33192855   -0.39534561    0.85646091   -0.15204266   -0.91848789   -0.36505210    0.93097071   -0.00904738   -0.36498175
    0.41751906   -0.62328768    0.66120368    0.82597124   -0.04297409   -0.56207183    0.37874707    0.78081092    0.49687519
    0.82631742   -0.48174551    0.29175466    0.21929951    0.75235586    0.62118306   -0.51875547   -0.44931273    0.72733131
    0.96516036   -0.26149972    0.00913134   -0.03580537   -0.09742232    0.99459885   -0.25919773   -0.96027433   -0.10339125
    0.90801260   -0.35343613   -0.22493558   -0.37020475   -0.92825695   -0.03588157   -0.19611617    0.11585313   -0.97371274
    0.96787351    0.05600916   -0.24512006   -0.24408942   -0.02466178   -0.96943909   -0.06034256    0.99812563   -0.01019824
    0.91828244    0.03263431   -0.39457872   -0.05627969    0.99723642   -0.04849862    0.39190556    0.06674220    0.91758134
