# Rotation matrices: 96 entries, row-major flattening of 3x3 -> 1x9
# https://github.com/Neurophysics-CFIN/GFO
# Col:  1    2    3    4    5    6    7    8    9
#       R11  R12  R13  R21  R22  R23  R31  R32  R33
# where Rij = R(i,j), i = row index, j = column index

   -0.85783704   -0.41567964   -0.30220201   -0.44710039    0.89358826    0.04001571    0.25341045    0.16944159   -0.95240364
   -0.88073894   -0.35018322   -0.31885832    0.07478530    0.56198252   -0.82376138    0.46766021   -0.74936464   -0.46877133
   -0.98654499    0.00176511   -0.16348048    0.14525373   -0.44947134   -0.88140619   -0.07503557   -0.89329301    0.44316731
   -0.91492275    0.06687565   -0.39805026   -0.06217772   -0.99775903   -0.02471540   -0.39881110    0.00213717    0.91703061
   -0.89328056    0.06085915   -0.44536053   -0.42918460   -0.40997267    0.80481240   -0.13360544    0.91006515    0.39234042
   -0.92586663    0.33130264   -0.18168527    0.09808706    0.67509418    0.73118177    0.36489712    0.65915583   -0.65754368
   -0.94198170    0.26214136   -0.20964826    0.31898638    0.89352788   -0.31599939    0.10449005   -0.36454058   -0.92530643
   -0.91928482    0.39226754   -0.03227388    0.19560631    0.38416907   -0.90230388   -0.34154590   -0.83578723   -0.42989080
   -0.75635051    0.65339995    0.03166095   -0.48319705   -0.52539458   -0.70034359   -0.44096997   -0.54500371    0.71310339
   -0.68847703    0.72453538   -0.03237061   -0.67525664   -0.62408702    0.39312066    0.26462775    0.29251302    0.91891691
   -0.51039762    0.58496998    0.63032087    0.32242374   -0.54933532    0.77089146    0.79720588    0.59669157    0.09177123
   -0.56126353    0.64792763    0.51494955    0.82265910    0.50488930    0.26137865   -0.09063807    0.57033023   -0.81639952
   -0.57660850    0.59189888    0.56318589    0.20028275    0.77068582   -0.60492164   -0.79209182   -0.23600654   -0.56293113
   -0.65744914    0.25674627    0.70840806   -0.58984298    0.40966622   -0.69588709   -0.46887727   -0.87535989   -0.11789472
   -0.59033506    0.29827802    0.75002316   -0.63906488   -0.74033216   -0.20857701    0.49305233   -0.60244378    0.62766304
   -0.71045136    0.01436812    0.70359962    0.20153707   -0.95376326    0.22297635    0.67427122    0.30021525    0.67470669
   -0.60845456   -0.11382587    0.78538317    0.79349636   -0.07216337    0.60428138   -0.01210696    0.99087644    0.13422854
   -0.65358817   -0.09580294    0.75076248    0.21145498    0.92934054    0.30267633   -0.72671129    0.35657813   -0.58714797
   -0.72400737   -0.38740881    0.57072563   -0.57809653    0.79216923   -0.19563308   -0.37632131   -0.47157430   -0.79749605
   -0.70519135   -0.44350484    0.55318046   -0.50554290   -0.23251683   -0.83088044    0.49712326   -0.86558615   -0.06024187
   -0.75441484   -0.47084983    0.45733870    0.35903360   -0.87927602   -0.31299930    0.54950261   -0.07193136    0.83238979
   -0.76658166   -0.59001924    0.25343610    0.62092683   -0.58045658    0.52680170   -0.16371449    0.56120180    0.81132614
   -0.65684143   -0.70992722    0.25409187   -0.02492329    0.35723599    0.93368157   -0.75361672    0.60694794   -0.25234112
   -0.83894891   -0.54068995    0.06179891   -0.46312594    0.76896729    0.44068546   -0.28579554    0.34109191   -0.89553181
   -0.49580639   -0.84946491   -0.18051426   -0.61742112    0.49097459   -0.61460159    0.61071040   -0.19327008   -0.76790591
   -0.57413144   -0.79200077   -0.20762434    0.63571994   -0.27140149   -0.72263503    0.51597795   -0.54687842    0.65931081
   -0.52278558   -0.54661900   -0.65414288    0.83741375   -0.47285985   -0.27412001   -0.15947870   -0.69109423    0.70495058
   -0.34422274   -0.64303180   -0.68412047    0.04617408   -0.73936225    0.67172273   -0.93775192    0.19963360    0.28419670
   -0.30511055   -0.66342060   -0.68321348   -0.93152941    0.05883273    0.35887555   -0.19789012    0.74593017   -0.63594629
   -0.38877967   -0.06502696   -0.91903311   -0.50014958    0.85262752    0.15125050    0.77375756    0.51845715   -0.36400745
   -0.37258589   -0.28083495   -0.88448374    0.60149442    0.65271129   -0.46062179    0.70667122   -0.70363321   -0.07427036
   -0.24661805   -0.10282792   -0.96364203    0.86078397   -0.48007003   -0.16906721   -0.44523083   -0.87118264    0.20690656
   -0.38086568    0.30274621   -0.87366244    0.03320782   -0.93978920   -0.34013747   -0.92403386   -0.15855911    0.34787991
   -0.35640669    0.25141869   -0.89986827   -0.89021173   -0.38383788    0.24533969   -0.28372055    0.88851400    0.36061826
   -0.27409407    0.45983574   -0.84464403   -0.46062484    0.70821002    0.53503582    0.84421395    0.53571416    0.01769560
   -0.43319896    0.61928703   -0.65484520    0.61247485    0.73529528    0.29019891    0.66122100   -0.27536235   -0.69782688
   -0.23892835    0.79069805   -0.56365756    0.87907544   -0.07044369   -0.47144890   -0.41247984   -0.60814002   -0.67825223
   -0.41933253    0.80859668   -0.41271254   -0.20570049   -0.52741725   -0.82432903   -0.88422143   -0.26077280    0.38749194
   -0.19513822    0.89964345   -0.39059280   -0.97161433   -0.23163009   -0.04809460   -0.13374104    0.37012046    0.91930636
   -0.13197864    0.98500008    0.11115968   -0.32967576   -0.14937407    0.93220238    0.93482380    0.08638415    0.34444483
   -0.30558750    0.95212893   -0.00817219    0.76842249    0.25167666    0.58837551    0.56226609    0.17352051   -0.80854652
    0.21134471    0.90785766    0.36211585    0.74078856    0.09290826   -0.66528217   -0.63762506    0.40885515   -0.65289490
   -0.29999486    0.81185560    0.50089277   -0.33953202    0.39982025   -0.85138815   -0.89147131   -0.42548120    0.15570696
    0.03068160    0.73019170    0.68255309   -0.99736325   -0.02256579    0.06897346    0.06576619   -0.68286958    0.72757401
    0.14801794    0.35879572    0.92160530   -0.21925816   -0.89677519    0.38434376    0.96437366   -0.25895925   -0.05406993
   -0.17686689    0.32097236    0.93042724    0.89909658   -0.33191178    0.28541181    0.40042906    0.88702385   -0.22988095
    0.01176020    0.02592163    0.99959480    0.67176669    0.74026691   -0.02710002   -0.74066943    0.67181320   -0.00870760
   -0.05818750   -0.14875267    0.98716101   -0.60546199    0.79147378    0.08357655   -0.79374429   -0.59282536   -0.13611797
   -0.06142475   -0.32370984    0.94416044   -0.95956924   -0.24118028   -0.14511700    0.27468868   -0.91490109   -0.29580757
    0.02349235   -0.57929248    0.81478115   -0.08105694   -0.81342651   -0.57599227    0.99643258   -0.05251225   -0.06606497
    0.00196513   -0.57993404    0.81466107    0.91980877   -0.31859504   -0.22901752    0.39236203    0.74978245    0.53280233
   -0.09129270   -0.73424649    0.67271668    0.56097552    0.52023281    0.64394432   -0.82278315    0.43616501    0.36440085
    0.02529123   -0.91566114    0.40115463   -0.46502360    0.34444777    0.81554202   -0.88493695   -0.20717243   -0.41709253
   -0.07688719   -0.95770583    0.27728669   -0.90235206   -0.05145266   -0.42791750    0.42408622   -0.28311159   -0.86023178
   -0.03260281   -0.99643080    0.07786347    0.05899523   -0.07968763   -0.99507258    0.99772572   -0.02784859    0.06138270
    0.16313808   -0.98266919   -0.08801836    0.95252172    0.18012068   -0.24547692    0.25707653   -0.04379277    0.96539829
   -0.06214990   -0.96794161   -0.24336480    0.37739140   -0.24852366    0.89208280   -0.92396597   -0.03640092    0.38073856
    0.03408589   -0.87993368   -0.47387222   -0.66850309   -0.37253632    0.64367718   -0.74292784    0.29484474   -0.60093661
    0.18335390   -0.77170087   -0.60898203   -0.82984807    0.21059732   -0.51672135    0.52700430    0.60010544   -0.60178063
    0.09356228   -0.66578158   -0.74025738    0.12239827    0.74557062   -0.65509015    0.98806111   -0.02931449    0.15124781
    0.09759675   -0.39550855   -0.91326221    0.97499244    0.22209362    0.00801103    0.19966128   -0.89120560    0.40729346
    0.31157401   -0.29271690   -0.90401242    0.46055184   -0.78563632    0.41311934   -0.83115200   -0.54506183   -0.10997255
    0.26964987   -0.18675541   -0.94467527   -0.65023034   -0.75890385   -0.03557320   -0.71027421    0.62384883   -0.32607236
    0.31753073    0.19763753   -0.92742312   -0.85054086    0.49176329   -0.18641112    0.41923081    0.84800252    0.32424875
    0.35710483    0.29900662   -0.88491309    0.19398487    0.90298310    0.38339456    0.91369908   -0.30857180    0.26445687
    0.38916117    0.47230909   -0.79087148    0.91972334   -0.15112799    0.36231106    0.05159999   -0.86838036   -0.49320684
    0.38629532    0.61475421   -0.68764321    0.25640021   -0.78769981   -0.56016777   -0.88602193    0.04007832   -0.46190786
    0.38883189    0.79536463   -0.46497834   -0.69599850   -0.07709439   -0.71389253   -0.60365210    0.60120841    0.52359583
    0.31510597    0.84072440   -0.44033024   -0.70032960    0.51910610    0.48996664    0.64050502    0.15398489    0.75235761
    0.39456211    0.84411134   -0.36303828    0.48131449    0.14669182    0.86418625    0.78272416   -0.51571074   -0.34840398
    0.38682702    0.92214846   -0.00265842    0.92201993   -0.38681874   -0.01582741   -0.01562355    0.00367135   -0.99987120
    0.56371790    0.82545113    0.02919870    0.05766274   -0.00406523   -0.99832784   -0.82395215    0.56445895   -0.04988942
    0.48212842    0.83545845    0.26374489   -0.83405158    0.52984089   -0.15370946   -0.26816070   -0.14586914    0.95226679
    0.79570353    0.47095575    0.38086293   -0.41406011   -0.03597031    0.90953854    0.44205216   -0.88142318    0.16638228
    0.47583964    0.57570687    0.66493476    0.43267198   -0.81142719    0.39291331    0.76574904    0.10073491   -0.63520146
    0.71426025    0.37349994    0.59188689    0.65982115   -0.07734746   -0.74743122   -0.23338457    0.92439989   -0.30168938
    0.68483000    0.16570762    0.70961177    0.06114718    0.95729904   -0.28255897   -0.72613284    0.23689562    0.64545455
    0.69151796    0.05229814    0.72046361   -0.69317943    0.32865589    0.64147298   -0.20323677   -0.94300064    0.26352345
    0.59363608   -0.10544140    0.79779591   -0.53281146   -0.79445682    0.29146235    0.60308221   -0.59809737   -0.52779862
    0.75500838   -0.21248726    0.62033178    0.42883199   -0.55567222   -0.71227208    0.49604988    0.80378949   -0.32841585
    0.66479242   -0.46588274    0.58395575    0.71404356    0.62600949   -0.31345479   -0.21952866    0.62535221    0.74882694
    0.75788826   -0.47762506    0.44438687   -0.03489943    0.65051530    0.75869089   -0.65145024   -0.59051177    0.47634907
    0.58217663   -0.60429989    0.54395957   -0.79332421   -0.27567228    0.54280889   -0.17806478   -0.74754695   -0.63989569
    0.57303417   -0.76362744    0.29749787   -0.41079911   -0.58175659   -0.70199954    0.70913746    0.28005786   -0.64706387
    0.63284774   -0.77081797    0.07309854    0.54850307    0.37967752   -0.74497608    0.54648708    0.51155120    0.66307408
    0.45192429   -0.87755129   -0.16021291    0.84404891    0.36252644    0.39516582   -0.28869686   -0.31381256    0.90453071
    0.64207412   -0.72197256   -0.25786906   -0.13973280   -0.44093655    0.88659444   -0.75380075   -0.53322658   -0.38399720
    0.79814080   -0.50645994   -0.32629678   -0.60071770   -0.71028355   -0.36692714   -0.04592934    0.48887178   -0.87114573
    0.91412082   -0.30086668   -0.27177631   -0.21151399    0.21799271   -0.95275443    0.34589732    0.92841716    0.13563416
    0.97048186   -0.14923187   -0.18945926    0.17904351    0.97211958    0.15141645    0.16158089   -0.18086837    0.97014342
    0.91777711   -0.12157523   -0.37802729    0.37749750   -0.02825959    0.92557930   -0.12321041   -0.99217985    0.01995835
    0.86022092   -0.16056220   -0.48398321   -0.16927570   -0.98522616    0.02598351   -0.48100489    0.05957504   -0.87469144
    0.96360579    0.15498116   -0.21781810   -0.20830995   -0.07535078   -0.97515600   -0.16754358    0.98503964   -0.04032433
    0.94430800    0.21016914   -0.25320215   -0.25549578    0.95319795   -0.16166498    0.20737478    0.21735362    0.95380978
    0.90435004    0.40819912    0.12459731   -0.23495529    0.23245186    0.94380196    0.35629625   -0.88280214    0.30612639
    0.96764296    0.24032074   -0.07689629    0.23732850   -0.76335283    0.60080582    0.08568710   -0.59961521   -0.79568795
