# Rotation matrices: 58 entries, row-major flattening of 3x3 -> 1x9
# https://github.com/Neurophysics-CFIN/GFO
# Col:  1    2    3    4    5    6    7    8    9
#       R11  R12  R13  R21  R22  R23  R31  R32  R33
# where Rij = R(i,j), i = row index, j = column index

   -0.93690271   -0.34198056   -0.07254384   -0.34949487    0.91141312    0.21720831   -0.00816362    0.22885675   -0.97342588
   -0.91603979   -0.39596081   -0.06392297   -0.09817926    0.37589032   -0.92144848    0.38888551   -0.83780756   -0.38320562
   -0.94153172   -0.10828508   -0.31904915    0.33385669   -0.42733964   -0.84019078   -0.04536222   -0.89758296    0.43850552
   -0.92129656   -0.01815324   -0.38843676   -0.00593737   -0.99813661    0.06072930   -0.38881538    0.05825599    0.91947204
   -0.83046228    0.34233853   -0.43947324   -0.55530933   -0.44596741    0.70195770    0.04431642    0.82699299    0.56046289
   -0.88056527    0.29275869   -0.37268908   -0.08747787    0.67247223    0.73493451    0.46578152    0.67975985   -0.56654578
   -0.49160226    0.76966974   -0.40735208    0.86270396    0.49416640   -0.10743111    0.11861323   -0.40423763   -0.90693045
   -0.20376766    0.96487784   -0.16579956    0.46419873   -0.05388570   -0.88409042   -0.86197348   -0.25711299   -0.43691491
   -0.36400758    0.92983015    0.05398498   -0.75043595   -0.25846080   -0.60831235   -0.55167416   -0.26194257    0.79185965
   -0.57924004    0.79919205    0.16053986   -0.61386240   -0.55723884    0.55915814    0.53633378    0.22533740    0.81336900
   -0.47994461    0.73489223    0.47915193    0.22745589   -0.42325549    0.87699407    0.84729982    0.52989451    0.03598363
   -0.51127151    0.75966906    0.40187605    0.85823061    0.47588995    0.19227317   -0.04518480    0.44320612   -0.89528022
   -0.44385653    0.54180717    0.71374812    0.49537349    0.81209147   -0.30840323   -0.74672384    0.21668512   -0.62884901
   -0.58669901    0.32132123    0.74332828   -0.69222102    0.27736373   -0.66625777   -0.42025508   -0.90544024    0.05969629
   -0.70794825    0.28800437    0.64487422   -0.51609911   -0.83427255   -0.19398717    0.48213171   -0.47015189    0.73926059
   -0.47239530    0.03506578    0.88068897    0.29539403   -0.93512116    0.19568033    0.83041258    0.35258873    0.43138862
   -0.59539138   -0.00862903    0.80338947    0.76674036    0.29264481    0.57137399   -0.24003816    0.95618228   -0.16762197
   -0.81889184   -0.31113475    0.48229795    0.08268599    0.76759745    0.63557626   -0.56796054    0.56034750   -0.60285280
   -0.50447780   -0.50699501    0.69889785   -0.80203959    0.57491787   -0.16187012   -0.31974152   -0.64220363   -0.69666338
   -0.75344487   -0.31778922    0.57561345   -0.55200425   -0.16990951   -0.81634678    0.35722841   -0.93281336   -0.04740355
   -0.37572473   -0.82823892    0.41575380    0.46059138   -0.55618322   -0.69174837    0.80416821   -0.06841435    0.59045150
   -0.13638030   -0.76358167    0.63114455    0.95812453    0.06025948    0.27993959   -0.25178919    0.64289332    0.72338813
    0.05035439   -0.94992091    0.30840672    0.16410812    0.31247085    0.93564443   -0.98515631    0.00349824    0.17162401
   -0.07385904   -0.97000459   -0.23159433   -0.89996365   -0.03522302    0.43453973   -0.42966298    0.24052117   -0.87036733
   -0.17034969   -0.96332603   -0.20732571   -0.63498390    0.26820730   -0.72447243    0.75350941    0.00823484   -0.65738554
   -0.13580786   -0.91903130   -0.37005093    0.36668486    0.30036053   -0.88052585    0.92037951   -0.25527440    0.29620355
    0.05520285   -0.82343822   -0.56471422    0.97866443   -0.06748222    0.19406720   -0.19791052   -0.56337879    0.80214448
   -0.05911847   -0.58863619   -0.80623349   -0.01646128   -0.80696142    0.59037470   -0.99811524    0.04817369    0.03801662
    0.05014332   -0.58310274   -0.81084946   -0.97184265   -0.21564241    0.09497480   -0.23023360    0.78325573   -0.57749714
    0.01342034   -0.36303914   -0.93167724   -0.53871166    0.78234560   -0.31261016    0.84238331    0.50610073   -0.18507407
    0.03613934   -0.07019794   -0.99687823    0.73099820    0.68203974   -0.02152720    0.68142173   -0.72793821    0.07596303
   -0.17109869   -0.12518288   -0.97726889    0.88109411   -0.46331945   -0.09491183   -0.44090635   -0.87730515    0.18957125
    0.17579835    0.18561927   -0.96676803   -0.02085445   -0.98113987   -0.19217086   -0.98420528    0.05394473   -0.16861179
    0.19032394    0.30967511   -0.93159977   -0.97598067    0.16215748   -0.14548774    0.10601194    0.93691316    0.33309937
   -0.16956660    0.54322191   -0.82228774   -0.63698675    0.57624999    0.51203889    0.75199405    0.61061109    0.24831241
    0.03976257    0.58476744   -0.81022588    0.62249810    0.61978678    0.47787076    0.78161055   -0.52336544   -0.33937231
    0.00510758    0.93400402   -0.35722598    0.88578409   -0.17000773   -0.43183783   -0.46406945   -0.31421944   -0.82819423
    0.54606988    0.59679157   -0.58791794   -0.32801810   -0.49343939   -0.80555676   -0.77085136    0.63273801   -0.07369395
    0.61887955    0.78536792    0.01361384   -0.75384838    0.59873268   -0.27061376   -0.22068241    0.15721455    0.96259174
    0.60563118    0.78754086   -0.11397486   -0.10290337    0.21953849    0.97016171    0.78906385   -0.57583179    0.21399996
    0.52175822    0.84800138   -0.09307002    0.67487444   -0.34355992    0.65307815    0.52183604   -0.40355947   -0.75154966
    0.73780912    0.57897967    0.34701620    0.53874598   -0.19536196   -0.81950380   -0.40668227    0.79159096   -0.45606281
    0.52411825    0.69010940    0.49904817   -0.26672073    0.68951268   -0.67337383   -0.80880165    0.21982102    0.54545266
    0.51608560    0.52245828    0.67874369   -0.84870842    0.41881027    0.32294267   -0.11554076   -0.74272155    0.65955669
    0.53927235    0.54948279    0.63816455   -0.08988447   -0.71591131    0.69238123    0.83732080   -0.43074314   -0.33668120
    0.56824366    0.18874584    0.80092081    0.59673896   -0.76470375   -0.24316821    0.56657017    0.61611945   -0.54717006
    0.74487745    0.04795956    0.66547537    0.38014737    0.78917548   -0.48237956   -0.54831156    0.61229236    0.56960732
    0.44476437   -0.11299082    0.88849183   -0.39644072    0.86470426    0.30841740   -0.80313101   -0.48940741    0.33979548
    0.48047248   -0.14474064    0.86498344   -0.83323627   -0.38304333    0.39874192    0.27361198   -0.91232009   -0.30464493
    0.39911472   -0.50487793    0.76537946   -0.05067997   -0.84561711   -0.53137863    0.91549931    0.17329162   -0.36308543
    0.48472196   -0.62430509    0.61260736    0.79693453    0.02658163   -0.60348054    0.36047188    0.78072823    0.51041499
    0.67963311   -0.65329236    0.33362843    0.44764082    0.72967060    0.51691249   -0.58113383   -0.20196514    0.78834862
    0.72947708   -0.68314201    0.03435373   -0.30430820   -0.27914849    0.91075389   -0.61258445   -0.67482821   -0.41151814
    0.91953078   -0.38035261   -0.09896991   -0.38873081   -0.91728420   -0.08647578   -0.05789225    0.11798980   -0.99132583
    0.92503914   -0.35157040   -0.14387790   -0.11161950    0.11047608   -0.98759107    0.36310285    0.92961997    0.06295258
    0.91697105   -0.22700533   -0.32807419    0.16256042    0.96357313   -0.21236979    0.36433255    0.14140507    0.92047075
    0.96055924   -0.04099502   -0.27503702    0.27779256    0.09686338    0.95574514   -0.01253978   -0.99445306    0.10443112
    0.92297611    0.30559016   -0.23394393    0.38026716   -0.81773754    0.43209051   -0.05926213   -0.48777041   -0.87095811
