# Rotation matrices: 16 entries, row-major flattening of 3x3 -> 1x9
# https://github.com/Neurophysics-CFIN/GFO
# Col:  1    2    3    4    5    6    7    8    9
#       R11  R12  R13  R21  R22  R23  R31  R32  R33
# where Rij = R(i,j), i = row index, j = column index

   -0.40616399    0.43408325    0.80411601   -0.13512243    0.84176583   -0.52265880   -0.90375480   -0.32093929   -0.28324058
   -0.85222808    0.14935349   -0.50139887    0.48948201    0.56597685   -0.66338343    0.18470152   -0.81077971   -0.55544721
    0.03103547    0.71020858   -0.70330688    0.96699619   -0.19936803   -0.15865294   -0.25289359   -0.67517121   -0.69295647
    0.49728201    0.39669971   -0.77158275   -0.70368685   -0.33577973   -0.62616036   -0.50747948    0.85433091    0.11217515
    0.85417747    0.25248340   -0.45456901   -0.28975329    0.95701423   -0.01291450    0.43176832    0.14274414    0.89061789
    0.88491680    0.46574066   -0.00280856   -0.37292781    0.71215716    0.59477478    0.27901094   -0.52527880    0.80388748
    0.39339480    0.70567493    0.58929061    0.77224369   -0.60144580    0.20470133    0.49887896    0.37454752   -0.78155866
   -0.49370674    0.70469122   -0.50957231   -0.17201254   -0.65352179   -0.73710308   -0.85244668   -0.27625993    0.44386384
    0.43359838    0.88500170   -0.16960079   -0.73043028    0.23497025   -0.64129602   -0.52769693    0.40194647    0.74831476
   -0.37018481    0.92853139    0.02815421   -0.92563884   -0.36613289   -0.09560049   -0.07845987   -0.06145048    0.99502155
   -0.73561617    0.53840820    0.41107842    0.21746204   -0.38703134    0.89605636    0.64154432    0.74854750    0.16762316
   -0.10710083    0.25605963    0.96070957    0.67679658    0.72661632   -0.11821640   -0.72833770    0.63754388   -0.25112149
    0.05465061    0.96812140    0.24444687    0.51759364    0.18188634   -0.83607068   -0.85387946    0.17221592   -0.49115328
    0.65837478    0.31953797    0.68149697   -0.75234292    0.30687311    0.58293141   -0.02286437   -0.89650676    0.44243965
    0.95003995   -0.31212503   -0.00143602    0.06045725    0.17950108    0.98189831   -0.30621727   -0.93292943    0.18940342
   -0.25671095    0.22019787   -0.94106981   -0.25098576   -0.95548343   -0.15510499   -0.93333040    0.19637797    0.30054958
