# Rotation matrices: 44 entries, row-major flattening of 3x3 -> 1x9
# https://github.com/Neurophysics-CFIN/GFO
# Col:  1    2    3    4    5    6    7    8    9
#       R11  R12  R13  R21  R22  R23  R31  R32  R33
# where Rij = R(i,j), i = row index, j = column index

   -0.99667381    0.04134935   -0.07022500    0.03439370    0.99463904    0.09752057    0.07388094    0.09478090   -0.99275283
   -0.78693125   -0.23196413   -0.57177955    0.44913494    0.42007026   -0.78855487    0.42310403   -0.87734464   -0.22638322
   -0.76966347   -0.03542475   -0.63746626    0.47689817   -0.69574095   -0.53713375   -0.42448355   -0.71741872    0.55238039
   -0.74811312    0.15451922   -0.64532982   -0.21122356   -0.97737766    0.01084017   -0.62905594    0.14441854    0.76382715
   -0.75511766    0.27294393   -0.59606957   -0.64962316   -0.18913715    0.73635378    0.08824439    0.94325434    0.32013150
   -0.38359858    0.61659734   -0.68750262   -0.16194630    0.68800399    0.70740647    0.90918949    0.38269862   -0.16406169
   -0.57290805    0.80318669   -0.16330188    0.81961351    0.56064638   -0.11793780   -0.00317147   -0.20141194   -0.97950149
   -0.76855971    0.62516499   -0.13595847    0.28372588    0.14258359   -0.94824551   -0.57342445   -0.76735823   -0.28695949
   -0.78917400    0.60410751    0.11071817   -0.47361021   -0.48381878   -0.73594345   -0.39102144   -0.63322469    0.66792868
   -0.81498731    0.49268821    0.30504756   -0.38408615   -0.85345213    0.35227446    0.43390496    0.16993467    0.88478737
   -0.74566934    0.61931453    0.24581851    0.13035567   -0.22620313    0.96531836    0.65344061    0.75185215    0.08794158
   -0.62507621    0.67506493    0.39187635    0.77322160    0.46681056    0.42920422    0.10680870    0.57129260   -0.81376696
   -0.69691510    0.44448295    0.56280036    0.12307000    0.84725231   -0.51673717   -0.70651477   -0.29085809   -0.64516544
   -0.29100357    0.55165932    0.78165780   -0.80702628    0.29725947   -0.51024052   -0.51383412   -0.77930020    0.35870000
   -0.03171024    0.22757047    0.97324516   -0.77781175   -0.61713641    0.11896018    0.62769685   -0.75322927    0.19657653
   -0.06419308   -0.01943011    0.99774832    0.46597039   -0.88470844    0.01275081    0.88246861    0.46573969    0.06584602
    0.13840590   -0.26588197    0.95401812    0.98019728    0.17452514   -0.09356426   -0.14162310    0.94807582    0.28477210
    0.36795658   -0.29625854    0.88138461    0.21834318    0.94891095    0.22780312   -0.90384413    0.10862266    0.41384406
    0.17045893   -0.39066793    0.90461169   -0.88017882    0.35234682    0.31802037   -0.44297741   -0.85042947   -0.28379698
    0.07464760   -0.69959467    0.71063003   -0.76316291   -0.49877330   -0.41086198    0.64188014   -0.51165662   -0.57113693
    0.01580310   -0.87511211    0.48366213    0.53171817   -0.40229955   -0.74527234    0.84677391    0.26894956    0.45895543
    0.10307742   -0.90150868    0.42030602    0.96782762    0.18841093    0.16676638   -0.22953159    0.38959393    0.89192591
    0.09054042   -0.98058472    0.17394265    0.28664528    0.19292825    0.93840992   -0.95374887   -0.03510419    0.29854778
    0.01534289   -0.99735893    0.07099127   -0.86602600    0.02223183    0.49950446   -0.49976350   -0.06914413   -0.86339767
   -0.05813918   -0.99094893   -0.12099610   -0.48084100    0.13401250   -0.86650596    0.87487814    0.00780194   -0.48428025
   -0.05424292   -0.93954573   -0.33809987    0.62972855    0.23058521   -0.74180349    0.77491913   -0.25314872    0.57915116
   -0.33498936   -0.61940676   -0.71001225    0.86472365   -0.50138557    0.02941976   -0.37421270   -0.60410908    0.70357450
   -0.18530017   -0.67771798   -0.71159130   -0.12545903   -0.70189054    0.70114885   -0.97464038    0.21919856    0.04503459
    0.00716100   -0.68002962   -0.73314967   -0.99323991   -0.08978300    0.07357639   -0.11585850    0.72766664   -0.67607550
    0.01573795   -0.50054830   -0.86556555   -0.19966284    0.84666453   -0.49324835    0.97973827    0.18058399   -0.08661613
    0.38159898   -0.15219025   -0.91171286    0.65402411    0.74145843    0.14997286    0.65317279   -0.65351168    0.38247587
    0.50856490    0.19380012   -0.83892982    0.81237021   -0.43088772    0.39292546   -0.28533556   -0.88134969   -0.37657182
    0.56141787    0.40408267   -0.72216839   -0.14109806   -0.81315609   -0.56468444   -0.81541481    0.41892049   -0.39950508
    0.85454155    0.20413493   -0.47758524   -0.51499807    0.45226144   -0.72817345    0.06734775    0.86820995    0.49160529
    0.71086865    0.37129735   -0.59733077   -0.24674682    0.92697320    0.28255386    0.65862111   -0.05346921    0.75057263
    0.80635952    0.28255673   -0.51956330    0.51836691    0.08530245    0.85089320    0.28474562   -0.95545025   -0.07768362
    0.68149282    0.62117229   -0.38692702    0.63839944   -0.76309465   -0.10066138   -0.35779000   -0.17841398   -0.91659957
    0.65047273    0.68485800   -0.32841247   -0.25605047   -0.20935148   -0.94372142   -0.71506879    0.69795522    0.03918079
    0.47687582    0.87890228    0.01096518   -0.85061765    0.46460024   -0.24616300   -0.22144765    0.10806200    0.96916642
    0.60578742    0.75335142    0.25589692   -0.43559503    0.04489391    0.89902253    0.66579168   -0.65608397    0.35535230
    0.69454563    0.67245070    0.25576633    0.49076056   -0.70277770    0.51503163    0.52608025   -0.23219294   -0.81812346
    0.81280210    0.42590550    0.39743837    0.57871979   -0.51235256   -0.63449055   -0.06660445    0.74572070   -0.66292118
    0.93401401    0.16091783    0.31894088    0.09683535    0.74532837   -0.65962757   -0.34386152    0.64698614    0.68056461
    0.99610356   -0.02637436   -0.08415521    0.08444708    0.56033880    0.82394728    0.02542435   -0.82784348    0.56038271
