# Rotation matrices: 7 entries, row-major flattening of 3x3 -> 1x9
# https://github.com/Neurophysics-CFIN/GFO
# Col:  1    2    3    4    5    6    7    8    9
#       R11  R12  R13  R21  R22  R23  R31  R32  R33
# where Rij = R(i,j), i = row index, j = column index

   -0.92807971    0.17365077    0.32941381    0.28367126    0.90277510    0.32330748   -0.24124400    0.39350035   -0.88710699
   -0.29432456   -0.67699823   -0.67457131    0.94288905   -0.09048896   -0.32058070    0.15599131   -0.73040067    0.66496735
   -0.26035414    0.15252628   -0.95338946    0.55499528   -0.78436377   -0.27704461   -0.79006073   -0.60125636    0.11956099
    0.20218400    0.73383633   -0.64854134   -0.40529438   -0.54015289   -0.73754412   -0.89154814    0.41196978    0.18820947
   -0.42555865    0.84569758   -0.32201777   -0.88007377   -0.30394776    0.36480943    0.21064187    0.43864720    0.87362385
    0.57263401    0.71873375    0.39435020    0.16119232   -0.57034599    0.80543311    0.80380802   -0.39765217   -0.44245387
    0.87618709   -0.22647575   -0.42544672    0.30170237   -0.43066007    0.85059249   -0.37586149   -0.87363645   -0.30901052
