# Rotation matrices: 12 entries, row-major flattening of 3x3 -> 1x9
# https://github.com/Neurophysics-CFIN/GFO
# Col:  1    2    3    4    5    6    7    8    9
#       R11  R12  R13  R21  R22  R23  R31  R32  R33
# where Rij = R(i,j), i = row index, j = column index

   -0.98534678    0.02503465    0.16871571    0.02600493    0.99965553    0.00354351   -0.16856889    0.00787903   -0.98565838
   -0.96389889    0.25798764   -0.06588863    0.15236388    0.33147220   -0.93108079   -0.21836709   -0.90750678   -0.35881368
   -0.20576475   -0.23005148   -0.95117674    0.81602276   -0.57683341   -0.03701451   -0.54015528   -0.78379815    0.30641923
   -0.32130880    0.24775348   -0.91399063   -0.53459252   -0.84412061   -0.04088065   -0.78164665    0.47547724    0.40367054
    0.19001305    0.49553110   -0.84755175   -0.90628405    0.42050926    0.04267540    0.37755035    0.76001375    0.52899418
   -0.21337951    0.73847585   -0.63962692    0.24958680    0.67418490    0.69511233    0.94455048   -0.01131971   -0.32817107
    0.20045996    0.97502475   -0.09561660    0.97472648   -0.18866620    0.11963840    0.09861078   -0.11718274   -0.98820247
   -0.06132739    0.99509543    0.07761470    0.47316234    0.09745277   -0.87556859   -0.87883807   -0.01697199   -0.47681820
   -0.02875554    0.81505183    0.57867403   -0.54847733    0.47111576   -0.69081297   -0.83567083   -0.33725429    0.43349026
   -0.09432948    0.54832297    0.83092952   -0.79850286   -0.54014011    0.26578532    0.59455456   -0.63842821    0.48878859
    0.93727085    0.34851166   -0.00793634    0.05464164   -0.12438971    0.99072776    0.34429297   -0.92901390   -0.13563009
    0.96986046   -0.01741693   -0.24303775   -0.15933984   -0.79994560   -0.57853077   -0.18434075    0.59981971   -0.77861082
