# Rotation matrices: 30 entries, row-major flattening of 3x3 -> 1x9
# https://github.com/Neurophysics-CFIN/GFO
# Col:  1    2    3    4    5    6    7    8    9
#       R11  R12  R13  R21  R22  R23  R31  R32  R33
# where Rij = R(i,j), i = row index, j = column index

   -0.91658987   -0.31678870   -0.24394247   -0.32947641    0.94408801    0.01196316    0.22651337    0.09133860   -0.96971591
   -0.84774353   -0.33591600   -0.41047697    0.31175181    0.31054192   -0.89798359    0.42911736   -0.88922672   -0.15853748
   -0.76026560   -0.28814246   -0.58221142    0.63420992   -0.52323610   -0.56921152   -0.14062003   -0.80199620    0.58054122
   -0.80232537   -0.04692555   -0.59503949   -0.00886548   -0.99585805    0.09048843   -0.59682109    0.07787647    0.79858615
   -0.77329871    0.33119094   -0.54066780   -0.61897050   -0.20951004    0.75695513    0.13742135    0.92000984    0.36701126
   -0.78139700    0.45544300   -0.42660334   -0.03179055    0.65368130    0.75610192    0.62322395    0.60437773   -0.49630582
   -0.67842709    0.63695207   -0.36609935    0.70408196    0.70599250   -0.07644071    0.20977433   -0.30962340   -0.92743090
   -0.55995620    0.80631814   -0.19052589    0.45192396    0.10450986   -0.88591333   -0.69441615   -0.58217588   -0.42291543
    0.56170092    0.82662414   -0.03441814   -0.65860370    0.42157630   -0.62330939   -0.50073271    0.37278137    0.78121751
    0.46271346    0.88345518    0.07350644   -0.71075252    0.32014365    0.62636962    0.52983686   -0.34207454    0.77605277
    0.10104824    0.94025036    0.32514383    0.15507514   -0.33770777    0.92838847    0.98272120   -0.04339029   -0.17993423
   -0.11644209    0.87329280    0.47307602    0.99269841    0.08723505    0.08330615    0.03148185    0.47932215   -0.87707421
    0.26064941    0.68575234    0.67956281    0.37423325    0.57709286   -0.72588795   -0.88995020    0.44351727   -0.10621241
   -0.04024790    0.49876090    0.86580464   -0.78237638    0.52324322   -0.33779244   -0.62150407   -0.69098053    0.36915930
    0.01156237    0.34004076    0.94033961   -0.76249851   -0.60537617    0.22828866    0.64688664   -0.71964712    0.25228099
    0.04515295    0.12637325    0.99095460    0.37697304   -0.92078321    0.10024770    0.92512299    0.36903669   -0.08921539
   -0.00409567   -0.08422996    0.99643793    0.99925901   -0.03847988    0.00085452    0.03827084    0.99570307    0.08432515
   -0.18312643   -0.39416239    0.90061131    0.24813956    0.86790801    0.43030506   -0.95125783    0.30227753   -0.06112962
   -0.06154379   -0.53165381    0.84472279   -0.84990756    0.47166036    0.23493328   -0.52332543   -0.70347760   -0.48088436
    0.11831257   -0.56284043    0.81805427   -0.68214801   -0.64474075   -0.34493980    0.72157898   -0.51722338   -0.46022141
   -0.41689531   -0.81051727    0.41141228    0.53672905   -0.58479857   -0.60822082    0.73356678   -0.03274748    0.67882794
   -0.31883160   -0.84975441    0.41983789    0.92740248   -0.18826478    0.32323523   -0.19562987    0.49241631    0.84808911
    0.20708497   -0.94326105    0.25956580    0.16063292    0.29449944    0.94205475   -0.96504553   -0.15339057    0.21250519
    0.52373747   -0.81078942   -0.26138013   -0.82162259   -0.56181833    0.09641828   -0.22502307    0.16425795   -0.96040822
    0.64805906   -0.66404206   -0.37291769   -0.59589437   -0.13719136   -0.79125750    0.47426718    0.73500114   -0.48460703
    0.79084450   -0.30221612   -0.53219395    0.07043807    0.90874096   -0.41137373    0.60795021    0.28784594    0.73996031
    0.87182352    0.04000111   -0.48818405    0.44334689    0.35928992    0.82119078    0.20824815   -0.93236831    0.29550303
    0.79259285   -0.20078406   -0.57574503    0.16259239   -0.84044672    0.51692652   -0.58767362   -0.50332403   -0.63348610
    0.85530771    0.17725401   -0.48685699   -0.16962673   -0.79207824   -0.58637772   -0.48956663    0.58411735   -0.64740361
    0.89590309    0.27178569   -0.35141172   -0.41852032    0.25106578   -0.87281540   -0.14899127    0.92903096    0.33867844
